[MainInfo]
FrameTime=0.033333
RulerStart=0.000000
RulerEnd=525.000000
CameraX=1389.499878
CameraY=316.509552
CameraZ=625.331726
CameraRX=0.238527
CameraRY=3.360597
CameraRZ=0.000000
CaptureAngleX=0.000000
CaptureAngleY=0.000000
CaptureAngleZ=0.000000
CapturePosX=0.000000
CapturePosY=0.000000
CapturePosZ=0.000000
CanBreak=0
ShowPlayer=0
ShowNpc=0
ShowWeapon=0
Player=npc_1

[npc_1]
WorldType=objects
ObjectType=Actor
Name=C1A0D7596F744083836EA688AB3BBA7D
VisualType=Actor
PositionX=1392.255859
PositionY=323.638977
PositionZ=624.922974
AngleX=0.000000
AngleY=-0.404999
AngleZ=0.000000
ScaleX=0.999999
ScaleY=1.000000
ScaleZ=0.999999
VisualConfig=ini\npc\b_banlvxinmo02.ini
Path=npc_1.xml

[npc_2]
WorldType=objects
ObjectType=Actor
Name=E080FA5F321344C9BB12A458C039B183
VisualType=Actor
PositionX=1389.382935
PositionY=315.962799
PositionZ=623.400146
AngleX=-0.000000
AngleY=2.164972
AngleZ=0.000000
ScaleX=0.999783
ScaleY=0.999979
ScaleZ=0.999782
VisualConfig=ini\npc\worldnpc1690.ini
Path=npc_2.xml

[npc_3]
WorldType=objects
ObjectType=Actor
Name=4C9701B418BC44C4A8618A66E2AC6F09
VisualType=Actor
PositionX=1390.799683
PositionY=319.608582
PositionZ=609.464966
AngleX=-1.450881
AngleY=-0.011499
AngleZ=2.578468
ScaleX=1.308845
ScaleY=1.309264
ScaleZ=2.702501
VisualConfig=ini\npc\npcitem838.ini
Path=npc_3.xml

[camera_1]
WorldType=objects
ObjectType=camera
Name=50C57CBBA47F482CA7130FA4A8AFBE2B
VisualType=CameraWrapper
PositionX=1389.499878
PositionY=316.509552
PositionZ=625.331726
AngleX=0.238527
AngleY=3.360597
AngleZ=0.000000
ScaleX=1.000000
ScaleY=1.000000
ScaleZ=1.000000
VisualConfig=mdl\camera\camera01\camera.xmod
CameraType=free
Fovx=1.655873
Path=camera_1.xml

[camera_2]
WorldType=objects
ObjectType=camera
Name=2CB517782A6D4AB7A8641399410019B0
VisualType=CameraWrapper
PositionX=1390.766846
PositionY=321.898560
PositionZ=629.253845
AngleX=-0.526509
AngleY=-3.073122
AngleZ=0.000000
ScaleX=1.000000
ScaleY=0.999990
ScaleZ=0.999999
VisualConfig=mdl\camera\camera01\camera.xmod
CameraType=free
Fovx=1.655873
Path=camera_2.xml

[camera_3]
WorldType=objects
ObjectType=camera
Name=B29C0379345341E58D23A5CB32C124B7
VisualType=CameraWrapper
PositionX=1388.547363
PositionY=316.844696
PositionZ=627.262878
AngleX=-0.552689
AngleY=2.742096
AngleZ=0.000000
ScaleX=0.999945
ScaleY=0.999930
ScaleZ=0.999927
VisualConfig=mdl\camera\camera01\camera.xmod
CameraType=free
Fovx=1.655873
Path=camera_3.xml

[custom]
WorldType=global
ObjectType=custom
Name=
VisualType=
Path=custom.xml

[object_hsi]
WorldType=global
ObjectType=ppfilter_hsi
Name=
VisualType=
Path=object_hsi.xml

