[system]
esc_key=0
enternpc=
gutname=eternalnight_05_01
taskname=eternalnight_05_01.ini
info=
teamtype=0
refertype=0
show_all_npc=0
wait_terrain=1
show_head_to_chat=0
recover_camera=1
hide_weapon=1

[xiaoer]
resource=npc\worldnpc008
movetype=0
pathtype=2
base_angle_y=0.0
enter_time=0.0
alpha_in=0
alpha_out=0
show_name=0
name=

[scenario_camera]
pathtype=2
angletype=4
modetype=3
is_offset_angle=0
offset_angle_y=0.0
time_action0=20,3,0,1476.326782,212.877884,1112.35376,-0.036201,-0.000996,0,1481.187988,212.877884,1112.358398,-0.036201,-0.000996,0,
time_action1=33,2,0,1490.54,212.31,1118.53,0.02,-1.70,0.00,1490.35,212.31,1115.67,0.00,-1.40,0.00,player
time_action1_ctrl1=1490.575806,212.310043,1117.589355
time_action1_ctrl2=1490.515015,212.310043,1116.646362
time_action2=20,3,0,1480.64,217.40,1107.84,0.41,0.69,0.00,1484.95,214.48,1113.11,0.41,0.69,0.00,
time_action3=33,5,0,1485.78,212.69,1114.63,-0.05,0.65,0.00,1490.19,212.69,1116.78,-0.03,4.73,0.00,player
time_action3_ctrl1=1484.31,212.69,1117.76
time_action3_ctrl2=1488.06,212.69,1119.77
time_action4=20,5,0,1490.81,213.49,1107.99,0.28,5.89,0.00,1490.81,213.49,1107.99,0.28,5.89,0.00,
time_action5=20,2,0,1490.231201,213.048172,1119.979492,-0.01,3.12,0,1490.30,213.08,1116.80,-0.01,3.12,0.00,

[player]
resource=player
movetype=0
pathtype=2
base_angle_y=0.0
enter_time=0
alpha_in=0
alpha_out=0
size_x=100
size_y=100
size_z=100
show_name=0
name=
time_action0=stop,1476.22,211.39,1115.56,-0.00,1.56,0.00,stand,0.1,true,,,,0,1.00,
time_action1=moveto,1480.32,211.39,1115.69,walk,2.9,true,,,,0,1.00,1,,0,-0.00,0.83,0.00
time_action2=moveto,1483.02,211.39,1118.17,walk,2,true,,,,0,1.00,0,,0,-0.00,0.83,0.00
time_action3=moveto,1486.86,211.39,1117.15,walk,3,true,,,,0,1.00,0,,0,-0.00,1.71,0.00
time_action4=stop,1486.79,211.39,1117.14,0,1.65,0,logoin_stand,5,true,,,,0,1.00,
time_action5=moveto,1489.66,211.39,1111.43,walk,5,true,,,,0,1.00,0,,0,0,0,0
time_action6=stop,1490.58,211.39.91,0,-0.18,0,stand,0.2,true,,,,1,1.00,
time_action7=stop,1490.58,212,1109.91,0,-0.18,0,sitdownchair,0.3,true,,,,1,1.00,
time_action8=stop,1490.58,212,1109.91,0,-0.18,0,sitdownfree02,1.5,true,,,,1,1.00,

[fade_section]
time_action0=0,1.0,0
time_action1=19,1.0,1

[movie_talk_id]
r0=8,movie_10027_1,0,
r1=13,movie_10027_2,0,

