[system]
esc_key=0
enternpc=
gutname=eternalnithy_05_03
taskname=eternalnithy_05_03.ini
info=
teamtype=0
refertype=0
show_all_npc=0
wait_terrain=1
show_head_to_chat=0
recover_camera=1
hide_weapon=1

[scenario_camera]
pathtype=2
angletype=4
modetype=3
time_action0=36,4,0,1489.488525,212.441055,1115.902222,-0.225693,-1.199065,0,1489.488525,212.441055,1115.902222,0.161188,-1.189248,0,
time_action0_ctrl1=1489.488525,212.441055,1115.902222
time_action0_ctrl2=1489.488525,212.441055,1115.902222
is_offset_angle=0
offset_angle_y=0.0
time_action1=20,7,0,1486.056641,221.017883,1114.36792,1.444918,-5.919414,0,1486.056641,221.017883,1114.36792,1.444918,-5.919414,0,
time_action2=20,3,0,1488.07,212.49,1116.54,0.44,0.99,0.00,1488.07,212.49,1116.54,0.44,0.99,0.00,
time_action3=33,4,0,1491.543823,216.037964,1121.321533,0.608364,3.691637,0,1488.702515,212.660553,1116.958008,0.396015,3.725998,0,player
time_action3_ctrl1=1490.563354,214.254868,1119.743164
time_action3_ctrl2=1489.589844,213.285004,1118.284424
time_action4=20,2,0,1489.906616,213.020004,1110.409668,0.06,-0.24,0,1489.267944,212.860001,1112.947632,0.06,-0.24,0,
time_action5=20,6,0,1489.178711,212.86409,1113.297852,0.03382,2.861636,0,1489.797852,212.764313,1111.171997,0.109451,2.86,0,
time_action6=36,4,0,1489.797852,212.764313,1111.171997,0.109451,2.86,0,1490.817139,212.751114,1109.284912,0.670867,2.483661,0,
time_action6_ctrl1=1491.207764,212.636261,1110.366455
time_action6_ctrl2=1489.687988,212.636261,1109.69751
time_action7=20,0.5,0,1490.817139,212.751114,1109.284912,0.670867,2.483661,0,1490.979004,212.544662,1109.081299,0.903578,2.424755,0,

[player]
resource=player
movetype=0
pathtype=2
base_angle_y=0.0
enter_time=0
alpha_in=0
alpha_out=0
size_x=100
size_y=100
size_z=100
show_name=0
name=
time_action0=stop,1483.03,211.39,1118.41,-0.00,2.09,0.00,logoin_stand,4,true,,,,0,1.00,
time_action1=stop,1483.03,211.39,1118.41,-0.00,2.76,0.00,stand,0.1,true,,,,0,1.00,
time_action2=moveto,1485.17,211.39,1115.35,walk,2.9,true,,,,0,1.00,0,,0,-0.00,2.71,0.00
time_action3=moveto,1488.29,211.4,1115.82,walk,3,true,,,,0,1.00,0,,0,0,0,0
time_action4=stop,1488.29,211.40,1115.82,-0.00,1.14,0.00,stand,1.0,true,,,,0,1.00,
time_action5=hide,0,0,0,0,2.5,
time_action6=stop,1488.28,211.4,1115.89,0,0.28,0,drink6,4.5,true,,,effect_npcitem006|Bip01 R Finger2Nub|4.5|,0,1.00,
time_action7=stop,1488.71,211.4,1115.37,0,2.91,0,stand,0.1,true,,,,0,1.00,
time_action8=moveto,1489.09,211.39,1113.74,walk,1.9,true,,,,0,1.00,0,,0,-0.00,0.00,0.00
time_action9=stop,1488.84,211.39,1114.29,0,2.91,0,stand,10.5,true,,,,0,1.00,

[fade_section]
time_action0=0,1.0,0
time_action1=22,0.3,1
time_action2=22.3,0.3,0
time_action3=24,0.3,1
time_action4=24.3,0.3,0
time_action5=25.5,0.5,1
time_action6=26,0.5,0
time_action7=27.5,0.5,1
time_action8=28,0.5,0
time_action9=29.5,1,1

[movie_talk_id]
r0=4,movie_10029_1,0,
r1=11,movie_10029_2,0,
r2=22,movie_10029_3,0,

