[system]
esc_key=0
enternpc=
gutname=eternalnithy_05_02
taskname=eternalnithy_05_02.ini
info=
teamtype=0
refertype=0
show_all_npc=0
wait_terrain=1
show_head_to_chat=0
recover_camera=1
hide_weapon=1

[zhuren]
resource=npc\boss035_02
movetype=0
pathtype=2
base_angle_y=0.0
enter_time=13
alpha_in=0
alpha_out=0
show_name=0
name=
size_x=100
size_y=100
size_z=100
time_action0=stop,1477.3,211.39,1114.98,0,1.29,0,stand,2,true,,,,0,1.00,
time_action1=stop,1477.3,211.39,1114.98,0,1.29,0,ty_talk,16,true,,,,0,1.00,

[scenario_camera]
pathtype=2
angletype=4
modetype=3
time_action0=20,2,0,1490.833374,212.427002,1120.696777,0.064628,9.851337,0,1489.797852,212.403625,1118.429565,0.012909,9.873089,0,
is_offset_angle=0
offset_angle_y=0.0
time_action1=36,3,0,1489.480469,212.236176,1117.758911,-0.039451,9.828908,0,1487.284546,212.254776,1116.509644,-0.027815,8.012696,0,
time_action1_ctrl1=1488.593506,212.243256,1117.783081
time_action1_ctrl2=1487.750732,212.254776,1117.496338
time_action2=20,2,0,1484.97,213.39,1115.20,0.12,1.55,0.00,1488.49,212.96,1115.29,0.12,1.55,0.00,
time_action3=20,3,0,1488.48999,212.960007,1115.290039,0.12,1.55,0,1488.48999,212.960007,1115.290039,0.12,1.55,0,
time_action4=20,2,0,1492.01,212.99,1114.63,0.16,-0.50,0.00,1492.01,212.99,1114.63,0.16,-0.50,0.00,
time_action5=36,1,0,1492.01001,212.990005,1114.630005,0.16,-0.5,0,1492.01001,212.990005,1114.630005,0.16,-1.242856,0,
time_action5_ctrl1=1492.01001,212.990005,1114.630005
time_action5_ctrl2=1492.01001,212.990005,1114.630005
time_action6=20,2,0,1475.65,220.90,1112.79,1.12,0.91,0.00,1475.65,220.90,1112.79,1.12,0.91,0.00,
time_action7=20,7,0,1479.30,212.99,1115.83,0.08,-1.81,0.00,1479.30,212.99,1115.83,0.08,-1.81,0.00,
time_action8=36,9,0,1474.02,213.58,1120.04,0.14,2.34,0.00,1474.25,213.58,1109.73,0.07,0.63,0.00,
time_action8_ctrl1=1472.11,213.58,1116.83
time_action8_ctrl2=1471.94,213.58,1113.67

[player]
resource=player
movetype=0
pathtype=2
base_angle_y=0.0
enter_time=0
alpha_in=0
alpha_out=0
size_x=100
size_y=100
size_z=100
show_name=0
name=
time_action0=stop,1488.74,211.34,1116.38,0,-0.13,0,interact417,5,true,,,,1,1.00,
time_action1=stop,1489.13,211.40,1115.49,-0.00,1.58,0.00,stand,0.1,true,,,,0,1.00,
time_action2=moveto,1491.59,211.39,1115.47,walk,1.9,true,,,,0,1.00,0,,0,-0.00,1.58,0.00
time_action3=stop,1491.59,211.39,1115.47,0,1.58,0,interact384,5,true,,,,0,1.00,
time_action4=stop,1491.59,211.39,1115.47,0,1.58,0,stand,1.0,true,,,,0,1.00,
time_action5=stop,1481.69,211.39,1116.91,0.00,-2.00,0.00,stand,0.1,true,,,,0,1.00,
time_action6=moveto,1479.43,211.39,1115.91,walk,1.9,true,,,,0,1.00,0,,0,0.00,-1.99,0.00
time_action7=stop,1479.43,211.39,1115.91,0,-1.97,0,stand,16,true,,,,0,1.00,

[fade_section]
time_action0=0,1.0,0
time_action1=12.,1.0,1
time_action2=13.,1.0,0
time_action3=30,1.0,1

[movie_talk_id]
r0=0,movie_10028_1,0,
r1=5,movie_10028_2,0,
r2=10,movie_10028_3,0,
r3=13,movie_10028_4,0,
r4=16,movie_10028_5,0,
r5=22,movie_10028_6,0,

