[ppvolumelighting]
ppvolumelightingEnable=false
SunColor=255, 44,88,107
SunRadius=0.000000
SunLevel=1.000000
SunShineRadius=2.000000
SunShineUp=0.551000
SampleBias=0.025000
SampleDistance=1.850000

