[pphdr]
BloomEnable=true
MaxBrightness=0.150000
GlowWeight=0.300000
Dither=0.005000
Gamma=1.500000
HDREnable=true
HDRExposure=3.000000
HDRGaussianScale=15.000000
HDRExposureAdd=0.400000

