[MainInfo]
FrameTime=0.033333
RulerStart=0.000000
RulerEnd=132.000000
CameraX=0.065799
CameraY=13.227309
CameraZ=-12.977607
CameraRX=0.151262
CameraRY=0.080176
CameraRZ=0.000000
CaptureAngleX=0.000000
CaptureAngleY=0.000000
CaptureAngleZ=0.000000
CapturePosX=0.000000
CapturePosY=0.000000
CapturePosZ=0.000000
CanBreak=1
ShowPlayer=0
ShowNpc=0
ShowWeapon=0
Player=

[npc_1]
WorldType=objects
ObjectType=action_obj
Name=CE36E3DAC8AC4A5A84E7DD6A0F6D0840
VisualType=Actor
PositionX=0.000000
PositionY=10.000000
PositionZ=0.000000
AngleX=-0.000000
AngleY=0.000000
AngleZ=0.000000
ScaleX=1.000000
ScaleY=1.000000
ScaleZ=1.000000
VisualConfig=ini\npc\b_huashan02.ini
Path=npc_1.xml

[camera_1]
WorldType=objects
ObjectType=camera
Name=EAC7073AB3B6467B9083CB888A9C019A
VisualType=CameraWrapper
PositionX=0.065799
PositionY=13.227309
PositionZ=-12.977607
AngleX=0.151262
AngleY=0.080176
AngleZ=0.000000
ScaleX=1.000000
ScaleY=1.000000
ScaleZ=1.000000
VisualConfig=mdl\camera\camera01\camera.xmod
CameraType=free
Fovx=1.552446
Path=camera_1.xml

[light_move_1140_02lx_1]
WorldType=objects
ObjectType=EffectModel
Name=C800B2A434DE4B25AB08A63DE94A2C58
VisualType=EffectModel
PositionX=0.000000
PositionY=10.000000
PositionZ=0.000000
AngleX=-0.000000
AngleY=-3.140185
AngleZ=0.000000
ScaleX=0.999871
ScaleY=1.000000
ScaleZ=0.999871
EffectConfig=ini\effect\model.ini
EffectName=light_move_1140_02lx
Path=light_move_1140_02lx_1.xml

