[ppfilter]
GammaEnable=false
GradualEnable=true
GradualStart=0.100000
GradualEnd=0.850000
GradualExp=1.000000
GradualColor=255,252,223,151
HSIEnable=true
AdjustBaseColor=255,232,232,255
AdjustBrightness=54.000000
AdjustContrast=2.000000
AdjustSaturation=55.000000
AngleEnable=true
AngleStart=0.400000
AngleEnd=1.000000
AngleExp=0.700000
AngleColor=255,8,8,12

