[system]
hide_weapon=1
esc_key=1
enternpc=MRA3527[hewt]@115.557 154.980 721.507
gutname=3527KHDsufeishiqin
taskname=movie_adv009_3527.ini
info=
teamtype=0
refertype=2
show_all_npc=0
wait_terrain=1
show_head_to_chat=0
recover_camera=1
music=life_qin_020

[sufei]
resource=npc\worldnpc783
movetype=0
pathtype=2
base_angle_y=0.0
enter_time=0
alpha_in=0
alpha_out=0
size_x=100
size_y=100
size_z=100
show_name=0
name=
time_action0=stop,1.9,0,-0.8,0,3.14,0,ty_kv3_3,8,true,,,,0,0.80,
time_action1=stop,3.36,-0.00,-0.93,-0.00,-2.34,0.00,stand,0.5,true,,,,0,1.00,
time_action2=moveto,2.18,-0.00,-1.94,h_walk4_1,2,true,,,,0,1.00,0,,0,-0.00,-2.27,0.00
time_action3=stop,2.18,-0.00,-1.94,-0.00,-2.27,0.00,ty_wudao_03,2.5,true,,,,0,1.00,

[sufei222]
resource=npc\worldnpc783
movetype=0
pathtype=2
base_angle_y=0.0
enter_time=13
alpha_in=0
alpha_out=0
size_x=100
size_y=100
size_z=100
show_name=0
name=
time_action0=stop,2.02,-0.04,-2.44,0.00,-0.25,0.00,stand,1.0,true,,,,1,1.00,
time_action1=moveto,2.19,0.14,-2.34,ty_daoshi_bow,4,true,,,,1,0.28,1,,0,-0.00,0.00,0.00

[sufei333]
resource=npc\worldnpc783
movetype=0
pathtype=2
base_angle_y=0.0
enter_time=18
alpha_in=0
alpha_out=0
size_x=100
size_y=100
size_z=100
show_name=0
name=
time_action0=stop,0.33,0,5,0,-3.12,0,ty_stand,2,true,,,,0,0.30,
time_action1=stop,0.33,0,5,0,-3.12,0,ty_interact095,2,true,,,,0,0.35,

[scenario_camera]
pathtype=2
angletype=4
modetype=3
time_action0=20,5,0,1.862304,1.334636,-1.946941,-0.017021,6.284842,0,1.846488,1.43008,-1.400677,-0.031565,6.173584,0,
is_offset_angle=0
offset_angle_y=0.0
time_action1=20,3,0,1.023978,1.33459,-0.186871,-0.014112,9.041893,0,1.556144,1.398006,-1.452068,-0.049019,9.030436,0,
time_action2=20,5,0,3.392066,0.471355,-1.87138,-0.005386,10.894097,0,3.392066,0.471355,-1.87138,-0.005386,10.894097,0,
time_action3=20,5,0,1.24707,1.360759,-1.382183,-0.086834,3.256141,0,2.212875,1.527996,-1.741253,-0.034474,3.598119,0,
time_action5_vibrate=0,0.02,1.5,3,1
time_action4=20,4,0,0.937797,1.340084,5.119282,-0.016257,5.779253,0,0.788108,1.349269,4.296345,-0.132612,5.658171,0,
time_action5=20,3,0,0.973762,1.321376,4.090839,0.07383,3.066332,0,0.9234,1.39439,4.964924,0.036015,3.100693,0,
time_action6=20,5,0,1.266898,1.727443,5.959125,0.181459,1.30082,0,2.850089,1.425991,6.397236,0.181459,1.30082,0,

[player]
resource=player
movetype=0
pathtype=2
base_angle_y=0.0
enter_time=0
alpha_in=0
alpha_out=0
size_x=100
size_y=100
size_z=100
show_name=0
name=
time_action0=stop,1.93,0,-2.16,0,-0.04,0,logoin_stand_2,5,true,,,,0,1.00,
time_action1=stop,1.93,0,-2.16,0,-0.04,0,offact290,5,true,,,,0,1.00,
time_action2=stop,1.93,0,-2.16,0,-0.04,0,logoin_stand_2,3,true,,,,0,1.00,
time_action3=stop,1.93,0,-2.16,0,-0.04,0,interact132,6,true,,,,0,0.50,
time_action4=stop,1.09,0,2.77,0,-0.13,0,stand,2.9,true,,,,0,1.00,
time_action5=moveto,0.98,0,4.23,interact357,3.2,true,,,,0,1.00,0,,0,0,0,0
time_action6=stop,0.98,0,4.23,0,-0.13,0,stand,4.9,true,,,,0,1.00,

[fade_section]
time_action0=0,2,0
time_action1=28,2,1
time_action2=30,1.0,2

[movie_talk_id]
r0=1,movie_3527_1,2,
r1=7, ,2,
r2=13,movie_3527_2,2,
r3=16,movie_3527_3,2,

