[system]
esc_key=1
hide_weapon=1
enternpc=erengu[gxkuihua]@801 10 1171
gutname=5129huidaozigong
taskname=movie_born02_5129.ini
info=
teamtype=0
refertype=2
show_all_npc=0
wait_terrain=1
show_head_to_chat=0
restore_pos=1

[player]
resource=player
movetype=0
pathtype=2
base_angle_y=0.0
enter_time=0
alpha_in=0
alpha_out=0
size_x=100
size_y=100
size_z=100
time_action0=stop,1.49,-21.58,-0.7,0,-1.03,0,stand,1,true,,,effect_thorn_00011_default|Tpose_handR_01|15|1,0,1.00,
time_action1=stop,1.49,-21.58,-0.7,0,-1.03,0,xl_zf_fail_01,3,true,,,,0,0.32,
time_action2=stop,1.49,-21.58,-0.7,0,-1.03,0,logoin_stand_2,2,true,,,,0,1.00,
time_action3=stop,1.49,-21.58,-0.7,0,-1.03,0,interact005,2,true,,,,0,0.72,
time_action4=stop,1.49,-21.58,-0.7,0,-1.03,0,stand,1,true,,,,0,1.00,
time_action5=stop,1.49,-21.58,-0.7,0,-1.03,0,xl_ng_fail_02,3,true,,,,0,0.63,

[scenario_camera]
pathtype=2
angletype=4
modetype=3
time_action0=20,4,0,12.249329,-18.555009,-8.871948,0.133753,5.37544,0,9.125061,-19.088426,-6.432007,0.133753,5.37544,0,
time_action1=20,2,0,18.412842,-24.05275,8.237183,-0.525514,-0.484552,0,18.412842,-24.05275,8.237183,-0.525514,-0.484552,0,
time_action2=20,1,0,18.388184,-18.44856,-2.792236,0.077903,4.794246,0,18.388184,-18.44856,-2.792236,0.077903,4.794246,0,
time_action3=20,5,0,13.068481,-18.515612,-11.845459,0.16517,5.501108,0,12.24469,-19.029719,-4.397217,0.16866,5.016124,0,

[scene_param_section]
r0=0,born02\5129kuihuazigong.eff,1

[fade_section]
time_action0=0,1.0,2
time_action1=1,1.0,0
time_action2=5.5,0.5,1
time_action3=6.,3,2
time_action4=11.,1.0,1
time_action5=12.,1.0,2

[movie_talk_id]
r0=1,movie_5129_1,2,
r1=5, ,2,
r2=6,movie_5129_2,2,
r3=8, ,2,

[daomo]
resource=npc\monster126
movetype=0
pathtype=2
base_angle_y=0.0
enter_time=0
alpha_in=0
alpha_out=0
size_x=100
size_y=100
size_z=100
time_action0=stop,18.7,-25.43,8.81,0,0.95,0,stand,3.8,true,,,,0,1.00,
time_action1=stop,18.7,-25.43,8.81,0,0.95,0,dc_buff1_1,2.2,true,,,effect_thorn_00011_default|monster126_handR_01|20|1,0,0.63,

[xue]
resource=npc\itemnpc162
movetype=0
pathtype=2
base_angle_y=0.0
enter_time=0
alpha_in=0
alpha_out=0
size_x=100
size_y=100
size_z=100
time_action0=stop,1.40,-21.79,-0.58,0.00,-1.06,0.00,stand,7,true,,,,1,1.00,
time_action1=stop,1.65,-21.56,-0.57,0.00,-1.06,0.00,stand,5,true,,,,1,1.00,

