[system]
enternpc=FunnpcClone007005[ctm]@386 24 948
gutname=yanyuzhuangyingdao
taskname=movie_xinshou02_5025.ini
info=
teamtype=0
refertype=2
show_all_npc=0
wait_terrain=1
esc_key=1
hide_weapon=1

[miaoying]
resource=npc\funcnpc010
movetype=0
pathtype=2
base_angle_y=0.0
enter_time=0
alpha_in=0
alpha_out=0
time_action0=stop,1.67,1.41,-13.48,0,-0.08,0,stand,9,true,,,,0,1.00,

[shishan]
resource=npc\worldnpc160
movetype=0
pathtype=2
base_angle_y=0.0
enter_time=0
alpha_in=0
alpha_out=0
time_action0=stop,0.37,1.41,-15.53,0.00,-0.04,0.00,stand,4,true,,,,0,1.00,
time_action1=stop,0.37,1.41,-15.53,0,-0.04,0,ty_wave,2,true,,,,0,1.00,
time_action2=stop,0.37,1.41,-15.53,0,-0.04,0,stand,3,true,,,,0,1.00,

[scenario_camera]
pathtype=2
angletype=4
modetype=3
time_action0=20,2,0,1.662292,3.967438,-8.333923,0.266863,3.150422,0,1.662292,3.967438,-8.333923,0.266863,3.150422,0,
time_action1=20,2,2,1.662292,3.967438,-8.333923,0.266863,3.150422,0,0.297211,2.941174,-13.607971,0.03648,3.113334,0,
time_action2=20,2,0,0.297211,2.941174,-13.607971,0.03648,3.113334,0,0.297211,2.941174,-13.607971,0.03648,3.113334,0,
time_action3=20,3,0,-2.409302,3.230156,-17.132629,0.207522,0.881494,0,-2.409302,3.230156,-17.132629,0.207522,0.881494,0,

[fade_section]
time_action0=0,1.0,0
time_action1=8,1.0,1
time_action2=9,1.0,0

[movie_talk_id]
r0=5,movie_5025_1,1,
r1=7,movie_5025_2,1,

[player]
resource=player
movetype=0
pathtype=2
base_angle_y=0.0
enter_time=0
alpha_in=0
alpha_out=0
time_action0=stop,1.63,1.41,-11.97,0,3.15,0,stand,6,true,,,,0,1.00,
time_action1=stop,1.63,1.41,-11.97,0,3.56,0,stand,0.3,true,,,,0,1.00,
time_action2=stop,1.63,1.41,-11.97,0,3.56,0,interact288,1.7,true,,,,0,1.00,
time_action3=stop,1.63,1.41,-11.97,0,3.56,0,stand,1.0,true,,,,0,1.00,

