[system]
hide_weapon=1
esc_key=1
enternpc=3dhnpc5251[hewt]@504 0 1049
gutname=5251quanguiluxia
taskname=movie_qyborn03_5251.ini
info=
teamtype=0
refertype=2
show_all_npc=0
wait_terrain=1
music=born03

[scenario_camera]
pathtype=2
angletype=4
modetype=3
time_action0=20,1,0,-6.463898,3.701319,13.58374,0.062281,3.723536,0,-6.463898,3.701319,13.58374,0.062281,3.723536,0,
time_action1=20,3,0,-6.463898,3.701319,13.58374,0.062281,3.723536,0,-9.591339,3.770708,9.739258,0.08977,3.25721,0,
time_action2=20,13,0,-9.591339,3.770708,9.739258,0.08977,3.25721,0,-9.591339,3.770708,9.739258,0.08977,3.25721,0,
time_action3=20,4,0,-10.826569,3.707669,7.514404,0.007303,0.905926,0,-10.826569,3.707669,7.514404,0.007303,0.905926,0,
time_action4=20,11,0,3.049408,10.879308,-38.556824,-0.322564,3.856088,0,-1.756836,5.022915,-9.775879,0.038719,5.903035,0,
time_action5=20,1,0,-1.756836,5.022915,-9.775879,0.038719,5.903035,0,-1.756836,5.022915,-9.775879,0.038719,5.903035,0,
time_action6=20,4,0,-10.826569,3.707669,7.514404,0.007303,0.905926,0,-10.826569,3.707669,7.514404,0.007303,0.905926,0,
time_action7=20,7,0,-9.591339,3.770708,9.739258,0.08977,3.25721,0,-9.591339,3.770708,9.739258,0.08977,3.25721,0,
time_action8=20,3,0,-10.826569,3.707669,7.514404,0.007303,0.905926,0,-10.826569,3.707669,7.514404,0.0505,3.554193,0,
time_action9=20,2,0,-10.826569,3.707669,7.514404,0.0505,3.554193,0,-10.826569,3.707669,7.514404,0.0505,3.554193,0,
time_action10=20,5,0,-10.826569,3.707669,7.514404,0.0505,3.554193,0,-19.026031,16.116581,7.258545,-0.071237,3.134499,0,
time_action11=20,2,0,-19.026031,16.116581,7.258545,-0.071237,3.134499,0,-19.076141,16.364061,5.068604,-0.118361,3.16886,0,

[player]
resource=player
movetype=0
pathtype=2
base_angle_y=0.0
enter_time=0
alpha_in=0
alpha_out=0
time_action0=stop,-6.97,2.20,12.57,0.00,3.70,0.00,stand,1,true,,,,0,1.00,
time_action1=moveto,-9.36,2.2,8.77,walk,3,true,,,,0,1.00,0,
time_action2=stop,-9.36,2.2,8.77,0,3.66,0,logoin_stand_2,13,true,,,,0,1.00,
time_action3=stop,-9.36,2.2,8.77,0,3.66,0,interact322,20,true,,,,0,1.00,
time_action4=stop,-9.36,2.2,8.77,0,3.66,0,logoin_stand_2,7,true,,,,0,1.00,
time_action5=moveto,-13.32,2.20,3.28,walk,5,true,,,,0,1.00,0,
time_action6=moveto,-20.14,6.57,2.42,walk,5,true,,,,0,1.00,0,
time_action7=stop,-20.14,6.57,2.42,0,0,0,stand,2,true,,,,0,1.00,

[luxia]
resource=npc\worldnpc183
movetype=0
pathtype=2
base_angle_y=0.0
enter_time=0
alpha_in=0
alpha_out=0
time_action0=stop,-9.97,2.2,7.77,0,0.5,0,h_stand_1,5,true,,,,0,1.00,
time_action1=stop,-9.97,2.2,7.77,0,0.5,0,bow_1,2,true,,,,0,1.00,
time_action2=stop,-9.97,2.2,7.77,0,0.5,0,ty_shake,10,true,,,,0,1.00,
time_action3=stop,-9.97,2.2,7.77,0,0.5,0,h_stand_1,20,true,,,,0,1.00,
time_action4=stop,-9.97,2.2,7.77,0,0.5,0,ty_kv3_2,5,true,,,,0,1.00,
time_action5=stop,-9.97,2.2,7.77,0,0.5,0,ty_kv1_6,2,true,,,,0,1.00,
time_action6=stop,-12.09,2.3,4.48,0,3.88,0,stand,1,true,,,,0,1.00,
time_action7=moveto,-14.93,2.30,1.40,walk,4,true,,,,0,1.00,0,
time_action8=moveto,-20.47,6.62,1.33,walk,5,true,,,,0,1.00,0,
time_action9=stop,-20.47,6.62,1.33,0,0,0,stand,2,true,,,,0,1.00,

[movie_talk_id]
r0=1,movie_5251_1,2,
r1=5,movie_5251_2,2,
r2=17,movie_5251_3,2,
r3=28,movie_5251_4,2,
r4=37,movie_5251_5,2,
r5=44,movie_5251_6,2,

[fade_section]
time_action0=0,2,0
time_action1=55,1.0,1
time_action2=56,1.0,2

