[system]
esc_key=1
hide_weapon=0
enternpc=
gutname=ergzhanchang1
taskname=ergzhanchang1.ini
info=
teamtype=0
refertype=0
show_all_npc=0
wait_terrain=1
show_head_to_chat=0
recover_camera=1

[jiugonglaoren]
resource=npc\worldnpc001a
movetype=0
pathtype=2
base_angle_y=0.0
enter_time=0
alpha_in=0
alpha_out=0
show_name=0
name=
size_x=100
size_y=100
size_z=100
time_action0=stop,268.97,11.9,942.91,0,-3.05,0,1_standtalk,20,true,,,,0,1.00,

[scenario_camera]
pathtype=2
angletype=4
modetype=3
time_action0=17,3,0,269.52,13.57,926.11,0.14,6.18,0.00,269.519989,13.57,926.109985,0.14,6.18,0,lingtiannan
is_offset_angle=0
offset_angle_y=0.0
time_action1=20,4,0,268.46,12.48,938.06,0.29,1.33,0.00,268.46,12.48,938.06,0.29,1.33,0.00,
time_action2=20,1.2,0,268.83,13.39,941.87,-0.06,6.33,0.00,268.83,13.39,941.87,-0.06,6.33,0.00,
time_action3=20,2,0,265.49,16.64,934.99,0.68,7.15,0.00,265.49,16.64,934.99,0.68,7.15,0.00,
time_action4=20,2,0,269.22,13.51,936.71,0.05,3.42,0.00,269.22,13.51,936.71,0.05,3.42,0.00,
time_action5=20,5,0,268.87,13.32,941.47,-0.04,6.27,0.00,268.87,13.32,941.47,-0.04,6.27,0.00,
time_action6=20,2,0,269.00,13.27,936.62,-0.07,9.43,0.00,269.00,13.27,936.62,-0.07,9.43,0.00,

[player]
resource=player
movetype=0
pathtype=2
base_angle_y=0.0
enter_time=0
alpha_in=0
alpha_out=0
size_x=100
size_y=100
size_z=100
show_name=0
name=
time_action0=stop,270.85,11.85,952.25,0,3.06,0,stand,20,true,,,,0,1.00,

[fade_section]
time_action0=0,1.0,0
time_action1=19,1.2,1

[lingtiannan]
resource=npc\worldnpc002
movetype=0
pathtype=2
base_angle_y=0.0
enter_time=0
alpha_in=0
alpha_out=0
show_name=0
name=
size_x=100
size_y=100
size_z=100
time_action0=stop,269.25,11.9,926.96,0,-0.06,0,stand,0.1,true,,,,0,1.00,
time_action1=moveto,269.03,11.9,930.76,walk,3,true,,,,0,1.00,0,,0,0,0,0
time_action2=moveto,269,11.9,934.86,walk,2.5,true,,,,0,1.00,1,,0,0,0,0
time_action3=stop,269,11.9,934.86,0,0.18,0,stand,4.6,true,,,,0,1.00,
time_action4=stop,269,11.9,934.86,0,0.18,0,ty_talk,9.8,true,,,,0,1.00,

[cike]
resource=npc\worldnpc1255
movetype=0
pathtype=2
base_angle_y=0.0
enter_time=0
alpha_in=0
alpha_out=0
show_name=0
name=
size_x=100
size_y=100
size_z=100
time_action0=stop,269.52,11.9,938.02,0,-1.48,0,ty_lie_talk,8,true,,,,0,1.00,
time_action1=stop,269.52,11.9,938.02,0,3.09,0,b_hurtdownloop_1,0.2,true,,,,0,1.00,
time_action2=stop,269.52,11.9,938.02,0,3.09,0,b_hurtdownloop_1,11.8,true,,,,0,1.00,

[movie_talk_id]
r0=0,movie_9760_1,2,
r1=2,movie_9760_2,2,
r2=4,movie_9760_3,2,
r3=7,movie_9760_4,2,;;;
r4=8,movie_9760_5,2,
r5=10,movie_9760_6,2,
r6=12,movie_9760_7,2,
r7=17,movie_9760_8,2,

