[system]
enternpc=YdNpc_place1[xiuxingzhe]@564.37,1.04,688.62
gutname=5021yanyuzhangxinshou
taskname=movie_5021.ini
info=
teamtype=0
refertype=2
show_all_npc=0
wait_terrain=1
hide_weapon=1
esc_key=1
restore_pos=1
music=

[player]
resource=player
movetype=0
pathtype=2
base_angle_y=0.0
enter_time=0
alpha_in=0
alpha_out=0
time_action0=stop,561.08,0.83,690.68,0.00,2.06,0.00,ng_state_1,15,true,,,,0,1.00,
time_action1=stop,561.08,0.83,690.68,0.00,1.78,0.00,xl_ng_succeed_01,8,false,,,,0,1.00,
time_action2=stop,561.08,0.83,690.68,0.00,1.78,0.00,stand,4,true,,,,0,1.00,
time_action3=stop,561.08,0.83,690.68,0.00,1.78,0.00,interact288,3,true,,,,0,1.00,
time_action4=stop,561.08,0.83,690.68,0.00,1.78,0.00,stand,1.0,true,,,,0,1.00,

[scenario_camera]
pathtype=2
angletype=4
modetype=3
enter_time=0
time_action0=33,8,0,561.400085,10.060457,754.124329,0.235337,3.166488,0,560.359741,1.489651,698.777649,0.239264,3.2573,0,player
time_action1=33,12,0,566.924866,5.115791,701.96283,0.502372,3.753083,0,547.917358,3.97939,687.973877,0.266753,1.463158,0,player
time_action2=17,2,0,562.142334,2.511981,690.894348,0.325657,2.36391,0,562.142334,2.511981,690.894348,0.325657,2.36391,0,xiuxingzhe
time_action1_ctrl1=558.281189,4.385406,702.322571
time_action1_ctrl2=550.61908,4.385406,698.863464
time_action0_ctrl1=562.406921,6.047492,737.358582
time_action0_ctrl2=561.711731,2.474093,716.9729
time_action3=17,5,0,564.497192,4.250403,690.881775,0.63589,4.71765,0,564.497192,4.250403,690.881775,0.63589,4.71765,0,xiuxingzhe
time_action4=17,4,0,564.529236,7.283599,693.312744,1.075713,3.86353,0,567.928955,17.548252,697.165344,1.189596,3.868439,0,player

[fade_section]
time_action0=30,1.0,1
time_action1=31,1.0,2

[movie_talk_id]
r0=0,movie_5113_1,2,;;;
r1=5,movie_5113_2,2,
r2=11,movie_5113_3,2,
r3=16,movie_5113_4,2,
r4=21,movie_5113_5,2,
r5=27,movie_5113_6,2,

[xiuxingzhe]
resource=npc\worldnpc244
movetype=0
pathtype=2
base_angle_y=0.0
enter_time=0
alpha_in=1
alpha_out=1
time_action0=stop,564.37,1.04,688.62,0.00,1.45,0.00,ty_dazuoloop,10,true,,,,0,1.00,
time_action1=stop,564.37,1.04,688.62,0.00,1.45,0.00,b_situp1_1,3,false,,,,0,1.00,
time_action2=stop,564.37,1.04,688.62,0.00,1.45,0.00,stand_turndefult,4,true,,,,0,1.00,
time_action3=stop,564.37,1.04,688.62,0.00,-1.05,0.00,walk,1.0,true,,,,0,1.00,
time_action4=stop,564.37,1.04,688.62,0.00,-1.05,0.00,ty_nod,5,true,,,,0,1.00,
time_action5=stop,564.37,1.04,688.62,0.00,-1.05,0.00,ty_talk,3,true,,,,0,1.00,
time_action6=stop,564.37,1.04,688.62,0.00,-1.05,0.00,stand_turndefult,5,true,,,,0,1.00,

