[MainInfo]
FrameTime=0.033333
RulerStart=0.000000
RulerEnd=300.000000
CameraX=-0.213469
CameraY=11.616340
CameraZ=58.104588
CameraRX=0.122172
CameraRY=0.078541
CameraRZ=-0.000000
CaptureAngleX=0.000000
CaptureAngleY=0.000000
CaptureAngleZ=0.000000
CapturePosX=0.000000
CapturePosY=0.000000
CapturePosZ=0.000000
CanBreak=1
ShowPlayer=0
ShowNpc=0
ShowWeapon=0
Player=

[npc_1]
WorldType=objects
ObjectType=action_obj
Name=9E17870ACCFF4FA1A451FC0F1A45E876
VisualType=Actor
PositionX=0.000000
PositionY=10.000000
PositionZ=0.000000
AngleX=-0.000000
AngleY=0.000000
AngleZ=0.000000
ScaleX=1.000000
ScaleY=1.000000
ScaleZ=1.000000
VisualConfig=ini\npc\b_huashan02.ini
Path=npc_1.xml

[camera_1]
WorldType=objects
ObjectType=camera
Name=AB3F96036DF147CB9D3BBD00A42986BF
VisualType=CameraWrapper
PositionX=-0.213469
PositionY=11.616340
PositionZ=58.104588
AngleX=0.122172
AngleY=0.078541
AngleZ=-0.000000
ScaleX=1.000000
ScaleY=1.000000
ScaleZ=1.000000
VisualConfig=mdl\camera\camera01\camera.xmod
CameraType=free
Fovx=0.000000
Path=camera_1.xml

[light_move_1051c_ys_1]
WorldType=objects
ObjectType=EffectModel
Name=3CAE10234981453399105D3F4A9420FC
VisualType=EffectModel
PositionX=0.000000
PositionY=9.999999
PositionZ=0.000000
AngleX=-0.000000
AngleY=-3.141593
AngleZ=0.000000
ScaleX=1.000000
ScaleY=1.000000
ScaleZ=1.000000
EffectConfig=ini\effect\model.ini
EffectName=light_move_1051c_ys
Path=light_move_1051c_ys_1.xml

