[MainInfo]
FrameTime=0.033333
RulerStart=0.000000
RulerEnd=470.000000
CameraX=-721.029602
CameraY=9.671382
CameraZ=459.626129
CameraRX=-0.082490
CameraRY=3.056514
CameraRZ=-0.000000
CaptureAngleX=0.000000
CaptureAngleY=0.000000
CaptureAngleZ=0.000000
CapturePosX=0.000000
CapturePosY=0.000000
CapturePosZ=0.000000
CanBreak=0
ShowPlayer=0
ShowNpc=0
ShowWeapon=0
Player=npc_3

[npc_1]
WorldType=objects
ObjectType=Actor
Name=F734EC28FC254208BAE97E2E8F5F41D0
VisualType=Actor
PositionX=-747.116211
PositionY=13.395288
PositionZ=488.321625
AngleX=-0.000000
AngleY=-2.949996
AngleZ=0.000000
ScaleX=0.999974
ScaleY=1.000000
ScaleZ=0.999974
VisualConfig=ini\npc\worldnpc1190.ini
Path=npc_1.xml

[npc_2]
WorldType=objects
ObjectType=Actor
Name=090A691CF093480293CA8AE7A0E6FA10
VisualType=Actor
PositionX=-748.139343
PositionY=13.155976
PositionZ=486.446594
AngleX=-0.000000
AngleY=0.564999
AngleZ=0.000000
ScaleX=0.999999
ScaleY=1.000000
ScaleZ=0.999999
VisualConfig=ini\npc\worldnpc1190.ini
Path=npc_2.xml

[npc_3]
WorldType=objects
ObjectType=Actor
Name=A131A1838F2C41BA9E00B36819C54767
VisualType=Actor
PositionX=-720.431213
PositionY=9.061340
PositionZ=458.004761
AngleX=0.000000
AngleY=-0.409989
AngleZ=0.000000
ScaleX=0.999992
ScaleY=1.000000
ScaleZ=0.999992
VisualConfig=ini\npc\b_banlvxinmo02.ini
Path=npc_3.xml

[camera_1]
WorldType=objects
ObjectType=camera
Name=0244A67E6B274A0EBA8A3BCD10ED6804
VisualType=CameraWrapper
PositionX=-718.239624
PositionY=9.544111
PositionZ=457.189117
AngleX=-0.129032
AngleY=-0.872114
AngleZ=0.000000
ScaleX=0.999967
ScaleY=0.999953
ScaleZ=0.999961
VisualConfig=mdl\camera\camera01\camera.xmod
CameraType=free
Fovx=1.465188
Path=camera_1.xml

[camera_2]
WorldType=objects
ObjectType=camera
Name=189CB24DBF0447A0AECFD3D02B8E9789
VisualType=CameraWrapper
PositionX=-721.029602
PositionY=9.671382
PositionZ=459.626129
AngleX=-0.082490
AngleY=3.056514
AngleZ=-0.000000
ScaleX=1.000000
ScaleY=1.000000
ScaleZ=1.000000
VisualConfig=mdl\camera\camera01\camera.xmod
CameraType=free
Fovx=1.465188
Path=camera_2.xml

[camera_3]
WorldType=objects
ObjectType=camera
Name=B76D91AB82DE4040A20E46DC8E2A60E1
VisualType=CameraWrapper
PositionX=-743.335449
PositionY=13.971670
PositionZ=484.970245
AngleX=-0.149394
AngleY=-0.953926
AngleZ=0.000000
ScaleX=1.000000
ScaleY=1.000000
ScaleZ=1.000000
VisualConfig=mdl\camera\camera01\camera.xmod
CameraType=free
Fovx=1.465188
Path=camera_3.xml

[camera_4]
WorldType=objects
ObjectType=camera
Name=14491C4F7C7746EAB362D93FBDCEC023
VisualType=CameraWrapper
PositionX=-746.912781
PositionY=14.485840
PositionZ=487.145630
AngleX=-0.131941
AngleY=-1.930765
AngleZ=0.000000
ScaleX=1.000000
ScaleY=1.000000
ScaleZ=1.000000
VisualConfig=mdl\camera\camera01\camera.xmod
CameraType=free
Fovx=1.465188
Path=camera_4.xml

[camera_5]
WorldType=objects
ObjectType=camera
Name=814F2A78ACA1464084E26F71E4362371
VisualType=CameraWrapper
PositionX=-747.232666
PositionY=14.716261
PositionZ=486.947449
AngleX=-0.134850
AngleY=-0.037628
AngleZ=0.000000
ScaleX=1.000000
ScaleY=1.000000
ScaleZ=1.000000
VisualConfig=mdl\camera\camera01\camera.xmod
CameraType=free
Fovx=1.465188
Path=camera_5.xml

[custom]
WorldType=global
ObjectType=custom
Name=
VisualType=
Path=custom.xml

[object_hsi]
WorldType=global
ObjectType=ppfilter_hsi
Name=
VisualType=
Path=object_hsi.xml

[born03_yanyuzhuang]
WorldType=music
ObjectType=Music
Name=033C00BD5D3446B693666F8FF4E50398
VisualType=Music
MusicConfig=mus\born03_yanyuzhuang.OGG
MusicType=npc
Path=born03_yanyuzhuang.xml

