[system]
enternpc=@579 -6.7 1326
gutname=digongdadian
taskname=movie_yyz_digongdadian.ini
info=
teamtype=0
refertype=2
show_all_npc=1
wait_terrain=1
music=clone005_fight1
restore_pos=1
hide_weapon=1
esc_key=0

[scenario_camera]
pathtype=2
angletype=4
modetype=3
time_action0=20,2,0,-0.21,0.39,6.03,-0.27,3.02,0.00,-0.82,-0.19,10.09,-0.08,3.01,0.00,
time_action1=20,1.5,0,0.570007,1.76,0.189941,0.452645,-0.417436,0,0.570007,1.76,0.189941,0.459626,0.254516,0,
time_action2=20,0.5,1,-7.396118,1.764789,19.391235,0.096598,-1.30319,0,-3.247803,2.181579,18.253174,0.096598,-1.30319,0,
time_action3=20,0.9,1,2.939026,0.641305,22.809204,0.047729,0.92865,0,-1.130432,0.88404,19.765137,0.047729,0.92865,0,
time_action3_ctrl1=0.33,3.42,32.73
time_action3_ctrl2=-2.10,2.87,35.92
time_action4=17,6,0,-3.43,2.54,27.89,0.78,6.19,0.00,-2.005798,2.54,37.94458,0.619429,3.641818,0,shangguanjing
time_action4_ctrl1=1.340454,2.54,30.50354
time_action4_ctrl2=0.756104,2.54,35.154541

[player]
resource=player
movetype=0
pathtype=2
base_angle_y=0.0
enter_time=0
alpha_in=0
alpha_out=0
time_action0=stop,0.48,-0.03,-0.06,0.00,-0.13,0.00,stand,10.9,true,,,,0,1.00,

[shangguanjing]
resource=npc\worldnpc067_01
movetype=0
pathtype=2
base_angle_y=0.0
enter_time=3
alpha_in=0
alpha_out=0
time_action0=stop,-3.76,-0.98,30.88,0.00,-0.10,0.00,stand,1.9,true,,,,0,1.00,
time_action1=moveto,-4.36,-0.98,35.51,h_walk1_1,6,true,,,,0,1.00,0,

[shangguanping]
resource=npc\worldnpc067
movetype=0
pathtype=2
base_angle_y=0.0
enter_time=3
alpha_in=0
alpha_out=0
time_action0=stop,-4.81,-0.98,30.60,0.00,-0.14,0.00,stand,1.9,true,,,,0,1.00,
time_action1=moveto,-5.7,-0.98,35.25,h_walk1_1,6,true,,,,0,1.00,0,

[shangguanqing]
resource=npc\worldnpc067_02
movetype=0
pathtype=2
base_angle_y=0.0
enter_time=3
alpha_in=0
alpha_out=0
time_action0=stop,-2.61,-0.98,30.95,0.00,-0.13,0.00,stand,1.9,true,,,,0,1.00,
time_action1=moveto,-3.16,-0.98,35.59,h_walk1_1,6,true,,,,0,1.00,0,

[movie_talk_id]
r0=6,movie_166_1,2,

[fade_section]
time_action0=0,0.5,0
time_action1=10.4,0.5,1

