[system]
hide_weapon=1
esc_key=1
enternpc=61dhnpc5402[hewt]@311 11 334
gutname=5402shandongtanta
taskname=movie_qycity02_5402.ini
info=
teamtype=0
refertype=2
show_all_npc=0
wait_terrain=1
music=FBdonghua03_aimei

[wurui]
resource=npc\funcnpc011
movetype=0
pathtype=2
base_angle_y=0.0
enter_time=0
alpha_in=0
alpha_out=0
time_action0=stop,1.18,-0.67,1.33,0,3.74,0,stand,1.8,true,,,,0,1.00,
time_action1=stop,1.18,-0.67,1.33,0,3.74,0,stand_stagger2_b,3,true,,,,0,0.69,

[shashi1]
resource=npc\fbmac004012
movetype=0
pathtype=2
base_angle_y=0.0
enter_time=0
alpha_in=0
alpha_out=0
time_action0=stop,0.9,-0.66,0.73,0,0.44,0,stand,7,true,,,effect_clone007_luoshi||7|1,0,1.00,

[shashi2]
resource=npc\fbmac004012
movetype=0
pathtype=2
base_angle_y=0.0
enter_time=0
alpha_in=0
alpha_out=0
time_action0=stop,-0.27,-1.28,2.07,0,0.41,0,stand,7,true,,,effect_clone007_luoshi||7|1,0,1.00,

[shashi3]
resource=npc\fbmac004012
movetype=0
pathtype=2
base_angle_y=0.0
enter_time=0
alpha_in=0
alpha_out=0
time_action0=stop,3.2,0.22,1.25,0,1.99,0,stand,7,true,,,effect_clone007_luoshi||7|1,0,1.00,

[scenario_camera]
pathtype=2
angletype=4
modetype=3
time_action0=20,1,0,-0.531799,0.94783,-0.466309,0.070348,0.687134,0,-0.531799,0.94783,-0.466309,0.070348,0.687134,0,
time_action1=20,2.5,0,-0.531799,0.94783,-0.466309,0.070348,0.687134,0,-0.531799,0.94783,-0.466309,0.070348,0.687134,0,
time_action1_vibrate=5,1,0.05,3
time_action2=20,0.5,0,-0.531799,0.94783,-0.466309,0.070348,0.687134,0,-0.531799,0.94783,-0.466309,-0.844641,1.209914,0,
time_action3=20,3,0,-0.531799,0.94783,-0.466309,-0.844641,1.209914,0,-0.531799,0.94783,-0.466309,-0.844641,1.209914,0,
time_action3_vibrate=5,1,0.05,3

[player]
resource=player
movetype=0
pathtype=2
base_angle_y=0.0
enter_time=0
alpha_in=0
alpha_out=0
time_action0=stop,0.56,-0.69,0.31,0,0.46,0,interact357,7,true,,,,0,1.00,

[fade_section]
time_action0=0,2,2
time_action1=6,1.0,1
time_action2=7,1.0,2

[screen_section]
time_action0=3.5,0.5,3,0.0,0.0

[sound_section]
r0=1,clone005\8106_37.wav
r1=3,clone005\8106_29.wav
r2=5,clone005\8106_37.wav

