[system]
esc_key=1
hide_weapon=1
enternpc=taohuatan[gxhuiyi]@670 10 1087
gutname=5406taohuatan
taskname=movie_qycity02_5406.ini
info=
teamtype=0
refertype=2
show_all_npc=0
wait_terrain=1
show_head_to_chat=0
recover_camera=1

[houzi]
resource=npc\monster600
movetype=0
pathtype=2
base_angle_y=0.0
enter_time=0
alpha_in=0
alpha_out=0
size_x=100
size_y=100
size_z=100
time_action0=stop,-149.10,-0.36,-63.83,-0.00,1.26,0.00,stand,17,true,,,,0,1.00,
time_action1=moveto,-139.62,-1.38,-60.57,run,3,true,,,,0,1.00,1,
time_action2=moveto,-128.16,-3.44,-56.92,run,3,true,,,,0,1.00,1,
time_action3=stop,-128.16,-3.44,-56.92,0,-1.53,0,walk,1,true,,,,0,1.00,
time_action4=stop,-128.16,-3.44,-56.92,0,-1.53,0,stand_free01,2,true,,,,0,1.00,
time_action5=moveto,-129.42,-2.94,-55.18,walk,2.5,true,,,,0,1.00,0,
time_action6=moveto,-131.54,-2.84,-55.75,walk,2.5,true,,,,0,1.00,0,
time_action7=stop,-131.54,-2.84,-55.75,-0.00,2.30,0.00,walk,0.4,true,,,,0,1.00,
time_action8=moveto,-131.68,-3.26,-57.89,walk,2.6,true,,,,0,1.00,0,

[shaonv]
resource=npc\worldnpc066
movetype=0
pathtype=2
base_angle_y=0.0
enter_time=0
alpha_in=0
alpha_out=0
size_x=100
size_y=100
size_z=100
time_action0=stop,3.13,-9.12,0.28,0,-3.02,0,ty_bye,6,true,,,,0,0.50,
time_action1=stop,3.13,-9.12,0.28,0,-3.02,0,ty_kv3_3,9,true,,,,0,1.00,
time_action2=stop,-142.97,-0.79,-60.22,0,1.17,0,stand,1,true,,,,0,1.00,
time_action3=moveto,-129.88,-3.31,-57.16,dk_run1_1,7,true,,,,0,1.00,0,
time_action4=stop,-129.88,-3.31,-57.16,-0.00,1.46,0.00,ty_kv4_1,3,true,,,,0,1.00,
time_action5=stop,-129.88,-3.31,-57.16,0,1.46,0,ty_wudao_03,8,true,,,,0,1.00,

[music_section0]
name=main_scene_music_10
trigger_time=0
keep_time=34
fade_in_time=0
fade_out_time=34
loop=1
start_time=0

[scenario_camera]
pathtype=2
angletype=4
modetype=3
time_action0=20,6,0,5.07843,-7.303172,1.996826,0.187076,3.76297,0,6.232605,-6.702619,3.932251,0.197548,3.678539,0,
time_action1=20,2,0,3.175232,-7.959492,-3.29541,-0.029344,6.333152,0,3.175232,-7.959492,-3.29541,-0.029344,6.333152,0,
time_action2=20,8,0,3.175232,-7.959492,-3.29541,-0.029344,6.333152,0,3.570007,-7.959492,-4.38147,0.145189,7.941252,0,
time_action3=20,1,0,-131.137451,-2.261421,-74.228882,-0.097199,5.792245,0,-131.137451,-2.261421,-74.228882,-0.097199,5.792245,0,
time_action4=20,4,0,-131.137451,-2.261421,-74.228882,-0.097199,5.792245,0,-124.920654,-2.294908,-70.513306,0.042427,5.623388,0,
time_action5=20,4,0,-124.920654,-2.294908,-70.513306,0.042427,5.623388,0,-128.481689,-2.323153,-61.797119,0.031956,6.212436,0,
time_action6=20,1,0,-128.481689,-2.323153,-61.797119,0.031956,6.212436,0,-128.481689,-2.323153,-61.797119,0.031956,6.212436,0,
time_action7=20,8,0,-127.503418,1.938,-64.802612,0.527627,6.029826,0,-125.91272,5.635072,-70.94342,0.527627,6.029826,0,

[player]
resource=player
movetype=0
pathtype=2
base_angle_y=0.0
enter_time=0
alpha_in=0
alpha_out=0
size_x=100
size_y=100
size_z=100
time_action0=stop,3.57,-10.15,-3.19,-0.00,-2.76,0.00,stand,0.1,true,,,,0,1.00,
time_action1=moveto,-0.82,-10.79,-14.14,fi_0h_walk,9.9,true,,,,0,1.00,1,
time_action2=stop,-0.82,-10.79,-14.14,0,0,0,stand,24,true,,,,0,1.00,

[fade_section]
time_action0=0,1.0,0
time_action1=15,2,2
time_action2=17,16.5,3
time_action3=33.5,1.0,2

[movie_talk_id]
r0=8,movie_5406_1,2,
r1=16, ,2

