[system]
enternpc=
gutname=huoyaoweili
taskname=9630movie_newschool_qiyu.ini
info=
teamtype=0
refertype=0
show_all_npc=1
wait_terrain=0
show_head_to_chat=0
recover_camera=0
esc_key=1

[player]
resource=player
movetype=0
pathtype=2
base_angle_y=0.0
enter_time=0
alpha_in=0
alpha_out=0
size_x=100
size_y=100
size_z=100
show_name=0
name=
time_action0=stop,613.75,9.39,436.09,0.00,-1.88,0.00,stand,3.0,true,,,,0,1.00,
time_action1=stop,613.75,9.39,436.09,0.00,-1.88,0.00,interact284,2.0,true,,,,0,1.00,
time_action2=moveto,613.75,9.39,436.09,walk,1.0,true,,,,0,1.00,0,,1,0.00,-0.28,0.00
time_action3=moveto,609.01,9.39,451.65,fi_0h_run,5.0,true,,,,0,1.00,0,,0,0.00,-0.40,0.00
time_action4=stop,609.01,9.39,451.65,0,0,0,interact068,2.0,true,,,,0,1.00,
time_action5=moveto,609.01,9.39,451.65,walk,2.0,true,,,,0,1.00,0,,1,0,2.91,0
time_action6=moveto,611.6,9.39,443.59,fi_0h_run,5.0,true,,,,0,1.00,0,,0,0,0,0
time_action7=stop,611.60,9.39,443.59,0.00,-0.28,0.00,walk,2.0,true,,,,0,1.00,
time_action8=stop,611.6,9.39,443.59,0,-0.28,0,fi_3h_stand,2.5,true,,,,0,1.00,
time_action9=moveto,612.33,9.39,441.34,parry_hitback,1.0,true,,,,0,0.73,1,,0,0,0,0
time_action10=stop,612.33,9.39,441.34,0,0,0,stand,0.5,true,,,,0,1.00,

[scenario_camera]
pathtype=2
angletype=4
modetype=3
time_action0=17,16,0,617.320984,12.848093,436.794128,0.523021,4.412383,0,619.83,17.61,448.92,0.64,4.85,0.00,player
is_offset_angle=0
offset_angle_y=0.0
time_action1=20,10,0,619.830017,17.610001,448.920013,0.64,4.85,0,617.30,19.06,457.93,0.64,3.83,0.00,

[texiao]
resource=npc\fbboss00090
movetype=0
pathtype=2
base_angle_y=0.0
enter_time=24
alpha_in=0
alpha_out=0
show_name=0
name=
size_x=100
size_y=100
size_z=100
time_action0=stop,608.74,7.64,452.23,0,-1.87,0,stand,2,true,,,effect_light_hold_177|Model::head_01|2|1,1,1.00,

[movie_talk_id]
r0=0,movie_9630_1,0,
r1=3,movie_9630_2,0,
r2=24,movie_9630_3,2,

