[system]
enternpc=
gutname=eternalnight_02_01
taskname=eternalnight_02_01.ini
info=
teamtype=0
refertype=0
show_all_npc=0
wait_terrain=1
show_head_to_chat=0
recover_camera=1
hide_weapon=1
esc_key=0

[scenario_camera]
pathtype=2
angletype=4
modetype=3
is_offset_angle=0
offset_angle_y=0.0
enter_time=0
time_action0=20,10,0,613.12,-4.44,1354.67,0.15,2.04,0.00,620.37,-5.64,1350.97,0.15,2.04,0.00,
time_action1=33,8,0,607.550171,-1.903033,1321.831543,0.181368,1.516755,0,611.35083,-1.484568,1331.164795,0.181368,2.640855,0,player
time_action1_ctrl1=606.15094,-1.484568,1324.006836
time_action1_ctrl2=607.798401,-1.484568,1327.935425
time_action2_ctrl1=0.0,0.0,0.0
time_action2_ctrl2=0.0,0.0,0.0
time_action2=20,4,0,611.35083,-1.484568,1331.164795,0.181368,2.640855,0,611.35083,-1.484568,1331.164795,0.181368,2.640855,0,
time_action3=20,4,0,618.23,-12.56,1307.49,-0.37,-0.56,0.00,618.23,-12.56,1307.49,-0.37,-0.56,0.00,

[player]
resource=nil
movetype=0
pathtype=2
base_angle_y=0.0
enter_time=10
alpha_in=0
alpha_out=0
show_name=0
name=
size_x=100
size_y=100
size_z=100
time_action0=stop,617.34,-4.4,1326.57,0,-2.93,0,interact376,1.0,true,,,,0,1.00,
time_action1=moveto,615.73,-4.40,1321.19,interact377,7,true,,,,0,1.00,0,,0,-0.00,-3.07,0.00
time_action2=stop,615.71,-4.4,1321.04,0,-3.07,0,interact376,1,true,,,,0,1.00,
time_action3=stop,615.68,-4.4,1320.53,0,3.11,0,stand,2,true,,,,0,1.00,
time_action4=moveto,615.73,-4.06,1318.08,hurt_float_b,1,true,,,,1,1.00,0,,0,0,0,0
time_action5=moveto,614.72,-13.49,1315.47,jumpfalling_f,3,true,,,,1,1.00,0,,0,0,0,0

[laotou]
resource=npc\worldnpc210
movetype=0
pathtype=2
base_angle_y=0.0
enter_time=0
alpha_in=0
alpha_out=0
show_name=0
name=
size_x=100
size_y=100
size_z=100
time_action0=stop,624.55,-7.68,1345.33,0,-0.23,0,h_stand_7,10,true,,,,0,1.00,
time_action1=stop,617.31,-4.40,1320.93,0.00,-2.01,0.00,h_stand_12,13,true,,,,0,1.00,

[yuzu]
resource=npc\monster555
movetype=0
pathtype=2
base_angle_y=0.0
enter_time=0
alpha_in=0
alpha_out=0
show_name=0
name=
size_x=100
size_y=100
size_z=100
time_action0=stop,626.36,-7.68,1344.62,0.00,-0.36,0.00,h_stand_2,10,true,,,,0,1.00,
time_action1=stop,617.16,-4.40,1327.91,-0.00,-3.11,0.00,stand,1.0,true,,,,0,1.00,
time_action2=moveto,616.12,-4.4,1322.17,ds_walk2_1,7,true,,,,0,1.00,1,,0,0,0,0
time_action3=stop,616.12,-4.40,1322.17,-0.00,-2.90,0.00,h_stand_2,2,true,,,,0,1.00,
time_action4=stop,616.12,-4.40,1322.17,-0.00,-2.90,0.00,da_atk3_1,1,true,,,,0,1.00,
time_action5=stop,616.12,-4.40,1322.17,-0.00,-2.90,0.00,stand,2,true,,,,0,1.00,

[yayi_02]
resource=npc\worldnpc793
movetype=0
pathtype=2
base_angle_y=0.0
enter_time=0
alpha_in=0
alpha_out=0
show_name=0
name=
size_x=100
size_y=100
size_z=100
time_action0=stop,623.50,-7.68,1353.20,-0.00,3.00,0.00,h_stand_2,1,true,,,,0,1.00,
time_action1=moveto,624.15,-7.68,1348.76,h_walk4_1,9,true,,,,0,1.00,1,,0,-0.00,3.00,0.00

[fade_section]
time_action0=0,3,0
time_action1=9,1.0,1
time_action2=10,1.0,2
time_action3=11,1.0,0
time_action4=21,0.7,1
time_action5=21.7,0.3,2
time_action6=22,1.0,2
time_action7=23,1,0

[yayi_01]
resource=npc\worldnpc211
movetype=0
pathtype=2
base_angle_y=0.0
enter_time=0
alpha_in=0
alpha_out=0
show_name=0
name=
size_x=100
size_y=100
size_z=100
time_action0=stop,623.75,-7.68,1354.73,-0.00,2.96,0.00,b_stand_2,1.0,true,,,,0,1.00,
time_action1=moveto,624.61,-7.68,1350.03,b_walk4_1,9,true,,,,0,1.00,1,,0,-0.00,2.96,0.00

[movie_talk_id]
r0=1,movie_10007_1,0,
r1=4,movie_10007_2,0,
r2=7,movie_10007_3,0,
r3=11,movie_10007_4,0,
r4=16,movie_10007_5,0,
r5=21,movie_10007_6,0,

