[system]
enternpc=
gutname=eternalnight_02_03
taskname=eternalnight_02_03.ini
info=
teamtype=0
refertype=0
show_all_npc=0
wait_terrain=1
show_head_to_chat=0
recover_camera=1
esc_key=0
hide_weapon=1

[scenario_camera]
pathtype=2
angletype=4
modetype=3
time_action0=20,5,0,1296.01,1.55,242.66,-0.09,3.11,0.00,1296.08,1.79,240.16,-0.18,3.15,0.00,
is_offset_angle=0
offset_angle_y=0.0
time_action1=20,1,0,1296.079956,1.79,240.160004,-0.18,3.15,0,1296.079956,1.79,240.160004,-0.18,3.15,0,
time_action2=20,6,0,1300.928223,3.95,238.110886,0.28,4.71,0,1298.038574,3.12,237.969101,0.28,4.71,0,
time_action3=20,3,0,1292.05,3.26,240.12,0.27,2.00,0.00,1294.27,2.57,239.09,0.27,2.00,0.00,
time_action4=33,3,0,1295.15,2.33,239.73,0.27,4.16,0.00,1295.30,2.33,238.32,0.26,5.38,0.00,xiangwanqing
time_action4_ctrl1=1295.32,2.33,239.45
time_action4_ctrl2=1295.45,2.33,238.96
time_action5=33,3,0,1295.80,2.36,239.04,0.17,2.26,0.00,1295.50,2.36,237.29,0.08,1.09,0.00,player
time_action5_ctrl1=1295.55,2.36,238.60
time_action5_ctrl2=1295.38,2.36,237.95
time_action6=20,3,0,1296.52,14.74,237.64,1.57,3.14,0.00,1296.53,3.94,237.83,1.63,3.20,0.00,

[player]
resource=player
movetype=0
pathtype=2
base_angle_y=0.0
enter_time=0
alpha_in=0
alpha_out=0
size_x=100
size_y=100
size_z=100
show_name=0
name=
time_action0=stop,1300.73,0.64,237.78,0.00,-1.54,0.00,stand,1.0,true,,,,0,1.00,
time_action1=moveto,1296.96,0.64,237.96,walk,4,true,,,,0,1.00,0,,0,0,0,0
time_action2=stop,1296.96,0.64,237.96,0,-1.54,0,stand,7,true,,,,0,1.00,
time_action3=stop,1296.96,0.64,237.96,0,-1.54,0,interact283,6,true,,,,0,1.00,
time_action4=stop,1296.85,0.64,238.06,0,-1.17,0,interact_talk1,6,true,,,,0,1.00,

[fade_section]
time_action0=0,2,0
time_action1=22,2,1

[xiangwanqing]
resource=npc\worldnpc013
movetype=0
pathtype=2
base_angle_y=0.0
enter_time=0
alpha_in=0
alpha_out=0
show_name=0
name=
size_x=100
size_y=100
size_z=100
time_action0=stop,1290.14,0.64,239.81,-0.00,1.82,0.00,stand,3,true,,,,0,1.00,
time_action1=moveto,1294.12,0.64,239.13,h_walk2_1,4,true,,,,0,1.00,0,,0,0,0,0
time_action2=stop,1294.24,0.64,239.17,0,1.82,0,stand,8,true,,,,0,1.00,
time_action3=stop,1294.24,0.64,239.17,0,1.82,0,ty_talk8,3,true,,,,0,1.00,
time_action4=stop,1294.28,0.64,239.15,0,1.98,0,stand,3,true,,,,0,1.00,
time_action5=moveto,1296.22,0.64,238.39,h_walk2_1,3,true,,,,0,1.00,0,,0,0,0,0

[heibaizi]
resource=npc\worldnpc566
movetype=0
pathtype=2
base_angle_y=0.0
enter_time=0
alpha_in=0
alpha_out=0
show_name=0
name=
size_x=100
size_y=100
size_z=100
time_action0=stop,1290.16,0.64,236.16,-0.00,1.32,0.00,stand,4,true,,,,0,1.00,
time_action1=moveto,1294.22,0.64,236.71,b_walk4_1,4,true,,,,0,1.00,0,,0,0,0,0
time_action2=stop,1294.22,0.64,236.71,0,1.32,0,stand,7,true,,,,0,1.00,

[zhangdanxu]
resource=npc\worldnpc1719
movetype=0
pathtype=2
base_angle_y=0.0
enter_time=0
alpha_in=0
alpha_out=0
show_name=0
name=
size_x=100
size_y=100
size_z=100
time_action0=stop,1291.08,0.64,237.58,-0.00,1.54,0.00,stand,1.0,true,,,,0,1.00,
time_action1=moveto,1295.21,0.64,238.06,walk,4,true,,,,0,1.00,0,,0,0,0,0
time_action2=stop,1295.21,0.64,238.06,0,1.54,0,stand,4,true,,,,0,1.00,
time_action3=stop,1295.21,0.64,238.06,0,1.54,0,grd_0h_stand,3,true,,,,0,1.00,
time_action4=stop,1295.21,0.64,238.06,0,1.54,0,stand,3,true,,,,0,1.00,

[movie_talk_id]
r0=5,movie_10009_1,0,
r1=12,movie_10009_2,0,
r2=15,movie_10009_3,0,
r3=18,movie_10009_4,0,
r4=21,movie_10009_5,0,

