[system]
enternpc=
gutname=movie_yyz02_luyufeitu
taskname=movie_yyz02_luyufeitu.ini
info=
teamtype=0
refertype=0
show_all_npc=0
wait_terrain=1
hide_weapon=1

[tufei1]
resource=npc\fb_monster074
movetype=0
pathtype=2
base_angle_y=0.0
enter_time=0
alpha_in=0
alpha_out=0
time_action0=stop,434.18,3.44,855.76,0,1.12,0,ty_bukuai_guard,10,true,,,,0,1.00,
time_action1=moveto,440.06,2.40,856.95,run,1.0,true,,,,0,1.00,0,

[tufei2]
resource=npc\fb_monster074
movetype=0
pathtype=2
base_angle_y=0.0
enter_time=0
alpha_in=0
alpha_out=0
time_action0=stop,444.33,1.79,853.35,0,-0.18,0,ty_bukuai_guard,10,true,,,,0,1.00,
time_action1=moveto,443.56,2.07,855.66,run,1.0,true,,,,0,1.00,0,

[tufei3]
resource=npc\fb_monster074
movetype=0
pathtype=2
base_angle_y=0.0
enter_time=0
alpha_in=0
alpha_out=0
time_action0=stop,449.84,2.91,860.39,0,-1.86,0,ty_bukuai_guard,10,true,,,,0,1.00,
time_action1=moveto,444.33,2.35,857.94,run,1.0,true,,,,0,1.00,0,

[player]
resource=player
movetype=0
pathtype=2
base_angle_y=0.0
enter_time=0
alpha_in=0
alpha_out=0
time_action0=stop,442.88,2.22,856.93,0,-0.48,0,stand,0.1,true,,,,0,1.00,
time_action1=moveto,441.67,2.58,859.98,walk,3.4,true,,,,0,1.00,0,
time_action2=stop,441.67,2.58,859.98,0,-0.39,0,stand,7.5,true,,,,0,0.25,

[scenario_camera]
pathtype=2
angletype=4
modetype=3
time_action0=20,4,0,444.63,3.79,853.83,0.09,5.84,0.00,442.32,4.12,858.90,0.06,5.76,0.00,
time_action1=20,1.5,1,442.32,4.12,858.90,0.06,5.76,0.00,453.04,4.86,860.65,0.21,4.65,0.00,
time_action2=20,1.5,1,453.04,4.86,860.65,0.21,4.65,0.00,445.17,3.34,851.32,0.03,5.86,0.00,
time_action3=20,1.5,1,445.17,3.34,851.32,0.03,5.86,0.00,432.62,5.09,854.92,0.14,7.46,0.00,
time_action4=20,1.5,1,432.62,5.09,854.92,0.14,7.46,0.00,438.67,5.40,865.29,0.25,9.03,0.00,
time_action5=20,1,0,438.67,5.40,865.29,0.23,8.97,0.00,441.54,4.06,859.53,0.22,8.98,0.00,
time_action2_ctrl1=454.292023,4.932522,857.675232
time_action2_ctrl2=0.0,0.0,0.0
time_action3_ctrl1=437.977081,4.580173,849.419617
time_action3_ctrl2=0.0,0.0,0.0

[screen_section]
time_action0=4.,1.5,3,0.0,0.0
time_action1=5.5,1.5,3,0.0,0.0
time_action2=7.,1.5,3,0.0,0.0
time_action3=8.5,1.5,3,0.0,0.0
time_action4=10.,1.0,3,0.0,0.0

[fade_section]
time_action0=0,1.0,0
time_action1=10.,1.0,1

[movie_talk_id]
r0=3,movie_190_1,2,

