[jiadacai]
resource=npc\worldnpc106
movetype=0
pathtype=2
base_angle_y=0.0
enter_time=0
alpha_in=0
alpha_out=0
size_x=100
size_y=100
size_z=100
time_action0=stop,628.3,0.56,486.45,0,-0.18,0,ty_lookup,2,true,,,,0,1.00,
time_action1=stop,628.3,0.56,486.45,0,-0.18,0,stand_stagger_f,2.1,true,,,,0,1.00,
time_action2=stop,628.2,0.56,486.53,0,-0.55,0,point_1,0.1,true,,,,0,1.00,
time_action3=stop,628.2,0.56,486.53,0,-0.55,0,point_1,1.5,true,,,,0,1.00,
time_action4=stop,628.2,0.56,486.53,0,-0.55,0,ty_talk6,3.4,true,,,,0,1.00,

[zhangsan]
resource=npc\worldnpc119
movetype=0
pathtype=2
base_angle_y=0.0
enter_time=0
alpha_in=0
alpha_out=0
size_x=100
size_y=100
size_z=100
time_action0=stop,617.96,0.56,482.20,-0.00,1.20,0.00,stand,0.1,true,,,,0,1.00,
time_action1=moveto,635.86,0.56,489.27,h_run2_1,4,true,,,,0,1.00,0,

[scenario_camera]
pathtype=2
angletype=4
modetype=3
time_action0=20,2,0,629.281555,2.670121,491.183319,0.310025,3.332969,0,629.281555,2.670121,491.183319,0.310025,3.332969,0,
time_action1=17,2,0,624.812073,2.513801,490.275208,0.220059,2.56903,0,624.812073,2.513801,490.275208,0.220059,2.56903,0,jiadacai
time_action2=20,2,0,627.836365,2.164525,489.616974,0.087474,2.901632,0,627.836365,2.164525,489.616974,0.087474,2.901632,0,
time_action3=17,3.1,0,628.55,2.29,486.92,0.10,5.52,0.00,630.662476,3.069301,486.743134,0.261798,5.108887,0,player

[player]
resource=player
movetype=0
pathtype=2
base_angle_y=0.0
enter_time=0
alpha_in=0
alpha_out=0
size_x=100
size_y=100
size_z=100
time_action0=stop,627.23,0.56,488.47,0,2.81,0,stand,6,true,,,,0,1.00,
time_action1=stop,627.23,0.56,488.47,-0.00,2.81,0.00,stand,0.1,true,,,,0,1.00,
time_action2=moveto,616.8,0.59,480.19,run,3,true,,,,0,1.00,0,

[movie_talk_id]
r0=0,movie_4205_1,2,
r1=2,movie_4205_2,2,
r2=4,movie_4205_3,2,
r3=6,movie_4205_4,2,

[system]
enternpc=EventNpc39610
gutname=movie_thd_4205
taskname=movie_thd_4205.ini
info=
teamtype=0
refertype=0
show_all_npc=0
wait_terrain=0
show_head_to_chat=0
recover_camera=0
esc_key=1
hide_weapon=0

