[system]
enternpc=
gutname=mrsj_8921_8
taskname=mrsj_8921_8.ini
info=
teamtype=0
refertype=2
show_all_npc=0
wait_terrain=1
show_head_to_chat=0
recover_camera=1

[fade_section]
time_action0=0,1.0,0
time_action1=9,1.0,1

[scenario_camera]
pathtype=2
angletype=4
modetype=3
is_offset_angle=0
offset_angle_y=0.0
enter_time=0
time_action0=17,8,0,803.64,30.86,1738.89,0.00,0.00,0.00,803.03,22.32,1753.12,0.06,3.13,0.00,8921_7_1
time_action1=20,2,0,803.030029,22.32,1753.119995,0.06,3.13,0,803.030029,22.32,1753.119995,0.06,3.13,0,

[player]
resource=player
movetype=0
pathtype=2
base_angle_y=0.0
enter_time=0
alpha_in=0
alpha_out=0
size_x=100
size_y=100
size_z=100
show_name=0
name=
time_action0=stop,814.16,20.07,1764.18,-0.00,-2.36,0.00,stand,10,true,,,,0,1.00,

[8921_7_1]
resource=npc\monster289
movetype=0
pathtype=2
base_angle_y=0.0
enter_time=0
alpha_in=0
alpha_out=1
show_name=0
name=
size_x=100
size_y=100
size_z=100
time_action0=stop,803.30,20.26,1721.53,0.00,-0.00,0.00,stand,1.0,true,,,,0,1.00,
time_action1=moveto,803.4,30.59,1727.6,qg_jump03,1,true,,,,1,1.00,0,,0,0,0,0
time_action2=stop,803.40,30.08,1727.60,0.00,-0.02,0.00,jumpdown,1.0,true,,,,0,1.00,
time_action3=moveto,803.27,25.07,1736.49,jump_f,2,true,,,,1,1.00,0,,0,0,0,0
time_action4=moveto,803.22,20.84,1743.8,jumpdowning,2,true,,,,1,1.00,0,,0,0,0,0
time_action5=stop,803.19,20.26,1743.57,-0.00,0.00,0.00,jumpdown,1.0,true,,,,0,1.00,
time_action6=stop,803.19,20.26,1743.57,0,0,0,stand,2,true,,,,0,1.00,

[movie_talk_id]
r0=3,movie_9780_1,2,

