[system]
hide_weapon=0
enternpc=
gutname=mrsj_8921_1
taskname=mrsj_8921_1.ini
info=
teamtype=0
refertype=2
show_all_npc=0
wait_terrain=1
show_head_to_chat=0
recover_camera=1
esc_key=0

[scenario_camera]
pathtype=2
angletype=4
modetype=3
is_offset_angle=0
offset_angle_y=0.0
enter_time=0
time_action0=20,5,0,1169.64,21.62,2304.90,0.10,6.31,0.00,1169.85,20.32,2325.52,0.13,6.28,0.00,
time_action0_vibrate=0,0.1,1.0,5.0,0
time_action1=20,2,0,1169.849976,20.32,2325.52002,0.13,6.28,0,1169.73,19.74,2335.16,0.12,6.27,0.00,
time_action2=20,14,0,1169.72998,19.74,2335.159912,0.12,6.27,0,1169.72998,19.74,2335.159912,0.12,6.27,0,

[player]
resource=player
movetype=0
pathtype=2
base_angle_y=0.0
enter_time=0
alpha_in=0
alpha_out=0
size_x=100
size_y=100
size_z=100
show_name=0
name=
time_action0=stop,1170.02,18.59,2306.72,0,-0.04,0,stand,21,true,,,,0,1.00,

[fade_section]
time_action0=0,1.0,0
time_action1=20,1.0,1

[yy1]
resource=npc\worldnpc1575
movetype=0
pathtype=2
base_angle_y=0.0
enter_time=0
alpha_in=0
alpha_out=0
show_name=0
name=
size_x=100
size_y=100
size_z=100
time_action0=stop,1169.7,18.24,2338.31,0,-3.14,0,ty_stand_03,10,true,,,,0,1.00,
time_action1=stop,1169.7,18.24,2338.31,0,-3.14,0,ty_turn_r_talk,6,true,,,,0,1.00,
time_action2=stop,1169.7,18.24,2338.31,0,-3.14,0,ty_stand_03,1,true,,,,0,1.00,
time_action3=stop,1169.7,18.24,2338.31,0,-3.14,0,CS_gb_xlsbzc04,2,false,,,,0,1.00,
time_action4=stop,1169.7,18.24,2338.31,0,-3.14,0,CS_gb_xlsbzc07,2,true,,,,0,1.00,

[movie_talk_id]
r0=1,movie_9774_1,2,
r1=5,movie_9774_2,2,
r2=11,movie_9774_3,2,
r3=16,movie_9774_4,2,

