[scenario_camera]
pathtype=2
angletype=4
modetype=3
is_offset_angle=0
offset_angle_y=0.0
enter_time=0
time_action0=20,5,0,1254.94,21.33,2318.42,0.54,1.94,0.00,1254.94,21.33,2318.42,0.54,1.94,0.00,
time_action1=20,4,0,1259.07,28.98,2295.44,0.45,0.92,0.00,1259.069946,28.98,2295.439941,0.45,0.92,0,
time_action2=20,3,0,1259.069946,28.98,2295.439941,0.45,0.92,0,1272.21,28.11,2298.00,0.07,1.55,0.00,

[player]
resource=player
movetype=0
pathtype=2
base_angle_y=0.0
enter_time=0
alpha_in=0
alpha_out=0
size_x=100
size_y=100
size_z=100
show_name=0
name=
time_action0=stop,1258.93,17.20,2316.89,-0.00,1.94,0.00,stand,5,true,,,,0,1.00,
time_action1=moveto,1270.52,24.4,2298.15,jumpdowning,3,true,,,,1,1.00,0,,0,0,0,0
time_action2=stop,1270.37,24.95,2297.95,-0.00,1.55,0.00,jumpdown,1.0,true,,,,0,1.00,
time_action3=moveto,1283.00,32.09,2297.82,jumpdowning,3,true,,,,1,1.00,0,,0,-0.00,0.00,0.00

[fade_section]
time_action0=0,1.0,0
time_action1=4,1.0,1
time_action2=11,1.0,1

[system]
enternpc=
gutname=mrsj_8921_10
taskname=mrsj_8921_10.ini
info=
teamtype=0
refertype=2
show_all_npc=0
wait_terrain=1
show_head_to_chat=0
recover_camera=1

[8921_10_1]
resource=npc\monster322
movetype=0
pathtype=2
base_angle_y=0.0
enter_time=0
alpha_in=0
alpha_out=0
show_name=0
name=
size_x=100
size_y=100
size_z=100
time_action0=stop,1261.18,17.20,2316.10,0.00,-1.27,0.00,stand,12,true,,,,0,1.00,

[movie_talk_id]
r0=1,movie_9783_1,2,
r1=4,movie_9783_2,2,
r2=7,movie_9783_3,2,

