[ppfilter]
GammaEnable=false
GradualEnable=true
GradualStart=0.200000
GradualEnd=1.000000
GradualExp=1.000000
GradualColor=255,108,167,226
HSIEnable=false
AdjustBaseColor=255,239,230,215
AdjustBrightness=55.000000
AdjustContrast=10.000000
AdjustSaturation=50.000000
AngleEnable=true
AngleStart=0.400000
AngleEnd=1.000000
AngleExp=0.700000
AngleColor=255,5,0,43

