[ppfilter]
GammaEnable=false
GradualEnable=true
GradualStart=0.100000
GradualEnd=1.500000
GradualExp=1.000000
GradualColor=255,95,120,120
HSIEnable=true
AdjustBaseColor=255,245,243,217
AdjustBrightness=53.000000
AdjustContrast=5.000000
AdjustSaturation=55.000000
AngleEnable=true
AngleStart=0.400000
AngleEnd=1.000000
AngleExp=0.700000
AngleColor=255,8,8,12

