[ppscrblur]
PPscrblurEnable=true
BlurAmount=0.600000
BlurQuality=0.000000
RTQuality=1.000000
BlurRate=0.001000
BlurValue=1.000000

