[ppvolumelighting]
ppvolumelightingEnable=true
SunColor=255, 214,176,115
SunRadius=0.000000
SunLevel=10.000000
SunShineRadius=1.000000
SunShineUp=0.327000
SampleBias=0.047000
SampleDistance=1.796800

