[Fog]
FogBottomColor=nil
FogBottomIntensity=0.000000
FogBottomHeight=0.000000
FogBottomDensity=0.000000
FogTopColor=nil
FogTopIntensity=0.000000
FogTopHeight=0.000000
FogTopDensity=0.000000
FogColorHeightOffset=0.000000
FogRadialColor=nil
FogRadialIntensity=0.000000
FogRadialSize=0.000000
FogRadialLobe=0.000000
FogFinalDensityClamp=0.000000
FogGlobalDensity=0.000000
FogRampStart=0.000000
FogRampEnd=0.000000
FogRampInfluence=0.000000
FogShadowDarkening=0.000000
FogShadowDarkeningSun=0.000000
FogShadowDarkeningAmbient=0.000000
FogShadowRange=0.000000

