[system]
hide_weapon=1
esc_key=0
enternpc=chengud[gxtoutou]@279 70 807
gutname=4003toutoumomo
taskname=movie_jzsj_4003.ini
info=
teamtype=0
refertype=2
show_all_npc=0
wait_terrain=1
show_head_to_chat=0
recover_camera=1

[laoda]
resource=npc\monster261
movetype=0
pathtype=2
base_angle_y=0.0
enter_time=0
alpha_in=0
alpha_out=0
size_x=100
size_y=100
size_z=100
time_action0=stop,11.78,8.05,-12.01,0,-1.91,0,stand,4,true,,,,0,1.00,
time_action1=moveto,-13.91,4.73,-16.21,h_run1_1,6,true,,,,0,1.00,0,
time_action2=stop,-13.91,4.73,-16.21,0,-1.78,0,b_stand_6,0.1,true,,,,0,1.00,
time_action3=stop,-13.91,4.73,-16.21,0.00,-1.78,0.00,ty_kv5_3,2,true,,,,0,1.00,
time_action4=moveto,-23.07,4.73,-18.61,h_run1_1,3,true,,,,0,1.00,0,
time_action5=stop,-23.07,4.73,-18.61,0,-1.82,0,stand,0.1,true,,,,0,1.00,

[player]
resource=player
movetype=0
pathtype=2
base_angle_y=0.0
enter_time=0
alpha_in=0
alpha_out=0
size_x=100
size_y=100
size_z=100
time_action0=stop,-0.38,8.05,3.13,-0.00,2.86,0.00,stand,1.0,true,,,,0,1.00,
time_action1=moveto,0.47,8.05,0.32,fi_0h_walk,3,true,,,,0,1.00,0,
time_action2=stop,0.47,8.05,0.32,0,2.85,0,stand,1.0,true,,,,0,1.00,
time_action3=stop,3.79,8.05,1.89,0.00,-1.75,0.00,stand,1.0,true,,,,0,1.00,
time_action4=stop,3.79,8.05,1.89,0,-1.75,0,stand,9,true,,,,0,1.00,
time_action5=moveto,1.31,8.05,1.28,fi_0h_walk,3,true,,,,0,1.00,0,
time_action6=stop,1.31,8.05,1.28,0,-1.81,0,stand,1,true,,,,0,1.00,

[scenario_camera]
pathtype=2
angletype=4
modetype=3
time_action0=20,4,0,0.102692,9.909821,7.513733,0.159477,3.057835,0,0.102692,9.909821,7.513733,0.159477,3.057835,0,
time_action1=20,2,0,1.049438,9.638008,0.626221,0.041888,2.784246,0,1.049438,9.638008,0.626221,0.041888,2.784246,0,
time_action2=20,0.5,1,1.049438,9.638008,0.626221,0.041888,2.784246,0,3.795715,9.758087,1.46228,0.048869,4.580835,0,
time_action3=20,0.5,0,3.795715,9.758087,1.46228,0.048869,4.580835,0,3.795715,9.758087,1.46228,0.048869,4.580835,0,
time_action4=20,3,0,2.627991,11.577126,7.501892,0.307178,3.475385,0,2.627991,11.577126,7.501892,0.307178,3.475385,0,
time_action5=20,2.1,0,-16.304657,6.315262,-12.725464,0.217424,2.615914,0,-16.304657,6.315262,-12.725464,0.217424,2.615914,0,
time_action6=20,3,0,-16.304657,6.315262,-12.725464,0.217424,2.615914,0,-16.304657,6.315262,-12.725464,0.158083,4.021776,0,
time_action7=20,4,0,-0.143158,9.664551,0.877502,0.162005,1.328361,0,-0.143158,9.664551,0.877502,0.162005,1.328361,0,

[fade_section]
time_action0=0,1.0,2
time_action1=1,1.0,0
time_action2=18,1.0,1
time_action3=19,1.0,2

