[system]
enternpc=FunnpcClone007005[ctm]@855 24 670
gutname=5026chengduxinshou
taskname=movie_xinshou04_5026.ini
info=
teamtype=0
refertype=2
show_all_npc=0
wait_terrain=0
esc_key=1
hide_weapon=1

[player]
resource=player
movetype=0
pathtype=2
base_angle_y=0.0
enter_time=0
alpha_in=0
alpha_out=0
time_action0=stop,1.26,0.18,1.23,0,0.86,0,stand,3,true,,,,0,1.00,
time_action1=stop,1.26,0.18,1.23,0.00,1.75,0.00,stand,1.0,true,,,,0,1.00,
time_action2=stop,1.26,0.18,1.23,0,1.75,0,interact288,3,true,,,,0,1.00,

[shifu]
resource=npc\funcnpc010
movetype=0
pathtype=2
base_angle_y=0.0
enter_time=0
alpha_in=0
alpha_out=0
time_action0=stop,1.74,0.18,1.8,0,-1.98,0,stand,7,true,,,,0,1.00,

[shixiong]
resource=npc\worldnpc160
movetype=0
pathtype=2
base_angle_y=0.0
enter_time=0
alpha_in=0
alpha_out=0
time_action0=stop,4.35,0.18,0.62,0,-1.45,0,stand,2,true,,,,0,1.00,
time_action1=stop,4.35,0.18,0.62,0,-1.45,0,ty_wave,2,true,,,,0,1.00,
time_action2=stop,4.35,0.18,0.62,0,-1.45,0,stand,3,true,,,,0,1.00,

[scenario_camera]
pathtype=2
angletype=4
modetype=3
time_action0=20,2,0,-1.964539,3.231688,-1.52179,0.338683,0.863488,0,1.607544,2.076391,0.079773,0.247926,1.358726,0,
time_action1=20,2,0,1.607544,2.076391,0.079773,0.247926,1.358726,0,1.607544,2.076391,0.079773,0.247926,1.358726,0,
time_action2=20,3,0,3.199646,1.204216,0.067688,-0.027837,-0.856749,0,3.199646,1.204216,0.067688,-0.027837,-0.856749,0,

[fade_section]
time_action0=6,1.0,1
time_action1=7,1.0,0

[movie_talk_id]
r0=3,movie_5026_1,1,
r1=5,movie_5026_2,1,

