[system]
esc_key=1
hide_weapon=1
enternpc=5559WAWQG[hewt]@765 23 575
gutname=6678taotuomozhua
taskname=movie_scene05_6678.ini
info=
teamtype=0
refertype=2
show_all_npc=1
wait_terrain=1
show_head_to_chat=0
recover_camera=0
music=FBdonghua04_jiliezhengchao

[daoshi]
resource=npc\worldnpc197
movetype=0
pathtype=2
base_angle_y=0.0
enter_time=0
alpha_in=0
alpha_out=0
show_name=0
name=
size_x=100
size_y=100
size_z=100
time_action0=stop,36.3,1.5,51,0,-2.27,0,ty_kv3_4,14,true,,,,0,1.00,
time_action1=moveto,34.53,1.5,49.31,h_walk15_1,3,true,,,,0,1.00,0,,0,0,0,0
time_action2=stop,34.53,1.5,49.31,0,-2.32,0,ty_kv3_2,4,true,,,,0,1.00,
time_action3=stop,34.53,1.5,49.31,0,-2.32,0,ds_diedown1_1,2,true,,,,0,1.00,
time_action4=stop,34.53,1.5,49.31,0,-2.32,0,ds_diedownloop1_1,1,true,,,effect_obj_move_350||1|1,0,1.00,
time_action5=stop,34.53,1.5,49.31,0,-2.32,0,ds_diedownloop1_1,3,true,,,effect_obj_move_350a||3|1,0,1.00,

[huaruifuren]
resource=npc\monster333
movetype=0
pathtype=2
base_angle_y=0.0
enter_time=0
alpha_in=0
alpha_out=0
show_name=0
name=
size_x=100
size_y=100
size_z=100
time_action0=stop,38.87,1.50,53.50,-0.00,-2.33,0.00,stand,1.0,true,,,,0,1.00,
time_action1=hide,0,0,0,0,16,
time_action2=stop,38.87,1.5,53.5,0,-2.33,0,stand,10,true,,,,0,1.00,

[scenario_camera]
pathtype=2
angletype=4
modetype=3
time_action0=20,4,0,0.407715,2.995207,7.065796,0.345543,3.415452,0,0.256592,2.796913,6.503235,0.316454,3.382727,0,
is_offset_angle=0
offset_angle_y=0.0
time_action1=20,2,0,-0.191101,1.89262,2.124939,0.06257,-2.132216,0,-0.191101,1.89262,2.124939,0.06257,-2.132216,0,
time_action1_vibrate=6,0.2,2,2,0
time_action2=20,1,1,-0.191101,1.89262,2.124939,0.06257,-2.132216,0,-0.285828,1.671633,2.063354,0.408727,-2.146942,0,
time_action2_vibrate=8,0.5,2,1,0
time_action3=20,2,0,35.826965,4.200182,49.149597,0.76158,4.512568,0,36.359253,4.718004,49.257446,0.76158,4.512568,0,
time_action4=20,2,1,33.503662,1.992008,49.135803,0.020868,-0.398884,0,33.503662,1.992008,49.135803,-0.598724,-0.369432,0,
time_action5=20,2,2,33.503662,1.992008,49.135803,-0.598724,-0.369432,0,33.503662,1.992008,49.135803,-0.639449,1.256997,0,
time_action6=20,0.3,0,33.503662,1.992008,49.135803,-0.639449,1.256997,0,33.503662,1.992008,49.135803,-0.206025,0.995198,0,
time_action7=20,0.7,0,33.503662,1.992008,49.135803,-0.206025,0.995198,0,33.503662,1.992008,49.135803,-0.206025,0.995198,0,
time_action8=20,3,0,29.578308,2.673698,47.632813,0.087768,1.286438,0,29.685608,2.673698,47.278687,0.137219,1.206262,0,
time_action9=20,6,0,33.855652,2.750015,48.663452,-0.247338,0.819537,0,33.616516,2.667395,48.440125,-0.247338,0.819537,0,
time_action10=20,1,0,32.007629,5.240866,50.084717,0.892945,1.91255,0,32.007629,5.240866,50.084717,0.892945,1.91255,0,
time_action11=20,3,0,38.481689,2.369259,51.356262,-0.128072,0.22558,0,38.663208,2.534008,52.20636,-0.244428,0.196128,0,

[player]
resource=player
movetype=0
pathtype=2
base_angle_y=0.0
enter_time=0
alpha_in=0
alpha_out=0
size_x=100
size_y=100
size_z=100
show_name=0
name=
time_action0=stop,-0.46,0.31,1.8,0,-2.11,0,interact420,4,true,,,effect_npcitem012|Bip01 R Finger2Nub|4|1,1,1.00,
time_action1=stop,33.39,1.5,48.37,0,0.87,0,stand,1,true,,,,0,1.00,
time_action2=stop,33.39,1.5,48.37,0,0.87,0,stand,1.0,true,,,,0,1.00,
time_action3=stop,33.39,1.5,48.37,0,0.87,0,interact472,7,true,,,,0,1.00,
time_action4=stop,33.39,1.5,48.37,0,0.87,0,interact524,14,true,,,,0,1.00,

[fade_section]
time_action0=0,1.0,0
time_action1=6,1.0,1
time_action2=7,1.0,0
time_action3=25,1.0,1
time_action4=26,1.0,2

[movie_talk_id]
r0=4,movie_6678_1,2,
r1=7, ,2,
r2=14,movie_6678_2,2,
r3=17,movie_6678_3,2,
r4=21,movie_6678_4,2,
r5=23, ,2,

[screen_section]
time_action0=4,3,3,0.0,0.0

