[system]
enternpc=
gutname=husongxizi
taskname=husongxizi001.ini
info=
teamtype=0
refertype=2
show_all_npc=1
wait_terrain=1
show_head_to_chat=0
recover_camera=0
restore_pos=0
esc_key=0
hide_weapon=0

[player]
resource=player
movetype=0
pathtype=2
base_angle_y=0.0
enter_time=0
alpha_in=0
alpha_out=0
size_x=100
size_y=100
size_z=100
time_action0=stop,584.92,23.3,792.87,0,-0.68,0,stand,0.1,true,,,,0,1.00,
time_action1=moveto,571.92,23.28,803.85,walk,9.0,true,,,,0,1.00,1,
time_action2=stop,571.68,23.28,803.49,0,-1.17,0,stand,8.0,true,,,,0,1.00,

[fade_section]
time_action0=0,1.0,0
time_action1=15.9,1.0,1
time_action2=16.9,2,2

[movie_talk_id]
r0=8,movie_203_1,2,;;;
r1=10,movie_203_2,2,
r2=11,movie_203_3,2,

[scenario_camera]
pathtype=2
angletype=4
modetype=3
time_action0=17,7,0,579.92,25.56,800.36,0.24,2.75,0.00,573.96,25.73,811.13,0.22,3.46,0.00,player
time_action1=17,10,0,573.960022,25.73,811.130005,0.22,3.46,0,581.08,26.65,804.82,0.23,4.67,0.00,player

[xizi2]
resource=npc\fbfunnpc015003
movetype=0
pathtype=2
base_angle_y=0.0
enter_time=0
alpha_in=0
alpha_out=0
size_x=100
size_y=100
size_z=100
time_action0=stop,584.48,23.3,792.27,0,-0.63,0,ty_baofustandloop,0.1,true,,,effect_npcitem025|fbfunnpc015003_shoulderR_01|1|1,0,1.00,
time_action1=moveto,571.49,23.28,802.44,ty_baofuwalk,9.0,true,,,effect_npcitem025|fbfunnpc015003_shoulderR_01|10|10,0,1.00,1,
time_action2=moveto,568.45,23.29,803.08,ty_baofuwalk,2.0,true,,,effect_npcitem025|fbfunnpc015003_shoulderR_01|10|1,0,1.00,0,
time_action3=stop,568.45,23.29,803.08,0,1.93,0,stand,0.5,true,,,,0,1.00,
time_action4=stop,568.45,23.29,803.08,0,1.93,0,ty_baofustandloop,3,true,,,effect_npcitem025|fbfunnpc015003_shoulderR_01|3|1,0,1.00,
time_action5=moveto,563.21,23.3,807.45,ty_baofuwalk,3.5,true,,,effect_npcitem025|fbfunnpc015003_shoulderR_01|3|1,0,1.00,0,

[xizi]
resource=npc\worldnpc182
movetype=0
pathtype=2
base_angle_y=0.0
enter_time=0
alpha_in=0
alpha_out=0
size_x=100
size_y=100
size_z=100
time_action0=stop,569.06,23.29,803.77,0,2.09,0,ty_baofustandloop,13.5,true,,,effect_npcitem025|worldnpc182_shoulderR_01|15|1,0,1.00,
time_action1=moveto,563.73,23.3,808.16,ty_baofuwalk,3.5,true,,,effect_npcitem025|worldnpc182_shoulderR_01|4|1,0,1.00,0,

