[scenario_camera]
pathtype=2
angletype=4
modetype=3
time_action0=20,4,0,670.69,28.84,753.77,0.41,5.51,0.00,670.69,28.84,753.77,0.41,5.51,0.00,
time_action2_ctrl1=0.0,0.0,0.0
time_action2_ctrl2=0.0,0.0,0.0
time_action1=20,4,0,667.84,27.96,755.32,0.04,2.54,0.00,669.840027,28.07,755.210022,-0.19,0.99,0,
time_action2=20,5,0,669.84,28.07,755.21,-0.19,0.99,0.00,669.10,29.56,754.34,0.66,2.40,0.00,
time_action3=20,5,0,669.099731,29.563328,754.341248,0.659911,2.398774,0,668.32,29.13,756.97,-0.01,3.81,0.00,

[player]
resource=player
movetype=0
pathtype=2
base_angle_y=0.0
enter_time=0
alpha_in=0
alpha_out=0
size_x=100
size_y=100
size_z=100
time_action0=stop,668.09,26.38,755.46,0,2.56,0,stand,18.0,true,,,,0,1.00,

[fade_section]
time_action0=0,1.0,0
time_action1=20,2.0,1

[movie_talk_id]
r0=1,movie_202_1,2,

[system]
enternpc=
gutname=jiuloumingan
taskname=jiuloumingan001.ini
info=
teamtype=0
refertype=2
show_all_npc=1
wait_terrain=1
show_head_to_chat=0
recover_camera=0
esc_key=0
restore_pos=1

[baiyinvzi]
resource=npc\worldnpc1162
movetype=0
pathtype=2
base_angle_y=0.0
enter_time=13
alpha_in=0
alpha_out=0
size_x=100
size_y=100
size_z=100
time_action0=stop,662.71,28.88,751.17,-0.00,0.80,0.00,stand,4.0,true,,,,0,1.00,
time_action1=stop,662.71,28.88,751.17,-0.00,-2.43,0.00,stand,0.1,true,,,,0,1.00,
time_action2=moveto,649.37,29.27,739.01,walk,4.9,true,,,,1,1.00,0,

