[scenario_camera]
pathtype=2
angletype=4
modetype=3
time_action0=17,1,0,202.83,76.21,773.43,0.30,2.03,0.00,209.49,72.78,766.39,-0.18,0.42,0.00,xjz_zx_006
time_action1=17,1.1,0,209.40,74.85,762.33,0.20,0.20,0.00,207.30,72.94,769.63,-0.13,1.63,0.00,xjz_zx_006
time_action2=17,2.4,0,204.71,74.24,765.83,0.32,1.03,0.00,208.288849,72.973686,767.987854,-0.026126,1.034109,0,xjz_zx_006
time_action3=20,0.5,0,208.288849,72.973686,767.987854,-0.026126,1.034109,0,208.288849,72.973686,767.987854,-0.026126,1.034109,0,

[player]
resource=player
movetype=0
pathtype=2
base_angle_y=0.0
enter_time=0
alpha_in=0
alpha_out=0
size_x=100
size_y=100
size_z=100
time_action0=stop,243.66,74.67,770.86,0,-2.2,0,stand,5,true,,,,0,1.00,

[system]
enternpc=
gutname=movie_xjz_4269
taskname=movie_xjz_4269.ini
info=
teamtype=0
refertype=0
show_all_npc=0
wait_terrain=1
show_head_to_chat=0
recover_camera=0

[xjz_zx_006]
resource=npc\worldnpc1204
movetype=0
pathtype=2
base_angle_y=0.0
enter_time=0
alpha_in=0
alpha_out=0
size_x=100
size_y=100
size_z=100
time_action0=stop,210.83,71.84,769.42,0,-2.18,0,NA_ds_atk4_2,1.0,true,,,,0,1.00,
time_action1=stop,210.83,71.84,769.42,0,-2.18,0,NA_ds_atk5_2,1.1,true,,,,0,1.00,
time_action2=stop,210.83,71.84,769.42,0,-2.18,0,NA_h_atk2_4,1.8,true,,,,0,1.00,
time_action3=stop,210.83,71.84,769.42,0,-2.18,0,NA_k_atk2_1,1.1,true,,,,0,1.00,

