[system]
enternpc=YdNpc_place1[xiuxingzhe]@1042.772 25.032 639.833
gutname=5021yanyuzhangxinshou
taskname=movie_5022.ini
info=
teamtype=0
refertype=2
show_all_npc=0
wait_terrain=1
hide_weapon=1
esc_key=1
restore_pos=1
music=

[player]
resource=player
movetype=0
pathtype=2
base_angle_y=0.0
enter_time=0
alpha_in=0
alpha_out=0
time_action0=stop,-1.89,-0.00,-1.73,0.00,0.64,0.00,ng_state_1,15,true,,,,0,1.00,
time_action1=stop,-1.89,-0.00,-1.73,0.00,0.64,0.00,xl_ng_succeed_01,8,false,,,,0,1.00,
time_action2=stop,-1.89,-0.00,-1.73,0.00,0.64,0.00,stand,4,true,,,,0,1.00,
time_action3=stop,-1.89,-0.00,-1.73,0.00,0.64,0.00,interact288,3,true,,,,0,1.00,
time_action4=stop,-1.89,-0.00,-1.73,0.00,0.64,0.00,stand,1.0,true,,,,0,1.00,

[scenario_camera]
pathtype=2
angletype=4
modetype=3
enter_time=0
time_action0=33,8,0,-14.648465,-8.74514,125.981819,0.050818,3.162504,0,-5.983426,-1.070723,24.531685,0.329634,3.130599,0,player
time_action1=33,12,0,-5.983426,-1.070723,24.531685,0.329634,3.130599,0,0.836643,3.853342,-10.570732,0.536688,6.068489,0,player
time_action2=17,2,0,2.003879,1.582101,0.164009,0.356047,4.428976,0,2.003879,1.582101,0.164009,0.356047,4.428976,0,xiuxingzhe
time_action1_ctrl1=-2.198392,3.393972,7.079231
time_action1_ctrl2=6.702121,3.853342,-1.852226
time_action0_ctrl1=-15.655057,-5.401577,96.108284
time_action0_ctrl2=-11.78201,5.528747,47.807564
time_action3=17,5,0,2.003879,1.582101,0.164009,0.356047,4.428976,0,2.003879,1.582101,0.164009,0.356047,4.428976,0,xiuxingzhe
time_action4=17,4,0,-4.131497,3.949462,-0.631279,0.901898,2.045786,0,-4.131497,3.949462,-0.631279,0.901898,2.045786,0,player

[fade_section]
time_action0=30,1.0,1
time_action1=31,1.0,2

[movie_talk_id]
r0=0,movie_5113_1,2,;;;
r1=5,movie_5113_2,2,
r2=11,movie_5113_3,2,
r3=16,movie_5113_4,2,
r4=21,movie_5113_5,2,
r5=27,movie_5113_6,2,

[xiuxingzhe]
resource=npc\worldnpc244
movetype=0
pathtype=2
base_angle_y=0.0
enter_time=0
alpha_in=1
alpha_out=1
time_action0=stop,-0.00,-0.00,0.00,0.00,2.47,0.00,ty_dazuoloop,10,true,,,,0,1.00,
time_action1=stop,-0.00,-0.00,0.00,0.00,2.47,0.00,b_situp1_1,3,false,,,,0,1.00,
time_action2=stop,-0.00,-0.00,0.00,0.00,2.47,0.00,stand_turndefult,4,true,,,,0,1.00,
time_action3=stop,-0.00,-0.00,0.00,0.00,4.10,0.00,walk,1.0,true,,,,0,1.00,
time_action4=stop,-0.00,-0.00,0.00,0.00,4.10,0.00,ty_nod,5,true,,,,0,1.00,
time_action5=stop,-0.00,-0.00,0.00,0.00,4.10,0.00,ty_talk,3,true,,,,0,1.00,
time_action6=stop,-0.00,-0.00,0.00,0.00,4.10,0.00,stand_turndefult,5,true,,,,0,1.00,

