[system]
restore_pos=1
enternpc=
gutname=movie_xjz_4265
taskname=movie_xjz_4265.ini
info=
teamtype=0
refertype=0
show_all_npc=0
wait_terrain=1
show_head_to_chat=0
recover_camera=0
esc_key=0

[worldnpc09857]
resource=npc\worldnpc1274
movetype=0
pathtype=2
base_angle_y=0.0
enter_time=0
alpha_in=0
alpha_out=0
size_x=100
size_y=100
size_z=100
time_action0=stop,566.09,39.07,289.02,0,-2.99,0,CS_buff_3h_02,1.1,true,,,,0,1.00,
time_action1=stop,566.09,39.07,289.02,0,-2.99,0,buff_0h_05,1.6,true,,,,0,1.00,
time_action2=stop,566.09,39.07,289.02,0,-2.99,0,CS_fight_0h_jb_16,1.8,true,,,,0,1.00,

[scenario_camera]
pathtype=2
angletype=4
modetype=3
time_action0=17,1.1,0,569.48,41.47,289.76,0.43,4.58,0.00,566.13,39.94,287.19,-0.25,6.25,0.00,worldnpc09857
time_action1=17,1.6,0,563.07,41.02,288.68,0.26,1.35,0.00,564.486633,41.182182,286.331055,0.353589,6.867166,0,worldnpc09857
time_action2=17,1.2,0,566.27,41.41,284.23,0.26,6.23,0.00,566.070251,40.264294,287.131012,0.017453,0.072649,0,worldnpc09857
time_action3=20,0.6,0,566.070251,40.264294,287.131012,0.017453,0.072649,0,566.070251,40.264294,287.131012,0.017453,0.072649,0,
time_action3_vibrate=0,0.1,0.2,0.6,0

[player]
resource=player
movetype=0
pathtype=2
base_angle_y=0.0
enter_time=0
alpha_in=0
alpha_out=0
size_x=100
size_y=100
size_z=100
time_action0=stop,574.26,38.95,292.06,0,-1.4,0,stand,4.5,true,,,,0,1.00,

