[system]
enternpc=
gutname=movie_xjz_4267
taskname=movie_xjz_4267.ini
info=
teamtype=0
refertype=0
show_all_npc=0
wait_terrain=1
show_head_to_chat=0
recover_camera=0

[xjz_zx_004]
resource=npc\worldnpc239
movetype=0
pathtype=2
base_angle_y=0.0
enter_time=0
alpha_in=0
alpha_out=0
size_x=100
size_y=100
size_z=100
time_action0=stop,400.75,22.97,621.14,-0.00,2.94,0.00,stand,0.1,true,,,,0,1.00,
time_action1=moveto,400.93,22.97,618.97,dc_fi_walk1_1,2,true,,,,0,1.00,0,
time_action2=stop,400.93,22.97,618.97,-0.00,3.07,0.00,cs_0h_10,1.3,true,,,,0,1.00,
time_action3=stop,400.93,22.97,618.97,0,3.07,0,fight_0h_jb_15,1.6,true,,,,0,1.00,

[scenario_camera]
pathtype=2
angletype=4
modetype=3
time_action0=17,3.4,0,399.69,24.56,618.50,0.05,0.30,0.00,400.501862,24.62112,616.459595,0.177447,0.103024,0,xjz_zx_004
time_action1=20,0.9,0,402.08,23.99,616.80,-0.01,5.74,0.00,402.08,23.99,616.80,-0.01,5.74,0.00,
time_action2=20,0.3,0,402.079987,23.99,616.799988,-0.01,5.74,0,402.079987,23.99,616.799988,-0.01,5.74,0,
time_action2_vibrate=0,0.1,0.1,0.3,0
time_action3=20,0.4,0,402.079987,23.99,616.799988,-0.01,5.74,0,402.079987,23.99,616.799988,-0.01,5.74,0,

[player]
resource=player
movetype=0
pathtype=2
base_angle_y=0.0
enter_time=0
alpha_in=0
alpha_out=0
size_x=100
size_y=100
size_z=100
time_action0=stop,424.25,15.94,630.85,0,-2.96,0,stand,5,true,,,,0,1.00,

