[system]
enternpc=
gutname=movie_xjz_4270
taskname=movie_xjz_4270.ini
info=
teamtype=0
refertype=0
show_all_npc=0
wait_terrain=1
show_head_to_chat=0
recover_camera=0

[worldnpc09842]
resource=npc\monster518
movetype=0
pathtype=2
base_angle_y=0.0
enter_time=0
alpha_in=0
alpha_out=0
size_x=100
size_y=100
size_z=100
time_action0=stop,1319.56,82.59,620.27,-0.00,-3.10,0.00,stand,0.1,true,,,,0,1.00,
time_action1=moveto,1319.61,82.59,615.64,dc_fi_walk1_1,2,true,,,,0,1.00,1,
time_action2=stop,1319.61,82.59,615.64,0,0,0,cs_0h_10,1.5,true,,,,0,1.00,
time_action3=stop,1319.61,82.59,615.64,0,0,0,stand,0.1,true,,,,0,1.00,
time_action4=stop,1319.61,82.59,615.64,0,0,0,b_datk6_5,1.8,true,,,,0,1.00,

[scenario_camera]
pathtype=2
angletype=4
modetype=3
time_action0=17,2.2,0,1318.62,84.22,618.72,0.14,0.48,0.00,1321.30,84.22,613.59,0.14,5.17,0.00,worldnpc09842
time_action1=17,1.5,0,1321.297729,84.220108,613.589844,0.13808,5.17439,0,1321.297729,84.220108,613.589844,0.13808,5.17439,0,worldnpc09842
time_action2=17,1.8,0,1317.89,83.39,618.05,-0.11,2.86,0.00,1317.89,83.39,618.05,-0.11,2.86,0.00,worldnpc09842

[player]
resource=player
movetype=0
pathtype=2
base_angle_y=0.0
enter_time=0
alpha_in=0
alpha_out=0
size_x=100
size_y=100
size_z=100
time_action0=stop,1319.75,84.87,601.4,0,-1.79,0,stand,5.5,true,,,,0,1.00,

