[system]
enternpc=
gutname=movie_xjz_4271
taskname=movie_xjz_4271.ini
info=
teamtype=0
refertype=0
show_all_npc=0
wait_terrain=1
show_head_to_chat=0
recover_camera=0

[xjz_zx_009]
resource=npc\worldnpc292
movetype=0
pathtype=2
base_angle_y=0.0
enter_time=0
alpha_in=0
alpha_out=0
size_x=100
size_y=100
size_z=100
time_action0=stop,363.56,123.98,63.04,-0.00,2.77,0.00,stand,0.1,true,,,,0,1.00,
time_action1=moveto,363.46,124.52,60.67,dc_fi_walk1_1,1.0,true,,,,0,1.00,1,
time_action2=stop,363.46,124.52,60.67,0,-3.14,0,CS_jh_kxtd_05,5.2,true,,,,0,1.00,

[scenario_camera]
pathtype=2
angletype=4
modetype=3
time_action0=17,1.5,0,363.56,126.17,60.41,0.19,6.28,0.00,362.65,126.17,57.38,0.17,0.59,0.00,xjz_zx_009
time_action1=17,1.4,0,367.46933,126.242317,58.125835,0.326908,5.593586,0,367.46933,126.242317,58.125835,0.326908,5.593586,0,xjz_zx_009
time_action2=17,0.8,0,361.193268,126.298012,61.954586,0.135701,2.662067,0,361.193268,126.298012,61.954586,0.135701,2.662067,0,xjz_zx_009
time_action3=17,1.0,0,364.911316,126.137146,55.777634,0.169447,6.082317,0,364.911316,126.137146,55.777634,0.169447,6.082317,0,xjz_zx_009
time_action4=17,1.0,0,368.58,126.42,61.10,0.21,4.57,0.00,364.60965,126.127861,56.74226,0.072154,5.978169,0,xjz_zx_009
time_action5=17,0.6,0,364.60965,126.127861,56.74226,0.072154,5.978169,0,364.60965,126.127861,56.74226,0.072154,5.978169,0,xjz_zx_009

[player]
resource=player
movetype=0
pathtype=2
base_angle_y=0.0
enter_time=0
alpha_in=0
alpha_out=0
size_x=100
size_y=100
size_z=100
time_action0=stop,345.54,130.83,33.51,0,-2.83,0,stand,6.3,true,,,,0,1.00,

