[system]
enternpc=
gutname=movie_xjz_4266
taskname=movie_xjz_4266.ini
info=
teamtype=0
refertype=0
show_all_npc=0
wait_terrain=1
show_head_to_chat=0
recover_camera=0

[xjz_zx_001]
resource=npc\worldnpc315
movetype=0
pathtype=2
base_angle_y=0.0
enter_time=0
alpha_in=0
alpha_out=0
size_x=100
size_y=100
size_z=100
time_action0=stop,578.95,38.62,286,0,-1.56,0,h_datk3_4,1.5,true,,,,0,1.00,
time_action1=stop,578.95,38.62,286,0,-1.56,0,h_datk4_4,2,true,,,,0,1.00,
time_action2=stop,578.95,38.62,286,0,-1.56,0,buff_1h_01,1.5,true,,,,0,1.00,

[scenario_camera]
pathtype=2
angletype=4
modetype=3
time_action0=17,2.5,0,581.06,41.63,291.27,0.25,3.52,0.00,575.75,40.50,285.46,0.10,1.40,0.00,xjz_zx_001
time_action1=20,1.5,0,575.75,40.5,285.459991,0.1,1.4,0,575.75,40.5,285.459991,0.1,1.4,0,
time_action2=20,1,0,575.75,40.5,285.459991,0.1,1.4,0,575.75,40.5,285.459991,0.1,1.4,0,

[player]
resource=player
movetype=0
pathtype=2
base_angle_y=0.0
enter_time=0
alpha_in=0
alpha_out=0
size_x=100
size_y=100
size_z=100
time_action0=stop,573.08,39.08,278.06,0,1.91,0,stand,5,true,,,,0,1.00,

