[system]
esc_key=1
hide_weapon=0
enternpc=
gutname=Ðì¼Ò×¯ÅÌÎÊ
taskname=xujiazhuangpanwen.ini
info=
teamtype=0
refertype=2
show_all_npc=1
wait_terrain=1
show_head_to_chat=0
recover_camera=0
restore_pos=1

[fade_section]
time_action0=0,1.0,0
time_action1=24,1.0,1

[player]
resource=player
movetype=0
pathtype=2
base_angle_y=0.0
enter_time=0
alpha_in=0
alpha_out=0
size_x=100
size_y=100
size_z=100
time_action0=stop,572.66,39.08,286.69,0,-1.6,0,stand,1,true,,,,0,1.00,
time_action1=moveto,568.45,39.08,286.37,walk,3,true,,,,0,1.00,1,
time_action2=stop,568.45,39.08,286.37,0,-1.55,0,stand,21,true,,,,0,1.00,

[movie_talk_id]
r0=4,movie_4259_1,2,
r1=7,movie_4259_2,2,
r2=11,movie_4259_3,2,
r3=16,movie_4259_4,2,
r4=20,movie_4259_5,2,
r5=22,movie_4259_6,2,

[scenario_camera]
pathtype=2
angletype=4
modetype=3
enter_time=0
time_action0=20,1,0,565.88,41.16,291.48,0.24,2.35,0.00,565.880005,41.16,291.480011,0.24,2.35,0,
time_action1=20,3,0,565.880005,41.16,291.480011,0.24,2.35,0,571.47,41.01,290.43,0.26,3.96,0.00,

