[MainInfo]
FrameTime=0.033333
RulerStart=0.000000
RulerEnd=500.000000
CameraX=453.332642
CameraY=85.529663
CameraZ=920.209656
CameraRX=0.145447
CameraRY=-2.558748
CameraRZ=-0.000000
CaptureAngleX=0.000000
CaptureAngleY=0.000000
CaptureAngleZ=0.000000
CapturePosX=0.000000
CapturePosY=0.000000
CapturePosZ=0.000000
CanBreak=0
ShowPlayer=0
ShowNpc=0
ShowWeapon=0
Player=npc_2

[npc_1]
WorldType=objects
ObjectType=Actor
Name=22F0D93055D24D2F80B2292DDCD88C46
VisualType=Actor
PositionX=430.000000
PositionY=70.475998
PositionZ=824.000000
AngleX=0.000000
AngleY=-1.694996
AngleZ=0.000000
ScaleX=0.999994
ScaleY=1.000000
ScaleZ=0.999994
VisualConfig=ini\npc\boss215.ini
Path=npc_1.xml

[npc_2]
WorldType=objects
ObjectType=Actor
Name=5FBCBD478BC047C7BA2FE3D5E788C5C2
VisualType=Actor
PositionX=382.703827
PositionY=68.240082
PositionZ=820.595398
AngleX=-0.000000
AngleY=1.419993
AngleZ=0.000000
ScaleX=0.999899
ScaleY=1.000000
ScaleZ=0.999899
VisualConfig=ini\npc\b_banlvxinmo02.ini
Path=npc_2.xml

[npc_3]
WorldType=objects
ObjectType=Actor
Name=71564D4FA98C4501824B97E7BD64579D
VisualType=Actor
PositionX=382.083191
PositionY=67.988106
PositionZ=818.655029
AngleX=-0.000000
AngleY=1.474997
AngleZ=0.000000
ScaleX=0.999979
ScaleY=1.000000
ScaleZ=0.999979
VisualConfig=ini\npc\b_banlvxinmo03.ini
Path=npc_3.xml

[npc_4]
WorldType=objects
ObjectType=Actor
Name=23DD1D214FE54F698C94C8110BE822E2
VisualType=Actor
PositionX=381.999756
PositionY=68.446640
PositionZ=821.937439
AngleX=-0.000000
AngleY=2.194993
AngleZ=0.000000
ScaleX=0.999798
ScaleY=1.000000
ScaleZ=0.999798
VisualConfig=ini\npc\b_banlvxinmo04.ini
Path=npc_4.xml

[camera_1]
WorldType=objects
ObjectType=camera
Name=448E1A30EC9F472E8647765A32A902BF
VisualType=CameraWrapper
PositionX=453.332642
PositionY=85.529663
PositionZ=920.209656
AngleX=0.145447
AngleY=-2.558748
AngleZ=-0.000000
ScaleX=1.000000
ScaleY=1.000000
ScaleZ=1.000000
VisualConfig=mdl\camera\camera01\camera.xmod
CameraType=free
Fovx=1.809219
Path=camera_1.xml

[camera_2]
WorldType=objects
ObjectType=camera
Name=9335D80B5608489EAF9C7865393D1522
VisualType=CameraWrapper
PositionX=391.852570
PositionY=74.307823
PositionZ=822.239868
AngleX=-0.401423
AngleY=-1.945154
AngleZ=0.000000
ScaleX=1.000000
ScaleY=1.000000
ScaleZ=1.000000
VisualConfig=mdl\camera\camera01\camera.xmod
CameraType=free
Fovx=1.809219
Path=camera_2.xml

[custom]
WorldType=global
ObjectType=custom
Name=
VisualType=
Path=custom.xml

[camera_3]
WorldType=objects
ObjectType=camera
Name=3E0720971CA9428E82C06B3146A2B5AD
VisualType=CameraWrapper
PositionX=428.102692
PositionY=71.914139
PositionZ=824.199768
AngleX=-0.002906
AngleY=1.945839
AngleZ=0.000000
ScaleX=1.000000
ScaleY=1.000000
ScaleZ=1.000000
VisualConfig=mdl\camera\camera01\camera.xmod
CameraType=free
Fovx=1.809219
Path=camera_3.xml

[camera_4]
WorldType=objects
ObjectType=camera
Name=A22F60B06AFF4F6FA81E4C2DE842B4A0
VisualType=CameraWrapper
PositionX=397.250397
PositionY=71.796738
PositionZ=820.775940
AngleX=-0.087264
AngleY=-1.835530
AngleZ=0.000000
ScaleX=1.000000
ScaleY=1.000000
ScaleZ=1.000000
VisualConfig=mdl\camera\camera01\camera.xmod
CameraType=free
Fovx=1.809219
Path=camera_4.xml

[camera_5]
WorldType=objects
ObjectType=camera
Name=E0C07CE6E2874E809BE8ADDB1D795766
VisualType=CameraWrapper
PositionX=428.102692
PositionY=71.914139
PositionZ=824.199768
AngleX=-0.002906
AngleY=1.945839
AngleZ=0.000000
ScaleX=1.000000
ScaleY=1.000000
ScaleZ=1.000000
VisualConfig=mdl\camera\camera01\camera.xmod
CameraType=free
Fovx=1.809219
Path=camera_5.xml

[object_hsi]
WorldType=global
ObjectType=ppfilter_hsi
Name=
VisualType=
Path=object_hsi.xml

[clone041]
WorldType=music
ObjectType=Music
Name=B1768952F67F4258B37581DF0CEEB0A2
VisualType=Music
MusicConfig=mus\clone041.ogg
MusicType=npc
Path=clone041.xml

