[system]
hide_weapon=1
esc_key=1
enternpc=949[hewt]@319 29 736
gutname=949xiaohundong
taskname=movie_clone019_949.ini
info=
teamtype=0
refertype=2
show_all_npc=0
wait_terrain=1
show_head_to_chat=0
recover_camera=0
music=school04

[scenario_camera]
pathtype=2
angletype=4
modetype=3
time_action0=20,16,0,103.111481,12.211746,-168.093079,0.168981,12.04564,0,100.615631,7.251656,-146.596313,0.193415,11.698725,0,
time_action1=20,15,0,25.827728,-2.404938,-42.121887,-0.078856,8.615972,0,62.904266,1.752783,-69.632141,-0.016024,8.253781,0,
time_action2=20,10,0,39.84964,0.125124,-27.216064,0.137565,15.374647,0,36.388153,-0.007654,-30.122803,0.11313,15.221925,0,
time_action3=20,10,0,25.96698,0.362185,-21.596558,-0.050931,8.55045,0,23.061432,4.353985,-20.390076,-0.057912,8.428258,0,
time_action4=20,4,0,23.061432,4.353985,-20.390076,-0.057912,8.428258,0,27.037262,4.840427,-22.828918,-0.04744,8.44135,0,

[movie_talk_id]
r0=1,movie_949_1,2,
r1=16,movie_949_2,2,
r2=24,movie_949_3,2,
r3=31,movie_949_4,2,
r4=41,movie_949_5,2,

[fade_section]
time_action0=0,1.0,2
time_action1=1,1.0,0
time_action2=16,1.0,0
time_action3=31,1.0,0
time_action4=41,1.0,0
time_action5=54,1.0,1
time_action6=55,1.0,2

[player]
resource=player
movetype=0
pathtype=2
base_angle_y=0.0
enter_time=0
alpha_in=0
alpha_out=0
size_x=100
size_y=100
size_z=100
time_action0=stop,-7.2,2.67,13,0,2.59,0,stand,55,true,,,,0,1.00,

[scene_param_section]
r0=0,clone019\949.eff,0

