[system]
hide_weapon=1
esc_key=1
enternpc=FunnpcClone007005[ctm]@210 11 432
gutname=shibanjiaoshui
taskname=movie_qycity04_5111.ini
info=
teamtype=0
refertype=2
show_all_npc=0
wait_terrain=1

[kaiqiqian]
resource=npc\itemnpc181
movetype=0
pathtype=2
base_angle_y=0.0
enter_time=0
alpha_in=0
alpha_out=0
time_action0=stop,0.18,0.16,0.45,0,3.72,0,stand,15,true,,,,1,1.00,

[kaiqihou]
resource=npc\itemnpc181a
movetype=0
pathtype=2
base_angle_y=0.0
enter_time=0
alpha_in=0
alpha_out=0
time_action0=stop,0.18,0.15,0.45,0,3.72,0,stand,10,true,,,,1,1.00,
time_action1=stop,0.18,0.17,0.45,0,3.72,0,stand,18,true,,,,1,1.00,

[player]
resource=player
movetype=0
pathtype=2
base_angle_y=0.0
enter_time=0
alpha_in=0
alpha_out=0
time_action0=stop,-2.81,-0.04,3.79,0,2.43,0,stand,0.1,true,,,,0,1.00,
time_action1=moveto,-0.74,0.06,1.46,offact105,2.4,true,,,,0,1.00,0,
time_action2=stop,-0.74,0.06,1.46,0,2.4,0,offact106,0.5,true,,,,0,1.00,
time_action3=stop,-0.74,0.06,1.46,0,2.4,0,offact003,4,true,,,,0,1.00,
time_action4=stop,-0.75,0.09,2.17,0,2.4,0,stand,6,true,,,,0,1.00,
time_action5=stop,-0.75,0.09,2.17,0,2.4,0,interact081,2,true,,,,0,1.00,
time_action6=stop,-0.75,0.09,2.17,0,2.4,0,interact084,13,true,,,,0,1.00,

[scenario_camera]
pathtype=2
angletype=4
modetype=3
enter_time=0
time_action0=20,3,0,1.998444,3.780331,-2.586029,0.558506,5.821863,0,1.998444,3.780331,-2.586029,0.558506,5.821863,0,
time_action1=20,4,0,-1.929779,1.294645,-2.257324,0.069812,0.40261,0,-1.929779,1.294645,-2.257324,0.069812,0.40261,0,
time_action2=20,6,0,-0.227341,2.69789,1.132111,1.301446,2.697715,0,-0.227341,2.69789,1.132111,1.301446,2.697715,0,
time_action3=20,3,0,-4.256805,2.638697,0.580872,0.435436,1.465074,0,-4.256805,2.638697,0.580872,0.435436,1.465074,0,
time_action4=20,3,0,-0.322464,1.78548,1.636444,0.805445,2.752252,0,-0.322464,1.78548,1.636444,1.056773,2.75007,0,
time_action5=20,1,0,-0.322464,1.78548,1.636444,1.056773,2.75007,0,-0.322464,1.78548,1.636444,1.056773,2.75007,0,
time_action6=20,2,0,-0.285294,0.580068,1.30069,-0.25831,-0.614045,0,-0.285294,0.580068,1.30069,-0.25831,-0.614045,0,
time_action7=20,2,0,0.083954,1.018943,0.49942,0.785396,2.789345,0,0.083954,1.018943,0.49942,0.785396,2.789345,0,
time_action8=20,1,0,0.083954,1.018943,0.49942,0.785396,2.789345,0,0.083954,1.018943,0.49942,1.190313,2.902791,0,
time_action9=20,3,0,0.083954,1.018943,0.49942,1.190313,2.902791,0,0.083954,1.018943,0.49942,1.190313,2.902791,0,

[fade_section]
time_action0=0,1.0,0
time_action1=9,1.0,1
time_action2=10,1.0,0
time_action3=27,1.0,1
time_action4=28,1.0,0

[movie_talk_id]
r0=15,movie_5111_1,0,
r1=21,movie_5111_2,1,
r2=23,movie_5111_3,1,
r3=26,movie_5111_4,1,

[shuihua]
resource=npc\fbmac004012
movetype=0
pathtype=2
base_angle_y=0.0
enter_time=0
alpha_in=0
alpha_out=0
time_action0=stop,0.18,0.17,0.45,0,3.72,0,stand,7,true,,,,0,1.00,
time_action1=stop,0.18,0.17,0.45,0,3.72,0,stand,1,true,,,effect_QG_langhua03|Model::Point01|1|1,0,1.00,
time_action2=stop,0.18,0.17,0.45,0,3.72,0,stand,1.0,true,,,,0,1.00,

