[system]
hide_weapon=1
esc_key=1
enternpc=5505WAWQG16[hewt]@1055.730 -15.993 841.851
gutname=5505WZchuchang
taskname=movie_qycity04_5505.ini
info=
teamtype=0
refertype=2
show_all_npc=0
wait_terrain=0
show_head_to_chat=0
recover_camera=0
music=FBdonghua04_jiliezhengchao

[wuzhen]
resource=npc\fbboss021006_m
movetype=0
pathtype=2
base_angle_y=0.0
enter_time=0
alpha_in=0
alpha_out=0
size_x=100
size_y=100
size_z=100
time_action0=stop,-14.98,35.72,-9.71,0,0.37,0,h_stand_2,11,true,,,,0,1.00,
time_action1=moveto,-9.80,40.46,-2.50,qg_jump02_f,1.5,true,,,,1,1.00,0,
time_action2=moveto,0.34,0,10.56,jumpdowning,2,true,,,,1,1.00,0,
time_action3=stop,0.34,0,10.56,0,0.44,0,ty_crouch_loop,0.5,true,,,,0,0.32,
time_action4=stop,0.34,0,10.56,0,0.44,0,ty_crouch_end,3,true,,,,0,1.00,

[qichang]
resource=npc\fbmac004012
movetype=0
pathtype=2
base_angle_y=0.0
enter_time=14.6
alpha_in=0
alpha_out=0
size_x=100
size_y=100
size_z=100
time_action0=stop,0.31,0.74,10.54,-0.00,-2.78,0.00,stand,1.0,true,,,effect_fog_move_257||1|1,1,1.00,

[scenario_camera]
pathtype=2
angletype=4
modetype=3
time_action0=20,6,0,-12.483296,166.295185,18.363355,1.334271,3.083574,0,-14.873066,38.685656,-9.339281,1.255732,3.42719,0,
time_action1=17,5.2,0,-14.873066,38.685656,-9.339281,1.252823,3.286471,0,-13.999043,34.425173,-6.331469,-0.61177,3.387919,0,wuzhen
time_action2=20,3.3,0,0.732158,1.063299,11.320997,-0.911011,-2.756217,0,0.732158,1.063299,11.320997,-0.669572,-2.756217,0,
time_action3=20,0.5,0,0.732158,1.063299,11.320997,-0.669572,-2.756217,0,0.732158,1.063299,11.320997,-0.669572,-2.756217,0,
time_action4=20,3,0,0.732158,1.063299,11.320997,-0.669572,-2.756217,0,0.688213,1.139687,11.221571,-0.561943,-2.731673,0,
time_action0_vibrate=9,0.01,0.3,7,1,0.02,0.03,0.01,-0.02,-0.03,0.01,-0.02,-0.02,0.03,0.02,-0.01,0.00,-0.03,0,0.02,-0.02,0.03,0,-0.01,0.00,0.02,0,0.02,-0.03,
time_action1_vibrate=9,0.01,0.1,5,1,0,0.01,-0.02,-0.03,-0.02,0.01,0.00,-0.01,0.02,0.02,-0.01,-0.01,-0.03,0.00,0.02,-0.02,0.02,0.01,-0.01,-0.02,0.02,0,0.01,0.00,
time_action3_vibrate=9,0.003,0.02,0.5,1,0,0.01,-0.02,-0.03,-0.02,0.01,0.00,-0.01,0.02,0.02,-0.01,-0.01,-0.03,0.00,0.02,-0.02,0.02,0.01,-0.01,-0.02,0.02,0,0.01,0.00,
time_action4_vibrate=9,0.005,0.4,100,1,0.02,0.03,0.01,-0.02,-0.03,0.01,-0.02,-0.02,0.03,0.02,-0.01,0.00,-0.03,0,0.02,-0.02,0.03,0,-0.01,0.00,0.02,0,0.02,-0.03,

[fade_section]
time_action0=0,0.5,2
time_action1=0.5,1.5,0
time_action2=17.5,0.5,1
time_action3=18,1.0,2

[movie_talk_id]
r0=0,movie_5505_1,2,;dub\commonnpc_talk\boss\wuzhen_02.ogg;;10000

[sound_section]
r0=11.,fight\other\fight_qg_edt_02.wav
r1=13.7,fight\other\fight_qg_kztj.wav
r2=14.4,fight\hurt\hurt_9h_02.wav

