[system]
esc_key=1
hide_weapon=1
enternpc=5506WAWQG16[hewt]@1055.730 -15.993 841.851
gutname=5506WZsiwang
taskname=movie_qycity04_5506.ini
info=
teamtype=0
refertype=2
show_all_npc=0
wait_terrain=1
show_head_to_chat=0
recover_camera=0
music=tiguan_lose

[wuzhen]
resource=npc\fbboss021006_m
movetype=0
pathtype=2
base_angle_y=0.0
enter_time=0
alpha_in=0
alpha_out=0
size_x=100
size_y=100
size_z=100
time_action0=stop,0.17,0,16.73,0,-3.08,0,h_hurt_lie_l_1,13,true,,,,0,0.35,

[scenario_camera]
pathtype=2
angletype=4
modetype=3
time_action0=20,4,0,0.155742,0.648479,17.068067,0.94316,0.084036,0,0.155742,0.648479,17.068067,0.94316,0.084036,0,
time_action1=20,7,0,0.155742,0.648479,17.068067,0.94316,0.084036,0,0.112773,1.396453,16.092481,0.925707,-0.017411,0,
time_action1_vibrate=9,0.01,0.4,7,1,0.02,0.03,0.01,-0.02,-0.03,0.01,-0.02,-0.02,0.03,0.02,-0.01,0.00,-0.03,0,0.02,-0.02,0.03,0,-0.01,0.00,0.02,0,0.02,-0.03,

[fade_section]
time_action0=0,4,2
time_action1=4,3,0
time_action2=10,1.0,1
time_action3=11,3,2

[movie_talk_id]
r0=3,movie_5506_1,2,;dub\commonnpc_talk\boss\wuzhen_03.ogg;;10000

