[system]
esc_key=0
hide_weapon=0
enternpc=5506WAWQG16[hewt]@1055 -16 902
gutname=5509xingjunke
taskname=movie_qycity04_5509.ini
info=
teamtype=0
refertype=2
show_all_npc=0
wait_terrain=1
show_head_to_chat=0
recover_camera=0
music=FBdonghua04_jiliezhengchao

[mudaoren]
resource=npc\fbboss00002_m
movetype=0
pathtype=2
base_angle_y=0.0
enter_time=0
alpha_in=0
alpha_out=0
size_x=100
size_y=100
size_z=100
time_action0=stop,1.13,0,-44.87,0,0.02,0,s_stand_1,1,true,,,,0,1.00,
time_action1=moveto,1.13,0,-52.71,qg_fastback03,0.5,true,,,,0,1.00,1,
time_action2=moveto,1.13,0,-60.53,b_parry_hitdown_1,0.8,true,,,,0,0.80,1,
time_action3=stop,1.13,0,-60.53,0,0.02,0,b_parry_hitdownloop_1,1.7,true,,,,0,1.00,
time_action4=stop,1.13,0,-60.53,0,0.02,0,ty_kneel_culte_end,2,true,,,,0,1.00,
time_action5=stop,1.13,0,-60.53,0,0.02,0,stand,3,true,,,,0,1.00,

[xingjunke]
resource=npc\qynpc00001
movetype=0
pathtype=2
base_angle_y=0.0
enter_time=0
alpha_in=0
alpha_out=0
size_x=100
size_y=100
size_z=100
time_action0=stop,1.01,33.9,-38.83,0,-3.14,0,stand,5,true,,,effect_sword_00201_default|qynpc00001_H_objR_01|30|1,1,1.00,
time_action1=stop,1.01,0,-38.83,0,-3.14,0,stand,1.0,true,,,effect_E_weapon_dao11|qynpc00001_H_objR_01|10|1,0,1.00,
time_action2=moveto,1.01,0,-47.27,s_walk3_1,7,true,,,,0,1.00,0,
time_action3=stop,1.01,0,-47.27,0,-3.14,0,s_stand_2,3,true,,,,0,1.00,

[player]
resource=player
movetype=0
pathtype=2
base_angle_y=0.0
enter_time=0
alpha_in=0
alpha_out=0
size_x=100
size_y=100
size_z=100
time_action0=stop,1.03,0,-21.37,0,-3.14,0,1h_draw_weapon,1.0,true,,,,0,1.00,
time_action1=stop,1.03,0,-21.37,0,-3.14,0,stand,15,true,,,,0,1.00,fi_

[scenario_camera]
pathtype=2
angletype=4
modetype=3
time_action0=20,1,0,5.493408,0.586933,-30.660095,0.049364,3.434181,0,5.493408,0.586933,-30.660095,0.049364,3.434181,0,
time_action1=20,1,0,5.493408,0.586933,-30.660095,0.049364,3.434181,0,5.493408,0.586933,-30.660095,0.049364,3.434181,0,
time_action2=20,0.5,0,2.191772,0.274552,-62.444397,-0.002996,5.921277,0,2.191772,0.274552,-62.444397,-0.002996,5.921277,0,
time_action3=20,1.5,0,2.191772,0.274552,-62.444397,-0.002996,5.921277,0,2.191772,0.274552,-62.444397,-0.002996,5.921277,0,
time_action1_vibrate=9,0.003,0.02,1,1,0,0.01,-0.02,-0.03,-0.02,0.01,0.00,-0.01,0.02,0.02,-0.01,-0.01,-0.03,0.00,0.02,-0.02,0.02,0.01,-0.01,-0.02,0.02,0,0.01,0.00,
time_action2_vibrate=9,0.003,0.02,0.5,1,0,0.01,-0.02,-0.03,-0.02,0.01,0.00,-0.01,0.02,0.02,-0.01,-0.01,-0.03,0.00,0.02,-0.02,0.02,0.01,-0.01,-0.02,0.02,0,0.01,0.00,
time_action4=20,2,0,1.563354,1.728537,-59.464172,-0.00698,3.545714,0,1.563354,1.728537,-59.464172,-0.00698,3.545714,0,
time_action5=20,2,0,-0.277832,0.447164,-58.373779,-0.317649,2.59887,0,-0.277832,0.447164,-58.373779,-0.317649,2.59887,0,
time_action6=20,5,0,-0.34436,0.419498,-42.720032,0.295647,0.570965,0,-0.131226,0.523017,-48.22467,-0.524657,0.874216,0,
time_action7=20,3,0,-0.131226,0.523017,-48.22467,-0.524657,0.874216,0,-0.131226,0.523017,-48.22467,-0.524657,0.874216,0,

[fade_section]
time_action0=0,1.0,0
time_action1=14.,1.0,1
time_action2=15.,1.0,2

[movie_talk_id]
r0=4,movie_5509_1,2,
r1=7, ,2,
r2=10,movie_5509_2,2,

[jineng]
resource=npc\fbmac004012
movetype=0
pathtype=2
base_angle_y=0.0
enter_time=0
alpha_in=0
alpha_out=0
size_x=100
size_y=100
size_z=100
time_action0=stop,1.11,0,-40.22,0,3.11,0,stand,0.7,true,,,,0,1.00,
time_action1=stop,1.11,0,-40.22,0,3.11,0,stand,3,true,,,effect_light_rad_93||1|1,0,1.00,

[jineng2]
resource=npc\fbmac004012
movetype=0
pathtype=2
base_angle_y=0.0
enter_time=0
alpha_in=0
alpha_out=0
size_x=100
size_y=100
size_z=100
time_action0=stop,1.11,0.00,-40.22,-0.00,3.11,0.00,stand,1.0,true,,,,0,1.00,
time_action1=stop,1.11,0,-40.22,0,3.11,0,stand,3,true,,,effect_light_rad_94||3|1,0,1.00,

[sound_section]
r0=0,fight\other\fight_qg_kztj.wav
r1=0.7,fight\hurt\hurt_9h_02.wav

