[system]
hide_weapon=1
esc_key=1
enternpc=mov5514[hewt]@94 7 853
gutname=5520luomu
taskname=movie_qycity04_5520.ini
info=
teamtype=0
refertype=2
show_all_npc=0
wait_terrain=1
show_head_to_chat=0
recover_camera=0
music=FBdonghua04_jiliezhengchao

[woweihuang]
resource=npc\boss078
movetype=0
pathtype=2
base_angle_y=0.0
enter_time=0
alpha_in=0
alpha_out=0
show_name=0
name=
size_x=100
size_y=100
size_z=100
time_action0=stop,13.68,0.28,-1.1,0,-1.56,0,h_stand_2,39,true,,,,0,1.00,

[yejinlou]
resource=npc\boss084_m
movetype=0
pathtype=2
base_angle_y=0.0
enter_time=0
alpha_in=0
alpha_out=0
show_name=0
name=
size_x=100
size_y=100
size_z=100
time_action0=stop,-3.58,0.28,1.24,0,1.72,0,b_stand_3,20,true,,,effect_npcitem329_default|boss084_H_objR_01|50|1,0,1.00,
time_action1=stop,-3.58,0.28,1.24,0,2.67,0,ty_stand,0.3,true,,,,0,1.00,
time_action2=moveto,-2.19,0.28,-0.89,b_walk1_3,1.9,true,,,,0,1.00,0,,0,0,0,0
time_action3=stop,-2.19,0.28,-0.89,0,2.58,0,ty_stand,16.8,true,,,,0,1.00,

[xingjunke]
resource=npc\qynpc00001
movetype=0
pathtype=2
base_angle_y=0.0
enter_time=0
alpha_in=0
alpha_out=0
show_name=0
name=
size_x=100
size_y=100
size_z=100
time_action0=stop,-2.2,0.28,-1.58,0,1.54,0,s_stand_4,16,true,,,,0,1.00,
time_action1=stop,-2.2,0.28,-1.58,0,-0.48,0,ty_stand,0.3,true,,,,0,1.00,
time_action2=stop,-2.2,0.28,-1.58,0,-0.48,0,ty_stand,16,true,,,,0,1.00,
time_action3=stop,-2.2,0.28,-1.58,0,-0.48,0,b_hurt_b_1_s_1,1.7,true,,,,0,0.16,

[scenario_camera]
pathtype=2
angletype=4
modetype=3
time_action0=20,4,0,18.794449,5.020362,-7.412292,0.29738,-0.913543,0,17.233917,2.516418,-2.815125,0.224076,-1.271336,0,
is_offset_angle=0
offset_angle_y=0.0
time_action1=20,5,0,12.209412,1.358628,-0.38855,-0.369335,2.038244,0,11.856163,1.358628,-1.132996,-0.299522,1.512464,0,
time_action2=20,2,0,-0.588043,1.411863,-0.811951,-0.048195,4.311538,0,-0.894745,1.431501,-0.945129,-0.118008,4.270086,0,
time_action3=20,3,0,16.951454,2.103123,-0.388245,0.182189,4.560247,0,16.848106,2.103123,0.271301,0.185679,4.48607,0,
time_action4=20,2,0,-1.551788,1.847978,-0.868408,0.199641,3.8662,0,-1.551788,1.847978,-0.868408,0.175207,3.859654,0,
time_action5=20,3,0,-3.083237,1.29147,0.491516,-0.07612,2.777549,0,-2.96669,1.318792,0.199158,-0.111026,2.742642,0,
time_action6=20,4,0,-0.488098,1.630374,-1.809143,-0.007014,-1.056497,0,-1.193985,1.630374,-2.498901,-0.041921,-0.556897,0,
time_action7=20,4,0,-3.135384,1.794294,-1.437683,-0.057773,1.336705,0,-2.946541,1.794294,-2.081421,-0.019376,0.837105,0,
time_action8=20,4,0,-1.627975,1.95107,-2.071167,0.141195,-0.463166,0,-1.497665,2.002366,-2.37207,0.155157,-0.410806,0,
time_action9=20,3,0,-3.163353,2.018834,-0.256409,0.085344,2.484259,0,-3.042221,2.018834,-0.126404,0.095816,2.591158,0,
time_action10=20,2,0,-1.634361,1.828776,-1.859314,-0.06805,-0.484653,0,-1.634361,1.828776,-1.859314,-0.06805,-0.484653,0,
time_action10_vibrate=8,0.5,2,2.0,1
time_action11=20,1,1,-1.634361,1.828776,-1.859314,-0.06805,-0.484653,0,-1.643211,0.498128,-1.838562,-0.026161,-0.54574,0,
time_action11_vibrate=8,-0.5,1,1,1
time_action12=20,2,0,-1.643211,0.498128,-1.838562,-0.026161,-0.54574,0,-1.643211,0.498128,-1.838562,-0.026161,-0.54574,0,

[player]
resource=player
movetype=0
pathtype=2
base_angle_y=0.0
enter_time=0
alpha_in=0
alpha_out=0
size_x=100
size_y=100
size_z=100
show_name=0
name=
time_action0=stop,-39.75,4.46,4.13,0,1.46,0,stand,39,true,,,,0,1.00,

[fade_section]
time_action0=0,1.0,0
time_action1=36,1.0,1
time_action2=37,2,2

[movie_talk_id]
r0=4,movie_5520_2,2,
r1=14, ,2,
r2=16,movie_5520_3,2,
r3=18, ,2,
r4=22,movie_5520_4,2,
r5=27,movie_5520_5,2,
r6=31,movie_5520_6,2,
r7=33, ,2,
r8=35,movie_5520_7,2,
r9=37,movie_5520_8,2,

[screen_section]
time_action0=34,4,1,0.0,0.0

[sound_section]
r0=32.2,fight\hurt\hurt_0h_004_l.wav
r1=32.3,fight\shout\npc\hurt_m1_06.wav
r2=37,fight\other\hurtdown.wav

