[system]
enternpc=
gutname=dfshijia_zyb_001
taskname=dfshijia_zyb_001.ini
info=
teamtype=0
refertype=0
show_all_npc=0
wait_terrain=1
show_head_to_chat=0
recover_camera=1
esc_key=1
hide_weapon=1

[scenario_camera]
pathtype=2
angletype=4
modetype=3
time_action0=20,5,1,389.39,-142.16,1558.33,-0.13,-0.17,0.00,389.39,-142.16,1558.33,0.02,-1.56,0.00,
is_offset_angle=0
offset_angle_y=0.0
time_action1=20,1.5,0,389.389191,-142.157455,1558.329468,0.019112,-1.55855,0,389.389191,-142.157455,1558.329468,0.019112,-1.55855,0,
time_action2=20,2,0,392.43,-137.23,1567.54,0.48,3.74,0.00,392.43,-137.23,1567.54,0.48,3.74,0.00,

[player]
resource=player
movetype=0
pathtype=2
base_angle_y=0.0
enter_time=0
alpha_in=0
alpha_out=0
size_x=100
size_y=100
size_z=100
show_name=0
name=
time_action0=stop,389.4,-143.69,1558.05,0,-1.55,0,stand,7,true,,,,0,1.00,
time_action1=stop,389.4,-143.69,1558.05,0,-1.55,0,interact086,9,true,,,,0,1.00,

[fade_section]
time_action0=0,1.0,0
time_action1=6.,1.0,2
time_action2=7.,1,0
time_action3=15.1,1.0,1

[movie_talk_id]
r0=2,movie_9803_1,2,
r1=7,movie_9803_2,2,

[heiyiren1]
resource=npc\worldnpc1190
movetype=0
pathtype=2
base_angle_y=0.0
enter_time=0
alpha_in=0
alpha_out=0
show_name=0
name=
size_x=100
size_y=100
size_z=100
time_action0=stop,365.57,-130.63,1545.06,0,0.69,0,stand,0.5,true,,,,0,1.00,
time_action1=moveto,381.27,-143.69,1558.75,jumpdowning,3,true,,,,1,1.00,0,,0,-0.00,1.65,0.00
time_action2=stop,381.27,-143.69,1558.75,-0.00,1.65,0.00,stand,3,true,,,,0,1.00,

[heiyiren2]
resource=npc\worldnpc1190
movetype=0
pathtype=2
base_angle_y=0.0
enter_time=0
alpha_in=0
alpha_out=0
show_name=0
name=
size_x=100
size_y=100
size_z=100
time_action0=stop,368.03,-130.76,1545.33,-0.00,0.79,0.00,stand,0.5,true,,,,0,1.00,
time_action1=moveto,381.62,-143.69,1553.55,jumpdowning,3,true,,,,1,1.00,0,,0,-0.00,0.96,0.00
time_action2=stop,381.62,-143.69,1553.55,0,0.96,0,stand,3,true,,,,0,1.00,

[heiyiren3]
resource=npc\worldnpc1190
movetype=0
pathtype=2
base_angle_y=0.0
enter_time=0
alpha_in=0
alpha_out=0
show_name=0
name=
size_x=100
size_y=100
size_z=100
time_action0=stop,396.41,-134.47,1580.58,-0.00,-2.81,0.00,stand,0.5,true,,,,0,1.00,
time_action1=moveto,390.26,-143.69,1566.93,jumpdowning,3,true,,,,1,1.00,0,,0,-0.00,-2.86,0.00
time_action2=stop,390.26,-143.69,1566.93,0,-2.86,0,stand,3,true,,,,0,1.00,

[heiyiren4]
resource=npc\worldnpc1190
movetype=0
pathtype=2
base_angle_y=0.0
enter_time=0
alpha_in=0
alpha_out=0
show_name=0
name=
size_x=100
size_y=100
size_z=100
time_action0=stop,395.72,-134.58,1582.71,-0.00,-2.74,0.00,stand,0.5,true,,,,0,1.00,
time_action1=moveto,382.92,-143.69,1566.88,jumpdowning,3,true,,,,1,1.00,0,,0,-0.00,2.59,0.00
time_action2=stop,382.92,-143.69,1566.88,-0.00,2.59,0.00,stand,3,true,,,,0,1.00,

[dongfangren]
resource=npc\worldnpc101
movetype=0
pathtype=2
base_angle_y=0.0
enter_time=0
alpha_in=0
alpha_out=0
show_name=0
name=
size_x=100
size_y=100
size_z=100
time_action0=stop,388.05,-143.69,1558.45,0,-1.44,0,stand,6.5,true,,,,0,1.00,
time_action1=stop,387.25,-143.69,1558.76,-0.00,1.52,0.00,stand,0.1,true,,,,0,1.00,
time_action2=stop,387.25,-143.69,1558.76,0,1.52,0,ty_lie_talk,9.4,true,,,,0,1.00,

[dongfangqingqing]
resource=npc\worldnpc1590
movetype=0
pathtype=2
base_angle_y=0.0
enter_time=0
alpha_in=0
alpha_out=0
show_name=0
name=
size_x=100
size_y=100
size_z=100
time_action0=stop,389.71,-143.69,1559.21,0.00,-1.64,0.00,stand,6.5,true,,,,0,1.00,

