[system]
enternpc=
gutname=eternalnight_03_03
taskname=eternalnight_03_03.ini
info=
teamtype=0
refertype=0
show_all_npc=0
wait_terrain=1
show_head_to_chat=0
recover_camera=1
esc_key=0
hide_weapon=1

[huji]
resource=npc\boss094
movetype=0
pathtype=2
base_angle_y=0.0
enter_time=0
alpha_in=0
alpha_out=0
show_name=0
name=
size_x=100
size_y=100
size_z=100
time_action0=stop,1133.02,5.44,534.05,-0.00,0.41,0.00,stand,1.0,true,,,,0,1.00,
time_action1=moveto,1134.84,5.44,537.99,dk_walk1_1,4,true,,,,0,1.00,0,,0,0,0,0
time_action2=stop,1134.84,5.44,537.99,0,0.42,0,ty_kneel_culteloop_free01,4,true,,,,0,1.00,
time_action3=stop,1134.72,5.44,537.85,0,0.52,0,ty_crouch_end,1.5,true,,,,0,1.00,
time_action4=stop,1134.46,5.44,537.90,-0.00,2.00,0.00,stand,1.0,true,,,,0,1.00,
time_action5=moveto,1139.53,5.44,535.97,b_walk1_1,3.5,true,,,,0,1.00,0,,0,-0.00,1.92,0.00
time_action6=stop,1139.77,5.44,535.9,0,1.93,0,stand,2,true,,,,0,1.00,

[scenario_camera]
pathtype=2
angletype=4
modetype=3
time_action0=20,5,0,1135.01,8.97,529.26,0.32,-0.19,0.00,1134.41,7.92,532.90,0.25,-0.10,0.00,
is_offset_angle=0
offset_angle_y=0.0
time_action1=20,2,0,1134.14,5.92,538.87,0.43,1.57,0.00,1134.14,5.92,538.87,0.43,1.57,0.00,
time_action2=20,1,0,1135.51,7.13,538.21,0.10,-0.13,0.00,1135.51,7.13,538.21,0.10,-0.13,0.00,
time_action3=20,1,0,1136.90,6.13,538.96,0.37,4.67,0.00,1136.90,6.13,538.96,0.37,4.67,0.00,
time_action4=20,1.5,0,1136.32,7.29,538.17,0.21,4.70,0.00,1136.32,7.29,538.17,0.21,4.70,0.00,
time_action5=20,4.5,0,1135.071411,7.035045,539.471191,0.071811,3.208729,0,1140.171265,7.060467,538.517883,0.095082,3.241454,0,
time_action6=20,2,0,1140.219971,7.18,539.01001,-0.03,3.23,0,1140.219971,7.18,539.01001,-0.03,3.23,0,

[player]
resource=player
movetype=0
pathtype=2
base_angle_y=0.0
enter_time=0
alpha_in=0
alpha_out=0
size_x=100
size_y=100
size_z=100
show_name=0
name=
time_action0=stop,1135.56,5.44,539.45,0,-2.75,0,logoin_stand_3,7,true,,,,0,1.00,
time_action1=stop,1135.56,5.44,539.45,0,-2.75,0,free_01,1,true,,,,0,1.00,
time_action2=stop,1135.33,5.44,539.00,-0.00,-2.70,0.00,fwz_02_interact081_02,1.0,true,,,,0,1.00,
time_action3=stop,1135.14,5.44,538.52,0,-2.75,0,ng_end_1,1.5,true,,,,0,1.00,
time_action4=stop,1135.14,5.44,538.52,0,-2.75,0,stand,6.5,true,,,,0,1.00,

[fade_section]
time_action0=0,3,0
time_action1=9,1.5,1
time_action2=10.5,1.0,0
time_action3=15,2,1

[movie_talk_id]
r0=4,movie_10014_1,0,
r1=7,movie_10014_2,0,
r2=12,movie_10014_3,0,

