[system]
esc_key=0
enternpc=
gutname=eternalnight_04_01
taskname=eternalnight_04_01.ini
info=
teamtype=0
refertype=0
show_all_npc=0
wait_terrain=1
show_head_to_chat=0
recover_camera=1
hide_weapon=1

[mache]
resource=npc\mache002
movetype=0
pathtype=2
base_angle_y=0.0
enter_time=6.3
alpha_in=0
alpha_out=0
show_name=0
name=
size_x=100
size_y=100
size_z=100
time_action0=stop,807.51,-55.17,281.11,0.00,-0.95,0.00,stand,0.1,true,,,,0,1.00,
time_action1=moveto,781.79,-60.13,301.94,walk,8,true,,,,0,1.00,1,,0,0,0,0
time_action2=moveto,747.67,-64.22,321.71,walk,7.6,true,,,,0,1.00,1,,0,0,0,0
time_action3=stop,747.67,-64.22,321.71,0,-0.95,0,stand,1.0,true,,,,0,1.00,

[scenario_camera]
pathtype=2
angletype=4
modetype=3
is_offset_angle=0
offset_angle_y=0.0
time_action0=20,2,0,715.91,-65.16,314.14,0.13,1.82,0.00,719.10,-65.60,313.34,0.13,1.82,0.00,
time_action1=20,1,0,719.099976,-65.599998,313.339996,0.13,1.82,0,719.099976,-65.599998,313.339996,0.13,1.82,0,
time_action2=20,1.2,0,726.75,-65.71,313.39,0.15,3.58,0.00,726.75,-65.71,313.39,0.15,3.58,0.00,
time_action3=36,0.3,0,726.75,-65.709999,313.390015,0.15,3.58,0,726.75,-65.709999,313.390015,-1.254987,3.596362,0,
time_action3_ctrl1=726.75,-65.709999,313.390015
time_action3_ctrl2=726.75,-65.709999,313.390015
time_action4=20,2,0,726.75,-65.709999,313.390015,-1.254987,3.596362,0,726.75,-65.709999,313.390015,-1.254987,3.596362,0,
time_action5=20,8,0,809.907043,-53.577744,284.215576,0.232733,3.757921,0,784.403931,-58.691357,305.733368,0.002009,3.757921,0,
time_action6=33,6.5,0,762.58,-15.96,310.38,1.61,0.59,0.00,719.452942,-64.773506,317.091919,0.035932,1.499178,0,mache
time_action6_ctrl1=755.60,-15.96,316.55
time_action6_ctrl2=729.499329,-19.410921,323.216614
time_action7=20,2,0,719.452942,-64.773506,317.091919,0.035932,1.499178,0,719.452942,-64.773506,317.091919,0.035932,1.499178,0,

[player]
resource=player
movetype=0
pathtype=2
base_angle_y=0.0
enter_time=0
alpha_in=0
alpha_out=0
size_x=100
size_y=100
size_z=100
show_name=0
name=
time_action0=stop,723.79,-68.31,306.57,0,0.36,0,stand,0.1,true,,,,0,1.00,
time_action1=moveto,725.19,-67.65,310.29,walk,1.9,true,,,,0,1.00,1,,0,0,0,0
time_action2=stop,725.19,-67.65,310.29,0,0.36,0,stand,0.5,true,,,,0,1.00,
time_action3=stop,725.19,-67.65,310.29,0,0.36,0,interact041,1.5,true,,,effect_npcitem443|Tpose_H_weaponL_01|2|,0,1.00,
time_action4=stop,725.19,-67.65,310.29,0,0.36,0,fi_0h_phyparry_beback,0.8,true,,,,0,1.00,
time_action5=stop,725.19,-67.65,310.29,0,0.36,0,stand,14.2,true,,,,0,1.00,
time_action6=moveto,727.97,-66.11,315.94,walk,4,true,,,,0,1.00,1,,0,0,0,0

[fade_section]

[movie_talk_id]

[effect_section]
time_action0=3.5.,0.5,light_hold_302,false,725.362671,-66.55307,310.730286,0,0,0,1.0
time_action1=4,0.5,light_move_572a,false,725.362671,-65.55307,310.730286,0.0,0.0,0.0,1.0
time_action2=4.5.,2,light_move_574q,false,725,-47.747849,310,0,0,0,1.0

[effect_section1]
time_action0=3.5.,0.5,light_hold_304,false,725.362671,-66.55307,310.730286,0.0,0.0,0.0,1.0

