[system]
esc_key=0
enternpc=
gutname=eternalnight_03_02
taskname=eternalnight_03_02.ini
info=
teamtype=0
refertype=0
show_all_npc=0
wait_terrain=1
show_head_to_chat=0
recover_camera=1
hide_weapon=1

[huji]
resource=npc\boss094
movetype=0
pathtype=2
base_angle_y=0.0
enter_time=0
alpha_in=0
alpha_out=0
show_name=0
name=
size_x=100
size_y=100
size_z=100
time_action0=stop,1010.55,2.62,477.1,0,0.02,0,ty_dance_ds_1,6,true,,,,0,1.00,
time_action1=stop,1010.55,2.62,477.1,0,0.02,0,ty_dance_ds_2,9,true,,,,0,1.00,
time_action2=stop,1010.55,2.62,477.1,0,0.02,0,ty_dance_3,6,true,,,,0,1.00,
time_action3=stop,1010.55,2.62,477.1,0,0.02,0,ty_dance_4,6,true,,,,0,1.00,
time_action4=moveto,1011.35,2.62,480.32,ds_walk4_1,5,true,,,,0,1.00,0,,0,-0.00,0.19,0.00

[scenario_camera]
pathtype=2
angletype=4
modetype=3
time_action0=20,6,0,1009.57,4.09,479.30,-0.41,2.61,0.00,1009.57,4.09,479.30,0.13,2.63,0.00,
is_offset_angle=0
offset_angle_y=0.0
time_action1=36,6,0,1012.00,3.73,479.21,0.06,3.14,0.00,1009.55,3.73,479.20,0.06,3.14,0.00,
time_action1_ctrl1=1010.89,3.73,479.21
time_action1_ctrl2=1010.22,3.73,479.21
time_action2=20,3,0,1010.404114,4.08146,478.707428,0.051647,3.126728,0,1010.404114,4.08146,478.707428,0.051647,3.126728,0,
time_action2_ctrl1=1010.15,4.50,478.82
time_action2_ctrl2=1011.80,4.50,478.74
time_action3=33,6,0,1009.21,4.50,477.92,0.35,2.11,0.00,1012.86,4.50,476.76,0.28,4.82,0.00,huji
time_action4=17,6,0,1012.61,3.40,484.01,-0.04,3.37,0.00,1011.52,3.61,479.36,-0.04,3.37,0.00,huji
time_action5=20,5,0,1015.27,5.77,471.90,0.21,5.97,0.00,1013.04,4.21,478.70,0.21,5.97,0.00,

[player]
resource=player
movetype=0
pathtype=2
base_angle_y=0.0
enter_time=24
alpha_in=0
alpha_out=0
size_x=100
size_y=100
size_z=100
show_name=0
name=
time_action0=stop,1011.77,1.65,482.93,0,-2.98,0,logoin_stand,8,true,,,,0,1.00,

[fade_section]
time_action0=0,1.0,0
time_action1=5,1.0,1
time_action2=6,1.0,0
time_action3=11,1.0,1
time_action4=12,1.0,0
time_action5=20,1.0,1
time_action6=21,1.0,0
time_action7=26,1.0,1
time_action8=27,1.0,0

[movie_talk_id]
r0=0,movie_10013_1,0,
r1=6,movie_10013_2,0,
r2=12,movie_10013_3,0,
r3=21,movie_10013_4,0,

