[system]
enternpc=
gutname=JunZiChuanQi04
taskname=JunZiChuanQi04.ini
info=
teamtype=0
refertype=0
show_all_npc=0
wait_terrain=1
show_head_to_chat=0
recover_camera=1
hide_weapon=1
esc_key=0

[scenario_camera]
pathtype=2
angletype=4
modetype=3
time_action0=17,6,0,718.72,-21.59,1011.20,0.40,0.22,0.00,723.16,-25.79,1027.85,0.23,0.64,0.00,player
is_offset_angle=0
offset_angle_y=0.0
time_action1=20,2,0,723.159973,-25.790001,1027.849976,0.23,0.64,0,723.159973,-25.790001,1027.849976,0.23,0.64,0,
time_action2=20,1,1,723.159973,-25.790001,1027.849976,0.23,0.64,0,730.15,-25.96,1030.76,0.16,1.45,0.00,
time_action3=20,2,0,730.150024,-25.959999,1030.76001,0.16,1.45,0,730.150024,-25.959999,1030.76001,0.16,1.45,0,
time_action4=20,2,0,728.23,-26.37,1032.42,0.22,4.25,0.00,728.23,-26.37,1032.42,0.22,4.25,0.00,

[player]
resource=player
movetype=0
pathtype=2
base_angle_y=0.0
enter_time=0
alpha_in=0
alpha_out=0
size_x=100
size_y=100
size_z=100
show_name=0
name=
time_action0=stop,722.70,-28.03,1021.77,0.00,-0.02,0.00,stand,0.3,true,,,,0,1.00,
time_action1=moveto,723.47,-28.03,1031.89,walk,5,true,,,,0,1.00,0,,0,0,0,0
time_action2=moveto,725.12,-28.03,1032.10,walk,0.8,true,,,,0,1.00,0,,0,-0.00,1.57,0.00
time_action3=stop,725.12,-28.03,1032.1,0,1.57,0,stand,13,true,,,,0,1.00,

[fade_section]
time_action0=0,1.0,0
time_action1=18.5,1.0,1
time_action2=19.5,1.0,2

[movie_talk_id]
r0=6,movie_9706_1,2,
r1=8,movie_9706_2,1,
r2=11,movie_9706_3,1,;;;

[zanda]
resource=npc\worldnpc1368
movetype=0
pathtype=2
base_angle_y=0.0
enter_time=0
alpha_in=0
alpha_out=0
show_name=0
name=
size_x=100
size_y=100
size_z=100
time_action0=stop,733.75,-28.01,1031.23,0,-1.61,0,stand,8,true,,,,0,1.00,
time_action1=stop,733.75,-28.01,1031.23,0,-1.61,0,ty_talk5,3,true,,,,0,1.00,
time_action2=stop,733.75,-28.01,1031.23,0,-1.61,0,ty_stand,8,true,,,,0,1.00,

[liuyunchu]
resource=npc\worldnpc117
movetype=0
pathtype=2
base_angle_y=0.0
enter_time=0
alpha_in=0
alpha_out=0
show_name=0
name=
size_x=100
size_y=100
size_z=100
time_action0=stop,723.60,-28.03,1021.72,-0.00,0.04,0.00,ty_stand,0.3,true,,,,0,1.00,
time_action1=moveto,724.26,-28.03,1030.41,b_walk1_1,5,true,,,,0,1.00,0,,0,0,0,0
time_action2=moveto,725.21,-28.03,1030.47,b_walk1_1,0.8,true,,,,0,1.00,0,,0,-0.00,1.47,0.00
time_action3=stop,725.21,-28.03,1030.47,0,1.47,0,ty_stand,5,true,,,,0,1.00,
time_action4=stop,725.21,-28.03,1030.47,0,1.47,0,ty_talk5,8,true,,,,0,1.00,

