[system]
hide_weapon=1
enternpc=
gutname=JunZiChuanQi07
taskname=JunZiChuanQi07.ini
info=
teamtype=0
refertype=0
show_all_npc=0
wait_terrain=1
show_head_to_chat=0
recover_camera=1
esc_key=0

[scenario_camera]
pathtype=2
angletype=4
modetype=3
time_action0=20,2,0,627.21,-2.99,1344.25,0.39,5.05,0.00,627.21,-2.99,1344.25,0.39,5.05,0.00,
is_offset_angle=0
offset_angle_y=0.0
time_action1=20,1,1,627.207336,-2.994507,1344.245605,0.392778,5.045335,0,620.94,-6.07,1367.80,0.17,-0.95,0.00,
time_action2=20,7,0,626.42,-3.29,1372.90,0.53,4.37,0.00,626.42,-3.29,1372.90,0.53,4.37,0.00,

[player]
resource=player
movetype=0
pathtype=2
base_angle_y=0.0
enter_time=0
alpha_in=0
alpha_out=0
size_x=100
size_y=100
size_z=100
show_name=0
name=
time_action0=stop,618.34,-7.68,1348.84,0.00,-1.71,0.00,stand,0.3,true,,,,0,1.00,
time_action1=moveto,607.22,-7.68,1347.07,run,3,true,,,,0,1.00,0,,0,0.00,-1.70,0.00
time_action2=stop,607.22,-7.68,1347.07,0,0,0,stand,6.7,true,,,,0,1.00,

[fade_section]
time_action0=9,1.0,1

[movie_talk_id]
r0=3,movie_9709_1,1,
r1=6,movie_9709_2,1,

[dongchang1]
resource=npc\worldnpc1190
movetype=0
pathtype=2
base_angle_y=0.0
enter_time=0
alpha_in=0
alpha_out=0
show_name=0
name=
size_x=100
size_y=100
size_z=100
time_action0=stop,623.27,-7.68,1370.51,0,-1.67,0,stand,10,true,,,,0,1.00,

[dongchang2]
resource=npc\worldnpc1190
movetype=0
pathtype=2
base_angle_y=0.0
enter_time=0
alpha_in=0
alpha_out=0
show_name=0
name=
size_x=100
size_y=100
size_z=100
time_action0=stop,617.08,-7.68,1369.55,0,1.38,0,stand,10,true,,,,0,1.00,

