[system]
enternpc=
gutname=JunZiChuanQi06
taskname=JunZiChuanQi06.ini
info=
teamtype=0
refertype=0
show_all_npc=1
wait_terrain=1
show_head_to_chat=0
recover_camera=1
esc_key=0
hide_weapon=1

[scenario_camera]
pathtype=2
angletype=4
modetype=3
time_action0=20,1,0,619.830017,30.360001,553.840027,-0.65,4.76,0,619.830017,30.360001,553.840027,-0.65,4.76,0,
is_offset_angle=0
offset_angle_y=0.0
time_action1=20,2,0,619.83,30.36,553.84,-0.65,4.76,0.00,622.20,28.54,553.74,-0.65,4.76,0.00,
time_action2=20,2,0,622.204529,28.535559,553.743713,-0.65,4.76,0,624.59,26.72,553.63,0.09,4.74,0.00,
time_action3=20,3,0,624.590027,26.719999,553.630005,0.09,4.74,0,624.590027,26.719999,553.630005,0.09,4.74,0,

[player]
resource=player
movetype=0
pathtype=2
base_angle_y=0.0
enter_time=0
alpha_in=0
alpha_out=0
size_x=100
size_y=100
size_z=100
show_name=0
name=
time_action0=stop,614.18,23.41,554,0,1.6,0,interact056,4,true,,,,0,1.00,
time_action1=stop,614.18,23.41,554,0,1.6,0,interact118,4,true,,,,0,0.44,

[fade_section]
time_action0=0,1.0,0
time_action1=7,1.0,1

[movie_talk_id]
r0=1,movie_9708_1,1,

