[system]
esc_key=0
hide_weapon=1
enternpc=
gutname=JunZiChuanQi03
taskname=JunZiChuanQi03.ini
info=
teamtype=0
refertype=0
show_all_npc=0
wait_terrain=1
show_head_to_chat=0
recover_camera=1

[scenario_camera]
pathtype=2
angletype=4
modetype=3
time_action0=20,1.5,0,1025.11,-9.74,696.79,0.48,5.48,0.00,1025.11,-9.74,696.79,0.48,5.48,0.00,
is_offset_angle=0
offset_angle_y=0.0
time_action1=20,0.5,0,1013.679993,-14.24,700.119995,0,3.37,0,1013.679993,-14.24,700.119995,0,3.37,0,
time_action2=20,2,0,1013.68,-14.24,700.12,-0.00,3.37,0.00,1013.01,-14.13,707.95,0.02,6.15,0.00,
time_action3=20,0.5,0,1013.01001,-14.13,707.950012,0.02,6.15,0,1013.01001,-14.13,707.950012,0.02,6.15,0,
time_action4=20,1,1,1013.01001,-14.13,707.950012,0.02,6.15,0,1017.19,-14.53,739.65,0.04,6.43,0.00,

[player]
resource=player
movetype=0
pathtype=2
base_angle_y=0.0
enter_time=0
alpha_in=0
alpha_out=0
size_x=100
size_y=100
size_z=100
show_name=0
name=
time_action0=stop,1018.63,-15.99,703.97,0.00,-1.58,0.00,stand,0.3,true,,,,0,1.00,
time_action1=moveto,1016.46,-15.99,703.71,walk,1,true,,,,0,1.00,0,,0,0.00,-1.54,0.00
time_action2=stop,1016.46,-15.99,703.71,0,-1.54,0,stand,10,true,,,,0,1.00,

[fade_section]
time_action0=0,1.0,0
time_action1=14,1.0,1

[liuyunchu]
resource=npc\worldnpc117
movetype=0
pathtype=2
base_angle_y=0.0
enter_time=0
alpha_in=0
alpha_out=0
show_name=0
name=
size_x=100
size_y=100
size_z=100
time_action0=stop,1018.33,-16.18,746.7,0,-2.83,0,ty_stand,8,true,,,,0,1.00,
time_action1=stop,1018.33,-16.18,746.7,0,-2.83,0,ty_talk,2,true,,,,0,1.00,
time_action2=stop,1018.33,-16.18,746.7,0,-2.83,0,ty_stand,5,true,,,,0,1.00,

[jianhuren1]
resource=npc\worldnpc1245
movetype=0
pathtype=2
base_angle_y=0.0
enter_time=0
alpha_in=0
alpha_out=0
show_name=0
name=
size_x=100
size_y=100
size_z=100
time_action0=stop,1016.34,-16.18,743.95,-0.00,0.55,0.00,stand,4,true,,,,0,1.00,
time_action1=moveto,1017.42,-16.18,745.91,walk,1.0,true,,,,0,1.00,0,,0,-0.00,0.68,0.00
time_action2=stop,1017.42,-16.18,745.91,-0.00,0.68,0.00,stand,5,true,,,,0,1.00,
time_action3=stop,1017.42,-16.18,745.91,0,0.68,0,ty_talk,5,true,,,,0,1.00,

[jianghuren2]
resource=npc\worldnpc1245
movetype=0
pathtype=2
base_angle_y=0.0
enter_time=0
alpha_in=0
alpha_out=0
show_name=0
name=
size_x=100
size_y=100
size_z=100
time_action0=stop,1018.02,-16.18,743.33,-0.00,0.09,0.00,stand,4,true,,,,0,1.00,
time_action1=moveto,1018.42,-16.18,745.70,walk,1.0,true,,,,0,1.00,0,,0,0.00,-0.17,0.00
time_action2=stop,1018.42,-16.18,745.7,0,-0.17,0,ty_talk,3,true,,,,0,1.00,
time_action3=stop,1018.42,-16.18,745.7,0,-0.17,0,stand,7,true,,,,0,1.00,

[movie_talk_id]
r0=3,movie_9705_1,2,
r1=7,movie_9705_2,2,
r2=10,movie_9705_3,2,

