[system]
enternpc=YdNpc_place1[xiuxingzhe]@931.346 -28.814 369.246
gutname=5021yanyuzhangxinshou
taskname=movie_5024.ini
info=
teamtype=0
refertype=2
show_all_npc=0
wait_terrain=1
hide_weapon=1
esc_key=1
restore_pos=1
music=

[player]
resource=player
movetype=0
pathtype=2
base_angle_y=0.0
enter_time=0
alpha_in=0
alpha_out=0
time_action0=stop,-1.24,-0.62,1.54,0.00,2.48,0.00,ng_state_1,15,true,,,,0,1.00,
time_action1=stop,-1.24,-0.62,1.54,0.00,2.48,0.00,xl_ng_succeed_01,8,false,,,,0,1.00,
time_action2=stop,-1.24,-0.62,1.54,0.00,2.48,0.00,stand,4,true,,,,0,1.00,
time_action3=stop,-1.24,-0.62,1.54,0.00,2.48,0.00,interact288,3,true,,,,0,1.00,
time_action4=stop,-1.24,-0.62,1.54,0.00,2.48,0.00,stand,1.0,true,,,,0,1.00,

[scenario_camera]
pathtype=2
angletype=4
modetype=3
enter_time=0
time_action0=33,8,0,-40.897025,17.735453,162.485506,0.197456,9.257292,0,-10.199149,3.87748,15.671114,0.370243,9.009389,0,player
time_action1=33,12,0,-10.199149,3.87748,15.671114,0.166039,8.95785,0,7.341256,4.035985,-2.730253,0.421294,11.355788,0,player
time_action2=17,2,0,3.653268,1.401246,-1.486479,0.154258,11.682227,0,3.653268,1.401246,-1.486479,0.154258,11.682227,0,xiuxingzhe
time_action1_ctrl1=-2.461845,4.11741,10.614565
time_action1_ctrl2=1.92933,2.198243,4.336367
time_action0_ctrl1=-40.315666,19.453591,137.107882
time_action0_ctrl2=-23.962028,7.370646,45.933779
time_action3=17,5,0,-0.516349,1.183898,1.060915,-0.022456,8.879336,0,-0.516349,1.183898,1.060915,-0.022456,8.879336,0,xiuxingzhe
time_action4=17,4,0,3.380379,3.588179,3.077181,0.601935,10.712754,0,3.380379,3.588179,3.077181,0.601935,10.712754,0,player

[fade_section]
time_action0=30,1.0,1
time_action1=31,1.0,2

[movie_talk_id]
r0=0,movie_5113_1,2,;;;
r1=5,movie_5113_2,2,
r2=11,movie_5113_3,2,
r3=16,movie_5113_4,2,
r4=21,movie_5113_5,2,
r5=27,movie_5113_6,2,

[xiuxingzhe]
resource=npc\worldnpc244
movetype=0
pathtype=2
base_angle_y=0.0
enter_time=0
alpha_in=1
alpha_out=1
time_action0=stop,0.28,0.14,-0.34,0.00,5.57,0.00,ty_dazuoloop,10,true,,,,0,1.00,
time_action1=stop,0.28,0.14,-0.34,0.00,5.57,0.00,b_situp1_1,3,false,,,,0,1.00,
time_action2=stop,0.28,0.14,-0.34,0.00,5.57,0.00,stand_turndefult,4,true,,,,0,1.00,
time_action3=stop,0.28,0.14,-0.34,0.00,5.57,0.00,walk,1.0,true,,,,0,1.00,
time_action4=stop,0.28,0.14,-0.34,0.00,5.57,0.00,ty_nod,5,true,,,,0,1.00,
time_action5=stop,0.28,0.14,-0.34,0.00,5.57,0.00,ty_talk,3,true,,,,0,1.00,
time_action6=stop,0.28,0.14,-0.34,0.00,5.57,0.00,stand_turndefult,5,true,,,,0,1.00,

