[system]
enternpc=
gutname=yanmen_zyb_002
taskname=yanmen_zyb_002.ini
info=
teamtype=0
refertype=0
show_all_npc=1
wait_terrain=1
show_head_to_chat=0
recover_camera=1
esc_key=1

[scenario_camera]
pathtype=2
angletype=4
modetype=3
time_action0=17,4,1,993.04,1.13,456.34,-0.04,1.38,0.00,993.04,1.13,456.34,-0.15,1.01,0.00,lanji
is_offset_angle=0
offset_angle_y=0.0
time_action1=20,5,0,993.039978,1.13,456.339996,-0.15,1.01,0,1016.42,2.57,454.47,-0.00,-0.33,0.00,

[player]
resource=player
movetype=0
pathtype=2
base_angle_y=0.0
enter_time=0
alpha_in=0
alpha_out=0
size_x=100
size_y=100
size_z=100
show_name=0
name=
time_action0=stop,990.94,-0.35,456.03,0,1.55,0,stand,11.2,true,,,,0,1.00,

[fade_section]
time_action0=0,1.0,0
time_action1=11.1,1.0,1

[movie_talk_id]

[lanji]
resource=npc\worldnpc530
movetype=0
pathtype=2
base_angle_y=0.0
enter_time=0
alpha_in=0
alpha_out=0
show_name=0
name=
size_x=100
size_y=100
size_z=100
time_action0=stop,1010.22,-0.35,457.08,-0.00,0.05,0.00,stand,0.5,true,,,,0,1.00,
time_action1=moveto,1006.14,1.65,479.99,walk,9,true,,,,0,1.00,0,,0,0.00,-0.16,0.00
time_action2=moveto,1003.2,1.65,479.88,walk,1.5,true,,,,0,1.00,0,,0,0,0,0
time_action3=stop,1003.20,1.65,479.88,-0.00,-2.98,0.00,stand,1.0,true,,,,0,1.00,

