[system]
esc_key=1
hide_weapon=0
enternpc=48DDIWZ5909[hewt]@1525 79 1262
gutname=6680nianluoba
taskname=movie_scene05_6680.ini
info=
teamtype=0
refertype=2
show_all_npc=1
wait_terrain=1
show_head_to_chat=0
recover_camera=0
restore_pos=1
music=team_dance

[B1]
resource=npc\worldnpc1405
movetype=0
pathtype=2
base_angle_y=0.0
enter_time=0
alpha_in=0
alpha_out=0
show_name=0
name=
size_x=100
size_y=100
size_z=100
time_action0=stop,-5.4,-0.07,0.17,0,-0.63,0,stand,110,true,,,,0,1.00,

[scenario_camera]
pathtype=2
angletype=4
modetype=3
time_action0=20,10,1,5.928955,4.867752,-3.541748,-0.042083,1.99849,0,87.044434,7.664055,-44.068359,0.016095,2.032852,0,
is_offset_angle=0
offset_angle_y=0.0
time_action1=20,20,0,103.160889,10.406013,-90.426025,0.065546,0.249343,0,224.529663,8.609947,-117.411743,-0.271884,1.357082,0,
time_action2=20,8,0,260.906738,18.714088,-129.578247,0.565874,2.175204,0,297.882202,13.831947,-155.897583,-0.164256,2.219384,0,
time_action3=20,12,0,352.002319,24.017128,-164.578735,0.129541,2.109757,0,368.477661,20.379333,-37.521606,-0.047901,0.661675,0,
time_action4=20,14,0,304.969116,18.450478,5.057617,0.146994,2.054119,0,215.461182,1.01722,44.692261,-0.05081,2.00994,0,
time_action5=20,10,0,252.822632,7.540077,-15.442139,-0.027539,-2.358834,0,155.028442,10.747284,-95.754761,-0.030448,-2.249204,0.5,
time_action6=20,16,0,115.766724,12.582039,-102.866699,0.045184,0.106988,0,38.816895,12.096664,-64.843872,0.013186,0.462053,0,
time_action7=20,20,0,20.168701,16.303093,-9.68396,-0.364969,1.985398,0,-20.718994,3.578438,8.282349,-0.193345,1.983762,0,

[fade_section]
time_action0=0,1.0,0
time_action1=9,1.0,1
time_action2=10,1,0
time_action3=29,1.0,1
time_action4=30,1.0,0
time_action5=37,1.0,1
time_action6=38,1.0,0
time_action7=49,1.0,1
time_action8=50,1.0,0
time_action9=63,1.0,1
time_action10=64,1.0,0
time_action11=73,1.0,1
time_action12=74,1.0,0
time_action13=89,1.0,1
time_action14=90,1.0,0
time_action15=108,1.0,1
time_action16=109,1.0,2

