[system]
esc_key=1
hide_weapon=1
enternpc=48DDIWZ5909[hewt]@2184 148 609
gutname=6687chushipanmen
taskname=movie_scene05_6687.ini
info=
teamtype=0
refertype=2
show_all_npc=1
wait_terrain=1
show_head_to_chat=0
recover_camera=0

[scenario_camera]
pathtype=2
angletype=4
modetype=3
time_action0=20,3,0,5.618408,1.604553,-4.958618,-0.135789,2.984678,0,5.738525,1.711823,-5.717651,-0.138698,3.002677,0,
is_offset_angle=0
offset_angle_y=0.0
time_action1=20,3,0,2.349854,1.595871,-1.269653,0.041653,5.170706,0,2.349854,1.595871,-1.269653,0.041653,5.170706,0,
time_action2=20,3,0,3.998047,1.76442,-6.964417,-0.042705,1.791858,0,4.013184,1.757339,-6.99353,-0.060158,1.741135,0,
time_action3=20,4,0,6.603516,2.818344,-10.950256,0.277272,-0.407257,0,6.613525,2.824966,-10.971313,0.277272,-0.435073,0,
time_action4=20,2,0,-0.616211,1.296356,1.534058,-0.152003,2.536372,0,-0.616211,1.296356,1.534058,-0.152003,2.536372,0,
time_action5=20,2,0,9.881836,3.661514,-8.85083,0.365778,5.43253,0,10.763672,4.110947,-9.624634,0.365778,5.43253,0,
time_action6=20,5,0,5.300049,1.657272,-6.057129,-0.247996,2.762177,0,5.492676,1.786484,-6.491699,-0.26545,2.724544,0,

[player]
resource=player
movetype=0
pathtype=2
base_angle_y=0.0
enter_time=0
alpha_in=0
alpha_out=0
size_x=100
size_y=100
size_z=100
show_name=0
name=
time_action0=stop,1.09,0.14,-0.78,0,2.55,0,stand,1,true,,,,0,1.00,
time_action1=stop,1.09,0.14,-0.78,0,2.55,0,interact288,5,true,,,,0,1.00,
time_action2=stop,1.09,0.14,-0.78,0,2.55,0,stand,3,true,,,,0,1.00,
time_action3=stop,1.09,0.14,-0.78,0,2.55,0,interact288,3,true,,,,0,1.00,
time_action4=stop,1.09,0.14,-0.78,0.00,-0.58,0.00,stand,0.5,true,,,,0,1.00,
time_action5=moveto,0.27,0.14,0.46,walk,1.0,true,,,,0,1.00,0,,0,0,-0.58,0
time_action6=stop,0.27,0.14,0.46,0,-0.58,0,diedown,2,true,,,effect_dam_jd_14|Tpose_back_01|1|1,0,1.00,
time_action7=stop,0.27,0.14,0.46,0,-0.58,0,diedownloop,1,true,,,effect_obj_move_350||1|1,0,1.00,
time_action8=stop,0.27,0.14,0.46,0,-0.58,0,diedownloop,5.5,true,,,effect_obj_move_350a||3|1,0,1.00,

[fade_section]
time_action0=0,1.0,0
time_action1=20,1.0,1
time_action2=21,1.0,2

[movie_talk_id]
r0=0,movie_6687_1,2,
r1=3,movie_6687_2,2,
r2=6,movie_6687_3,2,
r3=9,movie_6687_4,2,
r4=12, ,2,
r5=17,movie_6687_5,2,

