[system]
esc_key=1
restore_pos=1
enternpc=YdNpc_school5[caokun]@306 18 198
gutname=water
taskname=movie_qyschool01_5605.ini
info=
teamtype=0
refertype=0
show_all_npc=0
wait_terrain=1
hide_weapon=1

[player]
resource=player
movetype=0
pathtype=2
base_angle_y=0.0
enter_time=0
alpha_in=1
alpha_out=1
time_action0=stop,311.90,19.33,200.04,0,-1.870283,0,ng_state_1,15,true,,,,0,1.00,
time_action1=stop,311.90,19.33,200.04,0,-1.870283,0,xl_ng_succeed_01,8,false,,,,0,1.00,
time_action2=stop,311.90,19.33,200.04,0,-1.870283,0,stand,4,true,,,,0,1.00,
time_action3=stop,311.90,19.33,200.04,0,-1.870283,0,interact288,3,true,,,,0,1.00,
time_action4=stop,311.90,19.33,200.04,0,-1.870283,0,stand,1.0,true,,,,0,1.00,

[xiuxingzhe]
resource=npc\fbboss00169
movetype=0
pathtype=2
base_angle_y=0.0
enter_time=0
alpha_in=1
alpha_out=1
time_action0=stop,306.83,18.87,198.20,0,-1.665591,0,ty_dazuoloop,13,true,,,,0,1.00,
time_action1=stop,306.83,18.87,198.20,0,-1.665591,0,1_stand_free01,4,true,,,,0,1.00,
time_action2=stop,306.83,18.87,198.20,0,1.33916,0,walk,1.0,true,,,,0,1.00,
time_action3=stop,306.83,18.87,198.20,0,1.33916,0,ty_nod,5,true,,,,0,1.00,
time_action4=stop,306.83,18.87,198.20,0,1.33916,0,ty_talk,3,true,,,,0,1.00,
time_action5=stop,306.83,18.87,198.20,0,1.33916,0,ty_nod,5,true,,,,0,1.00,

[fade_section]
time_action0=30,1.0,1
time_action1=31,1.0,2

[movie_talk_id]
r0=0,movie_5113_1,2,;;;
r1=5,movie_5113_2,2,
r2=10,movie_5113_3,2,
r3=15,movie_5113_4,2,
r4=20,movie_5113_5,2,
r5=25,movie_5113_6,2,

[scenario_camera]
pathtype=2
angletype=4
modetype=3
enter_time=0
time_action0=33,8,0,296.430359,30.736887,242.596619,0.406644,9.23219,0,301.111115,23.783566,219.88472,0.113428,9.051111,0,player
time_action1=33,10,0,301.111115,23.783566,219.88472,0.113428,9.051111,0,316.995392,23.556419,205.235062,0.472966,10.399378,0,player
time_action2=20,2,0,316.995392,23.556419,205.235062,0.472966,10.399378,0,315.028107,22.339989,203.900345,0.472966,10.399378,0,
time_action1_ctrl1=311.694824,23.321964,212.209427
time_action1_ctrl2=315.870758,23.556419,206.892532
time_action0_ctrl1=298.66861,26.221422,230.984634
time_action0_ctrl2=299.766479,24.005947,225.287491
time_action3=17,5,0,309.785034,20.633835,199.847198,0.197204,10.52157,0,309.785034,20.633835,199.847198,0.197204,10.52157,0,xiuxingzhe
time_action4=17,5,0,305.378845,20.633835,198.643143,0.137863,7.589416,0,305.378845,20.633835,198.643143,0.137863,7.589416,0,player

