[system]
enternpc=FunnpcClone017004[SH]@524 10 757
gutname=cishaaoxingxiong
taskname=movie_qyschool01_5609.ini
info=
teamtype=0
refertype=2
show_all_npc=1
wait_terrain=1
show_head_to_chat=0
recover_camera=0
esc_key=1
hide_weapon=1
music=clone017

[player]
resource=player
movetype=0
pathtype=2
base_angle_y=0.0
enter_time=0
alpha_in=0
alpha_out=0
size_x=100
size_y=100
size_z=100
show_name=0
name=
time_action0=stop,-36.81,0.01,-2.74,0,1.63,0,logoin_stand_2,24,true,,,,0,1.00,
time_action1=stop,-36.81,0.01,-2.74,0,1.63,0,interact339,10,true,,,,0,1.00,

[scenario_camera]
pathtype=2
angletype=4
modetype=3
time_action0=20,3,0,-35.447021,1.52696,-3.215576,-0.038458,1.317653,0,-35.447021,1.52696,-3.215576,-0.024495,1.806344,0,
time_action0_vibrate=4,1.0,0.8,3,1
is_offset_angle=0
offset_angle_y=0.0
time_action1=20,4,0,-35.990265,1.144979,-3.12738,-0.380543,-1.154171,0,-35.990265,1.144979,-3.12738,-0.380543,-1.154171,0,
time_action1_vibrate=4,1.0,0.8,2,1
time_action2=20,2,0,-34.393005,2.019175,-2.875,-0.04544,1.63399,0,-29.597748,2.303612,-3.19751,0.038336,1.609992,0,
time_action3=20,0.5,2,-29.597748,2.303612,-3.19751,0.038336,1.609992,0,-28.002014,2.242361,-3.260193,0.041827,0.51698,0,
time_action4=20,2,0,-28.002014,2.242361,-3.260193,0.041827,0.51698,0,-23.057648,2.088462,-3.399353,0.041827,0.51698,0,
time_action5=20,0.8,2,-23.057648,2.088462,-3.399353,0.041827,0.51698,0,-22.504913,2.074986,-3.406555,0.038336,2.646283,0,
time_action6=20,3,0,-22.504913,2.074986,-3.406555,0.038336,2.646283,0,-15.164215,1.896015,-3.50238,0.038336,2.646283,0,
time_action7=20,0.5,2,-15.164215,1.896015,-3.50238,0.038336,2.646283,0,-13.501862,1.855482,-3.523865,0.024373,1.583812,0,
time_action8=20,2,0,-13.501862,1.855482,-3.523865,0.024373,1.583812,0,-10.302124,1.777474,-3.565247,0.024373,1.583812,0,
time_action9=20,1,0,-10.302124,1.777474,-3.565247,0.024373,1.583812,0,-10.302124,1.777474,-3.565247,0.041826,1.001309,0,
time_action10=20,1,0,-10.302124,1.777474,-3.565247,0.041826,1.001309,0,-10.302124,1.777474,-3.565247,0.041826,1.001309,0,
time_action11=20,0.2,0,-10.302124,1.777474,-3.565247,0.041826,1.001309,0,-0.255676,1.51927,3.960999,0.024373,0.924951,0,
time_action12=20,4,0,-0.255676,1.51927,3.960999,0.024373,0.924951,0,-0.255676,1.51927,3.960999,0.024373,0.924951,0,
time_action13=20,4,0,-35.587646,0.997438,-3.820435,-0.188557,-0.94037,0,-35.587646,0.997438,-3.820435,-0.188557,-0.94037,0,
time_action14=20,6,0,2.351135,1.40328,9.426819,0.132583,3.346596,0,0.862183,1.40328,9.34668,0.094186,2.966986,0,

[fade_section]
time_action0=0,1.0,0
time_action1=32,1.0,1
time_action2=33,1.0,2

[movie_talk_id]
r0=3,movie_5609_1,2,
r1=7, ,2,
r2=9,movie_5609_2,2,
r3=15, ,2,
r4=20,movie_5609_3,2,
r5=24,movie_5609_4,2,
r6=28,movie_5609_5,2,

[screen_section]
time_action0=19.8,0.2,3,0.0,0.0

