[system]
hide_weapon=1
esc_key=1
enternpc=5610[hewt]@352.752 75.247 -99.131
gutname=5610JYW5nHFYjieshengzhi
taskname=movie_qyschool01_5610.ini
info=
teamtype=0
refertype=2
show_all_npc=0
wait_terrain=1
show_head_to_chat=0
recover_camera=1
music=FBdonghua06_xuanyi

[HFY]
resource=npc\worldnpc1118
movetype=0
pathtype=2
base_angle_y=0.0
enter_time=0
alpha_in=0
alpha_out=0
size_x=100
size_y=100
size_z=100
show_name=0
name=
time_action0=stop,-0.02,0,-13.9,0,3.14,0,stand,2.8,true,,,,0,1.00,
time_action1=stop,-0.02,0,-13.9,0,3.14,0,ty_kneel_culte_start,15,true,,,,0,0.88,
time_action2=stop,-0.02,0,-13.9,0,3.14,0,ty_kneel_culteloop_free01,5.2,true,,,,0,0.89,

[shengzhi]
resource=npc\itemnpc565
movetype=0
pathtype=2
base_angle_y=0.0
enter_time=5
alpha_in=0
alpha_out=0
size_x=60
size_y=60
size_z=60
show_name=0
name=
time_action0=stop,-0.02,1.34,-16.34,0,3.14,0,stand,14,true,,,,1,1.00,

[chuanzhi]
resource=npc\worldnpc627
movetype=0
pathtype=2
base_angle_y=0.0
enter_time=5
alpha_in=0
alpha_out=0
size_x=100
size_y=100
size_z=100
show_name=0
name=
time_action0=stop,-0.02,0.49,-16.68,0,-0.03,0,ty_sitchiar_readloop,14,true,,,,1,0.50,
time_action1=stop,-0.02,0,-16.84,0,0.01,0,h_stand_2,1,true,,,,0,1.00,
time_action2=stop,-0.02,0,-16.84,0,0.01,0,h_stand_2,3,true,,,,0,0.30,

[xiaotaijian]
resource=npc\worldnpc626
movetype=0
pathtype=2
base_angle_y=0.0
enter_time=5
alpha_in=0
alpha_out=0
size_x=100
size_y=100
size_z=100
show_name=0
name=
time_action0=stop,-1.71,0.00,-17.71,-0.00,0.45,0.00,b_stand_4,18,true,,,,0,1.00,

[scenario_camera]
pathtype=2
angletype=4
modetype=3
time_action0=20,6,0,-0.01909,0.961389,-14.83479,-0.034538,6.268479,0,-0.01909,0.961389,-14.83479,-0.034538,6.268479,0,
is_offset_angle=0
offset_angle_y=0.0
time_action1=20,12,0,-0.02,1.031275,-15.847546,-0.869388,9.411614,0,-0.02,1.189768,-15.82018,-0.613405,9.395258,0,
time_action2=20,3,0,1.243514,0.232324,-14.452031,-0.063627,4.815503,0,0.913375,0.236047,-14.437428,-0.011267,4.756603,0,
time_action3=20,2,0,-0.052507,0.607256,-11.634701,-0.092949,3.161247,0,-0.042527,0.560037,-11.128163,-0.092949,3.161247,0,

[fade_section]
time_action0=0,2.5,2
time_action1=2.5,1.0,0
time_action2=22,1.0,1
time_action3=23,2,2

[movie_talk_id]
r0=1,movie_5610_1,2,
r1=6,movie_5610_2,2,
r2=18,movie_5610_3,2,

[player]
resource=player
movetype=0
pathtype=2
base_angle_y=0.0
enter_time=0
alpha_in=0
alpha_out=0
size_x=100
size_y=100
size_z=100
show_name=0
name=
time_action0=stop,0,-3.59,0,0,0,0,stand,23,true,,,,1,1.00,

