[MainInfo]
FrameTime=0.033333
RulerStart=0.000000
RulerEnd=260.000000
CameraX=1603.180542
CameraY=254.770248
CameraZ=826.077026
CameraRX=-0.070854
CameraRY=2.434741
CameraRZ=-0.000000
CaptureAngleX=0.000000
CaptureAngleY=0.000000
CaptureAngleZ=0.000000
CapturePosX=0.000000
CapturePosY=0.000000
CapturePosZ=0.000000
CanBreak=0
ShowPlayer=0
ShowNpc=0
ShowWeapon=0
Player=

[npc_2]
WorldType=objects
ObjectType=Actor
Name=70CC1C7334CE4F728D11C8DA3DD50448
VisualType=Actor
PositionX=1603.625000
PositionY=253.749710
PositionZ=824.299866
AngleX=0.000000
AngleY=-0.689999
AngleZ=0.000000
ScaleX=0.999999
ScaleY=1.000000
ScaleZ=0.999999
VisualConfig=ini\npc\worldnpc749.ini
Path=npc_2.xml

[npc_3]
WorldType=objects
ObjectType=Actor
Name=9217EFD195464887B9325A66EA8EC576
VisualType=Actor
PositionX=1604.817383
PositionY=253.514023
PositionZ=825.495483
AngleX=0.000000
AngleY=-1.174997
AngleZ=0.000000
ScaleX=0.999996
ScaleY=1.000000
ScaleZ=0.999996
VisualConfig=ini\npc\worldnpc753.ini
Path=npc_3.xml

[camera_1]
WorldType=objects
ObjectType=camera
Name=E98A4C7D4B87465AB0B67EECA138CD12
VisualType=CameraWrapper
PositionX=1602.962891
PositionY=253.383759
PositionZ=837.277771
AngleX=-0.070854
AngleY=-3.102317
AngleZ=0.000000
ScaleX=0.999946
ScaleY=1.000000
ScaleZ=0.999895
VisualConfig=mdl\camera\camera01\camera.xmod
CameraType=free
Fovx=1.753383
Path=camera_1.xml

[camera_2]
WorldType=objects
ObjectType=camera
Name=B0FFD0943FBA4FB8938F2AAB6E5B35B7
VisualType=CameraWrapper
PositionX=1603.180542
PositionY=254.770248
PositionZ=826.077026
AngleX=-0.070854
AngleY=2.434741
AngleZ=-0.000000
ScaleX=1.000000
ScaleY=1.000000
ScaleZ=1.000000
VisualConfig=mdl\camera\camera01\camera.xmod
CameraType=free
Fovx=1.753383
Path=camera_2.xml

[camera_3]
WorldType=objects
ObjectType=camera
Name=1D97788623AE478E894B1EB093B27C9A
VisualType=CameraWrapper
PositionX=1604.247314
PositionY=255.281250
PositionZ=822.310608
AngleX=-0.126123
AngleY=-0.944109
AngleZ=0.000000
ScaleX=0.999999
ScaleY=0.999971
ScaleZ=0.999983
VisualConfig=mdl\camera\camera01\camera.xmod
CameraType=free
Fovx=1.753383
Path=camera_3.xml

[buff_0h_05_01_1]
WorldType=objects
ObjectType=EffectModel
Name=10A8B596F54C4EDBB418C2C624AA3CEA
VisualType=EffectModel
PositionX=1593.520874
PositionY=256.964966
PositionZ=830.137329
AngleX=-0.792906
AngleY=1.857550
AngleZ=0.172049
ScaleX=6.449471
ScaleY=6.449996
ScaleZ=6.449479
EffectConfig=ini\effect\model.ini
EffectName=buff_0h_05_01
Path=buff_0h_05_01_1.xml

[buff_0h_04_01_1]
WorldType=objects
ObjectType=EffectModel
Name=191D384729404BD4B6E35C6148333AC9
VisualType=EffectModel
PositionX=1593.230469
PositionY=253.002258
PositionZ=830.190796
AngleX=-0.031280
AngleY=0.007134
AngleZ=-0.224274
ScaleX=5.820010
ScaleY=5.820004
ScaleZ=5.820006
EffectConfig=ini\effect\model.ini
EffectName=buff_0h_04_01
Path=buff_0h_04_01_1.xml

[custom]
WorldType=global
ObjectType=custom
Name=
VisualType=
Path=custom.xml

[object_hsi]
WorldType=global
ObjectType=ppfilter_hsi
Name=
VisualType=
Path=object_hsi.xml

