[ppdof]
PPdofEnable=false
Linear=false
StartDepth=170.000000
EndDepth=200.000000
FocusDepth=50.000000
BlurValue=0.020000
MaxofBlur=1.000000

