[ppvolumelighting]
ppvolumelightingEnable=true
SunColor=255, 117,40,19
SunRadius=0.100000
SunLevel=10.000000
SunShineRadius=10.000000
SunShineUp=0.350000
SampleBias=0.026000
SampleDistance=1.835800

