[player]
resource=player
movetype=0
pathtype=2
base_angle_y=0.0
enter_time=0
alpha_in=0
alpha_out=0
size_x=100
size_y=100
size_z=100
show_name=0
name=
time_action0=stop,15.64,170.11,81.22,-0.00,2.69,0.00,stand,1.0,true,,,,0,1.00,

[scenario_camera]
pathtype=2
angletype=4
modetype=3
time_action0=20,4,2,12.88,179.98,78.82,0.10,1.17,0.00,82.97,181.97,107.44,0.36,0.86,0.00,
is_offset_angle=0
offset_angle_y=0.0
time_action1=20,4,2,82.97,181.97,107.44,0.36,0.86,0.00,5.51,161.41,75.93,0.37,4.40,0.00,
time_action2=20,3,0,5.51,161.41,75.93,0.37,4.40,0.00,-33.49,129.97,-29.50,0.41,3.80,0.00,
time_action3=20,2,0,-33.49,129.97,-29.50,0.41,3.80,0.00,-83.04,130.57,-46.77,0.40,3.80,0.00,
time_action4=20,3,2,-83.04,130.57,-46.77,0.40,3.80,0.00,-120.13,126.79,-44.09,0.49,4.43,0.00,

[fade_section]
time_action0=0,1.0,0
time_action1=16,2,1

[system]
enternpc=
gutname=wjd_behavior29_01
taskname=wjd_behavior29_01.ini
info=
teamtype=0
refertype=0
show_all_npc=1
wait_terrain=1
show_head_to_chat=0
recover_camera=1
esc_key=1
hide_weapon=0

[animation_section0]
id=obj\fs_effect\wangyuanjing.png
left=0
top=0
width=0
height=0
loop=0
maxsize=1
dur_time=18000.000000
trigger_time=0.000000

