[system]
enternpc=bossclone001002[shiyanBOSS2]@859 131 197
gutname=mudaorenfeisheng
taskname=movie_clone001_05.ini
info=
teamtype=0
refertype=2
esc_key=1
music=clone017_somber
show_all_npc=0
wait_terrain=1
hide_weapon=0

[fade_section]
time_action0=0,1.0,0
time_action1=24,1.0,1
time_action2=25,1.0,2

[liuqingqing]
resource=npc\fbfunnpc00004
movetype=0
pathtype=2
base_angle_y=0.0
enter_time=0
alpha_in=1
alpha_out=0
time_action0=stop,2.72,0.73,7.66,0,0.19,0,2_stand,22,true,,,,0
time_action1=stop,2.72,0.73,7.66,0,0.19,0,2_scenario,3,true,,,,0

[mudaoren]
resource=npc\fbboss00002_m
movetype=0
pathtype=2
base_angle_y=0.0
enter_time=0
alpha_in=1
alpha_out=0
time_action0=stop,-0.17,0.79,0.21,0,0.4,0,stand,6,false,,,,0
time_action1=stop,-0.17,0.79,0.21,0,0.4,0,show_03,2,true,,,,0
time_action2=stop,-0.17,0.79,0.21,0,0.4,0,stand,3,true,,,,0
time_action3=stop,-0.17,0.79,0.21,0,0.4,0,show_02,7,true,,,,0
time_action4=moveto,3.13,0.83,3.92,walk,3.5,true,,,,0
time_action5=stop,3.13,0.83,3.92,0,0.72,0,stand,3.5,true,,,,0

[scenario_camera]
pathtype=2
angletype=4
modetype=3
time_action0=20,4,0,4.539795,8.327301,9.160782,0.348195,3.339919,0,11.49646,12.58432,1.316574,0.524908,4.832174,0,
time_action1_vibrate=4,1.0,1.0,2.0
time_action1=20,2,0,18.100525,10.643509,8.074356,-0.050452,-0.23366,0,18.100525,10.643509,8.074356,-0.050452,-0.23366,0,
time_action2=20,2,0,3.512024,2.856583,0.740509,0.310262,4.461296,0,3.512024,2.856583,0.740509,0.310262,4.461296,0,
time_action3=20,1,0,3.512024,2.856583,0.740509,0.310262,4.461296,0,2.493103,2.101486,0.683823,-0.972461,1.156409,0,
time_action4=20,2,0,2.493103,2.101486,0.683823,-0.972461,1.156409,0,2.493103,2.101486,0.683823,-0.972461,1.156409,0,
time_action5=20,7,0,2.30249,1.215363,0.633133,-0.270501,4.499193,0,2.30249,1.215363,0.633133,-0.270501,4.499193,0,
time_action6=20,3,0,-2.677673,4.294907,-4.286484,0.349522,0.622554,0,-2.677673,4.294907,-4.286484,0.349522,0.622554,0,
time_action7=20,4,0,14.0177,5.360153,4.236938,-0.353042,0.097319,0,14.0177,5.360153,4.236938,-0.353042,0.097319,0,

[shizhu]
resource=npc\fbmac00026
movetype=0
pathtype=2
base_angle_y=0.0
enter_time=0
alpha_in=0
alpha_out=0
time_action0=stop,4.7,-1.68,5.4,0,0,0,stand,25,true,,,,1

[baoxiang]
resource=npc\itemboxnpc002
movetype=0
pathtype=2
base_angle_y=0.0
enter_time=0
alpha_in=0
alpha_out=0
time_action0=stop,4.69,7.16,5.46,0,0,0,stand,25,true,,,,1

[effect_section]
time_action0=0,25,light_circ_12,true,4.84,0,5.5,0.0,0.0,0.0

[movie_talk_id]
r0=5,movie_65_1,1,
r1=7,movie_65_2,1,
r2=10,movie_65_3,1,
r3=11,movie_65_4,0,
r4=21,movie_65_5,0,

[qiufengwu]
resource=npc\worldnpc248
movetype=0
pathtype=2
base_angle_y=0.0
enter_time=0
alpha_in=0
alpha_out=0
time_action0=stop,7.49,9.45,2.79,0.00,-1.92,0.00,3_stand,25,true,,,,1,1.00,

