[system]
enternpc=TriggerNpc00013[wuxingchukoujiance]@574 114 428
gutname=wuxingzhenmenpo
taskname=wuxingzhenmenpo.ini
info=
teamtype=0
refertype=2
music=clone001
esc_key=0
restore_pos=1
show_all_npc=0
wait_terrain=1

[scenario_camera]
pathtype=2
angletype=4
modetype=3
time_action0=17,3,0,4.288757,28.555664,-17.096863,0.762127,-0.279798,0,4.288757,28.555664,-17.096863,0.762127,-0.279798,0,wuxingzhenmenta
time_action0_ctrl1=4.34,1.10,2.60
time_action0_ctrl2=9.10,8.40,6.00
time_action1=20,4,0,1.19165,12.768814,7.837158,-0.07854,-2.858521,0,1.19165,12.768814,7.837158,-0.477057,-2.866703,0,
time_action1_vibrate=4,0.05,0.15,6
time_action0_vibrate=4,0.05,0.15,4
time_action2=20,5,0,4.145691,20.506485,22.977264,0.331612,-3.087596,0,1.25824,20.506485,23.13327,0.331612,-3.087596,0,

[wuxingzhenmenta]
resource=npc\fbmac00013
movetype=0
pathtype=2
base_angle_y=0.0
enter_time=0.0
alpha_in=0
alpha_out=0
time_action0=stop,-0.31,11,0.69,0,0,0,standfree01,8,true,,sound_4401_4.wav|true|99|1,,1,1.00,
time_action1=stop,-0.26,11.84,1.5,0,0,0,1_stand,6,true,,,,0,1.00,

[fade_section]
time_action0=0,1.0,2
time_action1=1,1.0,0
time_action2=10,1,1
time_action3=11,3,2

[movie_talk_id]
r0=0,movie_62_1,2
r1=3,movie_62_2,2
r2=7,movie_62_3,2

