[system]
enternpc=dhnpss075126[hewt]@454 0 614
gutname=5753xuechou
taskname=movie_qyschool04_5753.ini
info=
teamtype=0
refertype=2
show_all_npc=0
wait_terrain=1
esc_key=1
hide_weapon=1
music=scene05

[mowuyan]
resource=npc\qynpc00005
movetype=0
pathtype=2
base_angle_y=0.0
enter_time=0
alpha_in=0
alpha_out=0
time_action0=stop,-0.88,1.28,-0.9,0,-3.09,0,b_diedownloop1_1,33,true,,,,0,1.00,

[player]
resource=player
movetype=0
pathtype=2
base_angle_y=0.0
enter_time=0
alpha_in=0
alpha_out=0
time_action0=stop,-10.23,0.63,25.49,-0.00,2.65,0.00,stand,1.0,true,,,,0,1.00,
time_action1=moveto,-2.1,0.89,7.34,run,4,true,,,,0,1.00,0,
time_action2=stop,-2.1,0.89,7.34,0,2.75,0,stand,5,true,,,,0,1.00,
time_action3=stop,3.72,0.97,5.37,0,-2.07,0,stand,0.5,true,,,,0,1.00,
time_action4=stop,3.72,0.97,5.37,0,-2.07,0,stand,0.5,true,,,,0,1.00,
time_action5=moveto,2.41,0.73,3.57,interact357,5,true,,,,0,1.00,0,
time_action6=stop,2.41,0.73,3.57,0,-2.55,0,stand,6,true,,,,0,1.00,
time_action7=stop,1.11,0.73,-0.41,0.00,-1.56,0.00,stand,1.0,true,,,,0,1.00,
time_action8=stop,1.11,0.73,-0.41,0,-1.56,0,stand,3,true,,,,0,1.00,

[scenario_camera]
pathtype=2
angletype=4
modetype=3
time_action0=20,5,0,-10.704681,8.116398,26.546814,0.625653,2.62201,0,-10.423981,7.707916,26.05603,0.625653,2.62201,0,
time_action1=20,1,0,-1.600159,2.304904,7.257446,0.017456,1.705713,0,2.078796,2.330051,6.871765,-0.01396,1.666443,0,
time_action2=20,0.3,2,2.078796,2.330051,6.871765,-0.01396,1.666443,0,2.078796,2.330051,6.871765,0.006984,0.357446,0,
time_action2_vibrate=4,0.05,0.2,2.0
time_action1_vibrate=0,0.05,0.2,2.0
time_action3=20,0.5,0,2.078796,2.330051,6.871765,0.006984,0.357446,0,2.078796,2.330051,6.871765,0.006984,0.357446,0,
time_action4=20,0.5,2,2.078796,2.330051,6.871765,0.006984,0.357446,0,2.078796,2.330051,6.871765,-0.031413,3.021256,0,
time_action5=20,0.5,0,2.078796,2.330051,6.871765,-0.031413,3.021256,0,2.078796,2.330051,6.871765,-0.031413,3.021256,0,
time_action6=20,2,2,2.078796,2.330051,6.871765,-0.031413,3.021256,0,3.165161,2.269731,4.063232,0.0384,3.739026,0,
time_action6_vibrate=0,0.03,0.4,2.0
time_action7=20,1.2,0,3.165161,2.269731,4.063232,0.0384,3.739026,0,3.165161,2.269731,4.063232,0.0384,3.739026,0,
time_action8=20,5,0,0.774139,2.345339,-0.016785,0.130583,6.784835,0,0.774139,2.345339,-0.016785,0.130583,6.784835,0,
time_action9=20,6,0,2.136566,2.211965,3.157104,0.024434,3.697291,0,1.358521,2.030613,0.930054,0.188495,4.026724,0,
time_action9_vibrate=0,0.05,0.5,6
time_action10=20,6,0,0.58078,1.472857,0.083191,0.136204,4.717252,0,-0.16214,1.700231,-0.296326,0.691221,5.149181,0,
time_action11=20,5,0,-0.16214,1.700231,-0.296326,0.691221,5.149181,0,0.15152,1.553936,-0.938477,0.279322,4.75212,0,

[fade_section]
time_action0=0,1.0,0
time_action1=32,1.0,1
time_action2=33,1.0,2

[movie_talk_id]
r0=11,movie_5753_1,2,
r1=24,movie_5753_2,0,

