[system]
esc_key=1
restore_pos=1
enternpc=16WZHGN5954[caokun]@862 -28.89 @424
gutname=water
taskname=movie_qyschool04_5754.ini
info=
teamtype=0
refertype=0
show_all_npc=0
wait_terrain=1
hide_weapon=1

[player]
resource=player
movetype=0
pathtype=2
base_angle_y=0.0
enter_time=0
alpha_in=1
alpha_out=1
time_action0=stop,61.75,134.60,8.29,0,-1.231358,0,ng_state_1,15,true,,,,0,1.00,
time_action1=stop,61.75,134.60,8.29,0,-1.231358,0,xl_ng_succeed_01,8,false,,,,0,1.00,
time_action2=stop,61.75,134.60,8.29,0,-1.231358,0,stand,4,true,,,,0,1.00,
time_action3=stop,61.75,134.60,8.29,0,-1.231358,0,interact288,3,true,,,,0,1.00,
time_action4=stop,61.75,134.60,8.29,0,-1.231358,0,stand,1.0,true,,,,0,1.00,

[xiuxingzhe]
resource=npc\fbboss00169
movetype=0
pathtype=2
base_angle_y=0.0
enter_time=0
alpha_in=1
alpha_out=1
time_action0=stop,57.82,134.62,9.72,0,-1.093362,0,ty_dazuoloop,13,true,,,,0,1.00,
time_action1=stop,57.82,134.62,9.72,0,-1.093362,0,1_stand_free01,4,true,,,,0,1.00,
time_action2=stop,57.82,134.62,9.72,0,2.045926,0,walk,1.0,true,,,,0,1.00,
time_action3=stop,57.82,134.62,9.72,0,2.045926,0,ty_nod,5,true,,,,0,1.00,
time_action4=stop,57.82,134.62,9.72,0,2.045926,0,ty_talk,3,true,,,,0,1.00,
time_action5=stop,57.82,134.62,9.72,0,2.045926,0,ty_nod,5,true,,,,0,1.00,

[fade_section]
time_action0=30,1.0,1
time_action1=31,1.0,2

[movie_talk_id]
r0=0,movie_5113_1,2,;;;
r1=5,movie_5113_2,2,
r2=10,movie_5113_3,2,
r3=15,movie_5113_4,2,
r4=20,movie_5113_5,2,
r5=25,movie_5113_6,2,

[scenario_camera]
pathtype=2
angletype=4
modetype=3
enter_time=0
time_action0=33,8,0,-12.18766,176.83548,-10.470806,0.712261,1.349545,0,39.071758,142.717056,3.199698,0.481876,1.273187,0,player
time_action1=33,10,0,39.071758,142.717056,3.199698,0.481876,1.273187,0,72.857841,141.471664,3.609426,0.488856,-1.150638,0,player
time_action2=20,2,0,72.857841,141.471664,3.609426,0.488856,-1.150638,0,70.147621,139.911484,4.855864,0.481875,-1.139729,0,
time_action1_ctrl1=52.75716,141.471664,-2.391929
time_action1_ctrl2=66.562881,141.471664,-3.426979
time_action0_ctrl1=9.669896,159.284683,-5.039366
time_action0_ctrl2=21.729074,151.607635,-1.62361
time_action3=17,5,0,60.214367,136.544373,8.474159,0.321305,-1.093915,0,60.214367,136.544373,8.474159,0.321305,-1.093915,0,xiuxingzhe
time_action4=17,5,0,56.530231,136.853348,11.23223,0.282908,1.993135,0,56.530231,136.853348,11.23223,0.282908,1.993135,0,player

