[system]
hide_weapon=1
esc_key=1
enternpc=5756WAWQG[hewt]@39.916 161.369 -52.541
gutname=5756JLG4neianqichuanshu
taskname=movie_qyschool04_5756.ini
info=
teamtype=0
refertype=2
show_all_npc=0
wait_terrain=1
show_head_to_chat=0
recover_camera=0
music=FBdonghua04_jiliezhengchao

[shenmirenJLG]
resource=npc\worldnpc786
movetype=0
pathtype=2
base_angle_y=0.0
enter_time=0
alpha_in=0
alpha_out=0
size_x=100
size_y=100
size_z=100
time_action0=stop,-1.25,0.07,-0.38,-0.00,2.26,0.00,b_diedownloop1_1,19,true,,,,0,1.00,

[anqi]
resource=npc\fbmac004012
movetype=0
pathtype=2
base_angle_y=0.0
enter_time=7
alpha_in=0
alpha_out=0
size_x=100
size_y=100
size_z=100
time_action0=stop,16.82,3,35.2,0,-2.67,0,stand,1,true,,,effect_light_move_3||10|1,1,1.00,
time_action1=moveto,-2.94,0.51,-2.43,stand,3,true,,,,1,1.00,0,

[anqiluo]
resource=npc\fbmac004012
movetype=0
pathtype=2
base_angle_y=0.0
enter_time=0
alpha_in=0
alpha_out=0
size_x=100
size_y=100
size_z=100

[scenario_camera]
pathtype=2
angletype=4
modetype=3
time_action0=20,7,0,1.92046,1.178714,0.889866,0.233004,4.489484,0,1.044899,1.290027,3.850639,0.226023,3.575367,0,
time_action1=20,2,0,14.55148,2.766559,30.722629,0.051723,9.869383,0,14.55148,2.766559,30.722629,0.051723,9.869383,0,
time_action2=20,1,0,-2.330959,0.521671,0.46503,-0.133283,7.689963,0,-2.330959,0.521671,0.46503,-0.133283,7.689963,0,
time_action3=20,9,0,-2.288509,0.907581,-1.626904,0.074719,6.798789,0,-2.288509,0.907581,-1.626904,0.074719,6.798789,0,

[player]
resource=player
movetype=0
pathtype=2
base_angle_y=0.0
enter_time=0
alpha_in=0
alpha_out=0
size_x=100
size_y=100
size_z=100
time_action0=stop,-1.33,-0.11,0.67,0,-2.56,0,interact173,9,true,,,,0,1.00,
time_action1=stop,-1.33,-0.11,0.67,0,-2.56,0,interact084,1,true,,,,0,1.00,
time_action2=moveto,0.71,0.06,-0.16,qg_fastleft,0.9,true,,,,0,1.00,1,
time_action3=stop,0.71,0.06,-0.16,0,0.42,0,stand_turnright,1.1,true,,,,0,1.00,
time_action4=moveto,1.82,-0.31,2.35,fi_0h_walk,2,true,,,,0,1.00,0,
time_action5=stop,1.82,-0.31,2.35,-0.00,0.47,0.00,logoin_stand_2,2,true,,,,0,1.00,
time_action6=stop,1.82,-0.31,2.35,0,-2.3,0,stand_turnright,1.0,true,,,,0,1.00,
time_action7=stop,1.82,-0.31,2.35,0,-2.3,0,logoin_stand_2,2,true,,,,0,1.00,

[movie_talk_id]
r0=4,movie_5756_1,2,
r1=9,movie_5756_2,2,
r2=11, ,2,
r3=17,movie_5756_3,2,

[fade_section]
time_action0=0,1.0,0
time_action1=18,1.0,1
time_action2=19,1.0,2

[sound_section]
r0=8.2,fight\attack\att_2H_004.wav
r1=10.1,fight\other\fight_qg_edt_02.wav

