[MainInfo]
FrameTime=0.033333
RulerStart=0.000000
RulerEnd=400.000000
CameraX=474.165497
CameraY=37.727051
CameraZ=131.275391
CameraRX=-0.329746
CameraRY=2.382373
CameraRZ=-0.000000
CaptureAngleX=0.000000
CaptureAngleY=0.000000
CaptureAngleZ=0.000000
CapturePosX=0.000000
CapturePosY=0.000000
CapturePosZ=0.000000
CanBreak=0
ShowPlayer=0
ShowNpc=0
ShowWeapon=0
Player=npc_4

[npc_1]
WorldType=objects
ObjectType=Actor
Name=5A1F50928D1243BA900D0080E9CD5E2F
VisualType=Actor
PositionX=495.530914
PositionY=29.482697
PositionZ=137.159317
AngleX=-0.000000
AngleY=0.000000
AngleZ=0.000000
ScaleX=1.000000
ScaleY=1.000000
ScaleZ=1.000000
VisualConfig=ini\npc\b_banlvxinmo02.ini
Path=npc_1.xml

[camera_1]
WorldType=objects
ObjectType=camera
Name=FD76191D5D2F41778B17C2C5269D5298
VisualType=CameraWrapper
PositionX=474.165497
PositionY=37.727051
PositionZ=131.275391
AngleX=-0.329746
AngleY=2.382373
AngleZ=-0.000000
ScaleX=1.000000
ScaleY=1.000000
ScaleZ=1.000000
VisualConfig=mdl\camera\camera01\camera.xmod
CameraType=free
Fovx=1.932298
Path=camera_1.xml

[npc_2]
WorldType=objects
ObjectType=Actor
Name=A13AEBABEBA2403488E17239B2DD6775
VisualType=Actor
PositionX=554.765991
PositionY=61.541782
PositionZ=6.794891
AngleX=-0.000000
AngleY=2.879999
AngleZ=0.000000
ScaleX=0.999958
ScaleY=1.000000
ScaleZ=0.999958
VisualConfig=ini\npc\b_banlvxinmo05.ini
Path=npc_2.xml

[npc_3]
WorldType=objects
ObjectType=Actor
Name=10C1A9C9056B4A859EF369805BE53C28
VisualType=Actor
PositionX=555.994019
PositionY=61.541782
PositionZ=3.817677
AngleX=-0.000000
AngleY=3.054998
AngleZ=0.000000
ScaleX=0.999976
ScaleY=1.000000
ScaleZ=0.999976
VisualConfig=ini\npc\b_banlvxinmo03.ini
Path=npc_3.xml

[npc_4]
WorldType=objects
ObjectType=Actor
Name=FA38B08E72D441B1B81ADCAFE0FCFDD7
VisualType=Actor
PositionX=558.894470
PositionY=61.541782
PositionZ=4.794518
AngleX=-0.000000
AngleY=-3.058192
AngleZ=0.000000
ScaleX=0.999973
ScaleY=1.000000
ScaleZ=0.999973
VisualConfig=ini\npc\b_banlvxinmo02.ini
Path=npc_4.xml

[npc_5]
WorldType=objects
ObjectType=Actor
Name=81AD50B734F24D26B26B0FE702933E67
VisualType=Actor
PositionX=559.166260
PositionY=61.541782
PositionZ=6.045375
AngleX=-0.000000
AngleY=3.044995
AngleZ=0.000000
ScaleX=0.999981
ScaleY=1.000000
ScaleZ=0.999981
VisualConfig=ini\npc\b_banlvxinmo04.ini
Path=npc_5.xml

[npc_6]
WorldType=objects
ObjectType=Actor
Name=8997500A149F453BA0F22A8E399456C6
VisualType=Actor
PositionX=560.441040
PositionY=61.541782
PositionZ=7.928668
AngleX=-0.000000
AngleY=2.689996
AngleZ=0.000000
ScaleX=0.999975
ScaleY=1.000000
ScaleZ=0.999975
VisualConfig=ini\npc\b_banlvxinmo07.ini
Path=npc_6.xml

[npc_7]
WorldType=objects
ObjectType=Actor
Name=77825691749A47E2B94986CEF0CD923E
VisualType=Actor
PositionX=558.441406
PositionY=61.541782
PositionZ=7.339042
AngleX=-0.000000
AngleY=2.644998
AngleZ=0.000000
ScaleX=0.999965
ScaleY=1.000000
ScaleZ=0.999965
VisualConfig=ini\npc\b_banlvxinmo06.ini
Path=npc_7.xml

[object_hsi]
WorldType=global
ObjectType=ppfilter_hsi
Name=
VisualType=
Path=object_hsi.xml

[custom]
WorldType=global
ObjectType=custom
Name=
VisualType=
Path=custom.xml

[clone040]
WorldType=music
ObjectType=Music
Name=4460355A16B04E2F8E6632FED4E70DE4
VisualType=Music
MusicConfig=mus\clone040.ogg
MusicType=npc
Path=clone040.xml

