[MainInfo]
FrameTime=0.033333
RulerStart=0.000000
RulerEnd=400.000000
CameraX=585.185181
CameraY=15.402699
CameraZ=1122.198608
CameraRX=0.058483
CameraRY=-1.850551
CameraRZ=-0.000000
CaptureAngleX=0.000000
CaptureAngleY=0.000000
CaptureAngleZ=0.000000
CapturePosX=0.000000
CapturePosY=0.000000
CapturePosZ=0.000000
CanBreak=0
ShowPlayer=0
ShowNpc=0
ShowWeapon=0
Player=npc_3

[npc_1]
WorldType=objects
ObjectType=Actor
Name=B59DA4F19CC543E9AC2527C541217901
VisualType=Actor
PositionX=583.321411
PositionY=13.847775
PositionZ=1122.198486
AngleX=-0.000000
AngleY=1.868179
AngleZ=0.000000
ScaleX=0.999893
ScaleY=1.000000
ScaleZ=0.999893
VisualConfig=ini\npc\monster454.ini
Path=npc_1.xml

[npc_2]
WorldType=objects
ObjectType=Actor
Name=40CF60746CA64B51930888E1B512E50F
VisualType=Actor
PositionX=584.655823
PositionY=13.803238
PositionZ=1121.584351
AngleX=0.000000
AngleY=-1.324989
AngleZ=0.000000
ScaleX=0.999951
ScaleY=0.999999
ScaleZ=0.999953
VisualConfig=ini\npc\worldnpc384.ini
Path=npc_2.xml

[npc_3]
WorldType=objects
ObjectType=Actor
Name=525CBABB6AFA42DC893B1BB89A98C34A
VisualType=Actor
PositionX=585.189758
PositionY=14.093901
PositionZ=1133.442749
AngleX=-0.000000
AngleY=-2.940001
AngleZ=0.000000
ScaleX=0.999957
ScaleY=1.000000
ScaleZ=0.999957
VisualConfig=ini\npc\b_banlvxinmo02.ini
Path=npc_3.xml

[camera_1]
WorldType=objects
ObjectType=camera
Name=F76580D7DFDD4DA49379388C87BC3C86
VisualType=CameraWrapper
PositionX=585.545471
PositionY=17.059143
PositionZ=1134.293091
AngleX=0.141152
AngleY=-2.776416
AngleZ=0.000000
ScaleX=1.000000
ScaleY=0.999998
ScaleZ=0.999987
VisualConfig=mdl\camera\camera01\camera.xmod
CameraType=free
Fovx=1.809219
Path=camera_1.xml

[camera_2]
WorldType=objects
ObjectType=camera
Name=E086EB196D474BE5BF597F737ABBBE80
VisualType=CameraWrapper
PositionX=583.071960
PositionY=15.402372
PositionZ=1122.467407
AngleX=0.093389
AngleY=2.570585
AngleZ=0.000000
ScaleX=1.000000
ScaleY=0.999993
ScaleZ=1.000000
VisualConfig=mdl\camera\camera01\camera.xmod
CameraType=free
Fovx=1.809219
Path=camera_2.xml

[camera_3]
WorldType=objects
ObjectType=camera
Name=6CCDFB596B7B4DAAA6A2C7DD454A25B5
VisualType=CameraWrapper
PositionX=585.185181
PositionY=15.402699
PositionZ=1122.198608
AngleX=0.058483
AngleY=-1.850551
AngleZ=-0.000000
ScaleX=1.000000
ScaleY=1.000000
ScaleZ=1.000000
VisualConfig=mdl\camera\camera01\camera.xmod
CameraType=free
Fovx=1.809219
Path=camera_3.xml

[camera_4]
WorldType=objects
ObjectType=camera
Name=0E8D8287B64C4ADF8D8A636C17AB0766
VisualType=CameraWrapper
PositionX=585.975403
PositionY=15.532530
PositionZ=1131.479370
AngleX=-0.022966
AngleY=-0.294481
AngleZ=-0.000000
ScaleX=0.999999
ScaleY=1.000000
ScaleZ=1.000000
VisualConfig=mdl\camera\camera01\camera.xmod
CameraType=free
Fovx=1.809219
Path=camera_4.xml

[custom]
WorldType=global
ObjectType=custom
Name=
VisualType=
Path=custom.xml

[object_hsi]
WorldType=global
ObjectType=ppfilter_hsi
Name=
VisualType=
Path=object_hsi.xml

