[ppcoloradjust]
PPColorAdjustEnable=false
GradualStart=-0.200000
GradualEnd=0.380000
GradualExp=1.500000
GradualColor=255, 84,84,153
GradualBaseColor=255,255,255,255
GradualBrightness=50.000000
GradualContrast=50.000000
GradualSaturation=50.000000

