[system]
esc_key=1
hide_weapon=1
enternpc=@238 43 415
gutname=wuhui
taskname=movie_qyschool07_5906.ini
info=
teamtype=0
refertype=2
show_all_npc=0
wait_terrain=1

[player]
resource=player
movetype=0
pathtype=2
base_angle_y=0.0
enter_time=0
alpha_in=0
alpha_out=0
time_action0=stop,7.55,1.55,3.81,0,1.66,0,fi_0h_stand,11,true,,,,0,1.00,
time_action1=stop,7.55,1.55,3.81,0,1.66,0,fi_0h_stand,3,true,,,,0,1.00,
time_action2=stop,7.55,1.55,3.81,0,1.66,0,stand,10,true,,,,0,1.00,

[xinjunke]
resource=npc\qynpc00001
movetype=0
pathtype=2
base_angle_y=0.0
enter_time=0
alpha_in=0
alpha_out=0
time_action0=stop,9.55,1.55,3.72,0,-1.5,0,b_stand_4,11,true,,,,0,1.00,
time_action1=stop,9.55,1.55,3.72,0,-1.5,0,h_provoke1_2,3,true,,,,0,1.00,
time_action2=stop,9.55,1.55,3.72,0,-1.5,0,b_stand_4,10,true,,,,0,1.00,

[scenario_camera]
pathtype=2
angletype=4
modetype=3
time_action0=20,5,0,8.445175,2.794868,0.362915,0.047532,0.024767,0,8.272034,3.12748,-6.627045,0.030079,0.007314,0,
time_action1=20,1,0,8.272034,3.12748,-6.627045,0.030079,0.007314,0,8.272034,3.12748,-6.627045,0.030079,0.007314,0,
time_action2=20,5,0,10.817703,2.828548,1.914856,0.075458,-0.865351,0,10.817703,2.828548,1.914856,0.075458,-0.865351,0,
time_action3=20,3,0,5.8535,2.806301,2.033539,0.08942,0.982516,0,5.8535,2.806301,2.033539,0.08942,0.982516,0,
time_action4=20,3,0,5.899612,5.182026,6.610138,0.323294,2.263151,0,5.899612,5.182026,6.610138,0.448958,2.555494,0,
time_action5=20,6,0,5.899612,5.182026,6.610138,0.448958,2.555494,0,8.521744,2.948914,0.863617,0.068476,2.806383,0,
time_action6=20,1,0,8.521744,2.948914,0.863617,0.068476,2.806383,0,8.521744,2.948914,0.863617,0.068476,2.806383,0,

[zhanglili]
resource=npc\worldnpc729
movetype=0
pathtype=2
base_angle_y=0.0
enter_time=13
alpha_in=0
alpha_out=0
time_action0=stop,13.49,1.48,0.16,0.00,-1.67,0.00,stand,1.0,true,,,,0,1.00,
time_action1=moveto,8.92,1.48,-0.09,h_walk3_1,5,true,,,,0,1.00,0,
time_action2=stop,8.92,1.48,-0.09,0,-0.43,0,ty_shake,1,true,,,,0,1.00,
time_action3=stop,8.92,1.48,-0.09,0,-0.43,0,ty_shake,4,true,,,,0,1.00,

[movie_talk_id]
r0=3,movie_5906_1,2,
r1=11,movie_5906_2,2,
r2=14,movie_5906_3,2,

[fade_section]
time_action0=0,4,0
time_action1=22,2,1

