[system]
hide_weapon=1
restore_pos=0
esc_key=0
enternpc=48DDIWZ5909[hewt]@-599 -1 1022
gutname=5909WZhaimeisi
taskname=movie_qyschool07_5909.ini
info=
scene_param=
teamtype=0
refertype=2
show_all_npc=0
wait_terrain=1
music=FBdonghua04_jiliezhengchao

[wuzhen]
resource=npc\fbboss021006_m
movetype=0
pathtype=2
base_angle_y=0.0
enter_time=0
alpha_in=0
alpha_out=0
time_action0=stop,10.77,-0.23,-6.97,0,-0.79,0,ty_lie_talk,10,true,,,,0,1.00,

[shashi1]
resource=npc\fbmac004012
movetype=0
pathtype=2
base_angle_y=0.0
enter_time=0
alpha_in=0
alpha_out=0
time_action0=stop,11.65,-0.23,-6.45,0,2.35,0,stand,10,true,,,effect_clone007_luoshi|Model::Point01|50|1,0,1.00,

[shashi2]
resource=npc\fbmac004012
movetype=0
pathtype=2
base_angle_y=0.0
enter_time=0
alpha_in=0
alpha_out=0
time_action0=stop,10.75,-0.23,-6.67,0,2.39,0,stand,10,true,,,effect_clone007_luoshi|Model::Point01|50|1,0,1.00,

[shashi3]
resource=npc\fbmac004012
movetype=0
pathtype=2
base_angle_y=0.0
enter_time=0
alpha_in=0
alpha_out=0
time_action0=stop,11.14,-0.23,-4.62,0,2.39,0,stand,10,true,,,effect_clone007_luoshi|Model::Point01|50|1,0,1.00,

[shashi4]
resource=npc\fbmac004012
movetype=0
pathtype=2
base_angle_y=0.0
enter_time=0
alpha_in=0
alpha_out=0
time_action0=stop,10.94,-0.23,-8.1,0,2.12,0,stand,10,true,,,effect_clone007_luoshi|Model::Point01|50|1.0,0,1.00,

[scenario_camera]
pathtype=2
angletype=4
modetype=3
time_action0=20,4,0,13.602783,0.529849,-9.911255,-0.485964,5.512017,0,13.000549,1.008061,-9.288269,-0.513889,5.51638,0,
time_action1=20,3,0,10.565186,0.658338,-6.259583,0.030653,2.344242,0,10.143677,-0.010858,-5.864014,-0.133407,2.163161,0,
time_action2=20,3,0,10.143677,-0.010858,-5.864014,-0.133407,2.163161,0,10.143677,-0.010858,-5.864014,-0.133407,2.163161,0,
time_action0_vibrate=0,0.02,0.06,4
time_action1_vibrate=0,0.02,0.06,3
time_action2_vibrate=0,0.02,0.06,3

[player]
resource=player
movetype=0
pathtype=2
base_angle_y=0.0
enter_time=0
alpha_in=0
alpha_out=0
time_action0=stop,12.68,-0.23,-8.83,0,2.38,0,logoin_stand_2,2,true,,,,0,1.00,
time_action1=stop,12.68,-0.23,-8.83,0,2.38,0,interact351,2,true,,,,0,0.91,
time_action2=moveto,20.93,-0.16,-16.27,run,3,true,,,,0,1.00,0,

[fade_section]
time_action0=0,1.0,0
time_action1=9,1.0,1
time_action2=10,1.0,2

[movie_talk_id]
r0=0,movie_5909_1,2,

[sound_section]
r0=0,clone005\8106_37.wav
r1=2,clone005\8106_29.wav
r2=4,clone005\8106_37.wav
r3=6,clone005\8106_29.wav
r4=8,clone005\8106_37.wav
r5=10,clone005\8106_29.wav

