[system]
esc_key=1
restore_pos=1
enternpc=16WZHGN5954[caokun]@568 151 169
gutname=water
taskname=movie_qyschool07_5910.ini
info=
teamtype=0
refertype=0
show_all_npc=0
wait_terrain=1
hide_weapon=1

[player]
resource=player
movetype=0
pathtype=2
base_angle_y=0.0
enter_time=0
alpha_in=1
alpha_out=1
time_action0=stop,573.70,151.57,167.77,0,-1.169217,0,ng_state_1,15,true,,,,0,1.00,
time_action1=stop,573.70,151.57,167.77,0,-1.169217,0,xl_ng_succeed_01,8,false,,,,0,1.00,
time_action2=stop,573.70,151.57,167.77,0,-1.169217,0,stand,4,true,,,,0,1.00,
time_action3=stop,573.70,151.57,167.77,0,-1.169217,0,interact288,3,true,,,,0,1.00,
time_action4=stop,573.70,151.57,167.77,0,-1.169217,0,stand,1.0,true,,,,0,1.00,

[xiuxingzhe]
resource=npc\fbboss00169
movetype=0
pathtype=2
base_angle_y=0.0
enter_time=0
alpha_in=1
alpha_out=1
time_action0=stop,568.60,151.96,169.42,0,-0.425,0,ty_dazuoloop,13,true,,,,0,1.00,
time_action1=stop,568.60,151.96,169.42,0,-0.425,0,1_stand_free01,4,true,,,,0,1.00,
time_action2=stop,568.60,151.96,169.42,0,2.091968,0,walk,1.0,true,,,,0,1.00,
time_action3=stop,568.60,151.96,169.42,0,2.091968,0,ty_nod,5,true,,,,0,1.00,
time_action4=stop,568.60,151.96,169.42,0,2.091968,0,ty_talk,3,true,,,,0,1.00,
time_action5=stop,568.60,151.96,169.42,0,2.091968,0,ty_nod,5,true,,,,0,1.00,

[fade_section]
time_action0=30,1.0,1
time_action1=31,1.0,2

[movie_talk_id]
r0=0,movie_5113_1,2,;;;
r1=5,movie_5113_2,2,
r2=10,movie_5113_3,2,
r3=15,movie_5113_4,2,
r4=20,movie_5113_5,2,
r5=25,movie_5113_6,2,

[scenario_camera]
pathtype=2
angletype=4
modetype=3
enter_time=0
time_action0=33,8,0,538.559692,163.998459,230.523361,0.187141,9.040949,0,567.963074,163.5634,180.258484,0.773572,9.213294,0,player
time_action1=33,10,0,567.963074,163.5634,180.258484,0.773572,9.213294,0,573.650696,156.300735,162.028107,0.560641,6.254971,0,player
time_action2=20,2,0,573.650696,156.300735,162.028107,0.560641,6.254971,0,573.650696,156.300735,162.028107,0.560641,6.254971,0,
time_action1_ctrl1=561.577148,159.286652,171.322189
time_action1_ctrl2=567.953796,159.286652,159.088638
time_action0_ctrl1=549.308411,162.531006,204.233704
time_action0_ctrl2=557.765686,163.174576,189.324585
time_action3=17,5,0,570.546326,153.456528,168.051498,0.117328,5.38885,0,570.546326,153.456528,168.051498,0.117328,5.38885,0,xiuxingzhe
time_action4=17,5,0,567.833984,153.899612,170.023651,0.190632,1.878556,0,567.833984,153.899612,170.023651,0.190632,1.878556,0,player

