[system]
hide_weapon=1
esc_key=1
enternpc=5916[hewt]@730.679 116.938 333.361
gutname=5916WD5nYJLjiaodaofa
taskname=movie_qyschool07_5916.ini
info=
teamtype=0
refertype=2
show_all_npc=0
wait_terrain=1
show_head_to_chat=0
recover_camera=1
music=FBdonghua06_xuanyi

[YJL]
resource=npc\boss084
movetype=0
pathtype=2
base_angle_y=0.0
enter_time=0
alpha_in=0
alpha_out=0
show_name=0
name=
size_x=100
size_y=100
size_z=100
time_action0=stop,28.94,15.86,-31.83,0,-1.72,0,b_stand_4,4,true,,,effect_blade_00131|boss084_H_objR_01|99|1,0,1.00,
time_action1=moveto,28.40,15.86,-31.94,b_datk6_5,1.6,true,,,,0,1.00,0,,0,0.00,-1.73,0.00
time_action2=moveto,27.57,15.86,-32.07,b_datk7_5,1.5,true,,,,0,1.00,0,,0,0.00,-1.73,0.00
time_action3=moveto,26.89,15.86,-32.17,b_datk8_5,1.7,true,,,,0,1.00,0,,0,0.00,-1.73,0.00
time_action4=moveto,24.90,15.84,-32.51,b_datk3_5,1.5,true,,,,0,1.00,0,,0,0.00,-1.78,0.00
time_action5=stop,24.90,15.84,-32.51,-0.00,1.27,0.00,b_walk1_1,1.0,true,,,,0,1.00,
time_action6=stop,24.90,15.84,-32.51,-0.00,1.27,0.00,b_stand_4,6,true,,,,0,1.00,

[HLH]
resource=npc\worldnpc567
movetype=0
pathtype=2
base_angle_y=0.0
enter_time=0
alpha_in=0
alpha_out=0
show_name=0
name=
size_x=100
size_y=100
size_z=100
time_action0=stop,30.53,15.69,-30.67,0,-1.82,0,b_stand_4,11,true,,,effect_npcitem321|worldnpc567_H_objR_01|99|1,0,1.00,
time_action1=moveto,29.97,15.71,-30.81,b_datk6_5,1.6,true,,,,0,1.00,0,,0,0.00,-1.78,0.00
time_action2=moveto,29.27,15.74,-30.96,b_datk7_5,1.5,true,,,,0,1.00,0,,0,0.00,-1.78,0.00
time_action3=moveto,28.63,15.76,-31.09,b_datk8_5,1.7,true,,,,0,1.00,0,,0,0.00,-1.78,0.00
time_action4=moveto,26.72,15.78,-31.45,b_datk3_5,1.5,true,,,,0,1.00,0,,0,0.00,-1.76,0.00
time_action5=stop,26.72,15.78,-31.45,0.00,-1.76,0.00,b_stand_4,1.0,true,,,,0,1.00,

[scenario_camera]
pathtype=2
angletype=4
modetype=3
time_action0=20,1,0,-4.309493,1.056164,-5.35453,-0.183784,0.56742,0,-4.309493,1.056164,-5.35453,-0.183784,0.56742,0,
is_offset_angle=0
offset_angle_y=0.0
time_action1=20,3,0,-4.309493,1.056164,-5.35453,-0.183784,0.56742,0,-3.958846,1.036144,-5.593727,-0.239053,0.920851,0,
time_action2=20,13,0,13.067765,9.8204,-14.194557,-0.313292,2.380394,0,13.887895,10.260257,-15.151375,-0.304565,2.450753,0,
time_action3=20,8,0,-0.234237,2.530109,-4.2472,0.456636,4.589354,0,-1.772994,1.538273,-4.849739,0.157021,4.723532,0,

[player]
resource=player
movetype=0
pathtype=2
base_angle_y=0.0
enter_time=0
alpha_in=0
alpha_out=0
size_x=100
size_y=100
size_z=100
show_name=0
name=
time_action0=stop,-3.66,0.01,-4.47,0,-2.2,0,logoin_stand_2,1.0,true,,,,0,1.00,
time_action1=stop,-3.66,0.01,-4.47,0,-2.2,0,interact192,3,true,,,,0,0.80,
time_action2=stop,-3.59,-0.04,-4.71,-0.00,1.76,0.00,logoin_stand_2,13,true,,,,0,1.00,
time_action3=stop,-3.59,-0.04,-4.71,0,1.76,0,logoin_stand_2,8,true,,,,0,1.00,

[fade_section]
time_action0=0,1.0,2
time_action1=1,1.0,0
time_action2=24,1.0,1
time_action3=25,1.0,2

[movie_talk_id]
r0=9,movie_5916_1,2,
r1=17,movie_5916_2,2,

