[system]
enternpc=FunnpcClone007003[xiaoheng]@916 -2 400
gutname=
taskname=movie_clone007_606.ini
info=
teamtype=0
refertype=2
esc_key=1
hide_weapon=1
music=clone007_fight
show_all_npc=0
wait_terrain=1
show_head_to_chat=0
recover_camera=0

[player]
resource=player
movetype=0
pathtype=2
base_angle_y=0.0
enter_time=0
alpha_in=0
alpha_out=0
time_action0=stop,117.53,7.58,12.43,0,0.97,0,stand,2,true,,,,1,1.00
time_action1=stop,117.53,7.58,12.43,0,0.97,0,interact284,2.5,true,,,,1,1.00
time_action2=stop,117.53,7.58,12.43,0,0.97,0,stand,10,true,,,,1,1.00
time_action3=stop,117.53,7.58,12.43,0,0.97,0,logoin_stand_2,12,true,,,,1,1.00

[fade_section]
time_action0=0,1.0,0
time_action1=25.5,1.0,1

[movie_talk_id]
r0=1,movie_606_1,1,
r1=3,movie_606_2,0,
r2=7,movie_606_3,0,
r3=22,movie_606_4,0,

[scenario_camera]
pathtype=2
angletype=4
modetype=3
time_action0=20,2.5,0,123.147705,9.462782,14.781952,0.186892,0.940244,0,123.147705,9.462782,14.781952,0.186892,0.940244,0,
time_action1=20,4,0,118.648926,9.309232,12.722229,0.28,4.435257,0,118.648926,9.309232,12.722229,0.28,4.435257,0,
time_action2=20,0.5,0,118.648926,9.309232,12.722229,0.194304,4.435257,0,118.648926,9.309232,12.722229,0.126808,7.368215,0,
time_action3=20,0.5,0,118.648926,9.309232,12.722229,0.126808,7.368215,0,118.648926,9.309232,12.722229,0.126808,7.368215,0,
time_action4=20,2,0,118.648926,9.309232,12.722229,0.126808,7.368215,0,123.361328,9.373743,15.300537,0.108399,1.158668,0,
time_action5=20,7,0,123.361328,9.373743,15.300537,0.108399,1.158668,0,123.361328,9.373743,15.300537,0.108399,1.158668,0,
time_action6=20,0.5,0,123.361328,9.373743,15.300537,0.108399,1.158668,0,114.466675,10.602781,10.962128,0.277134,1.130504,0,
time_action7=20,3.5,0,114.466675,10.602781,10.962128,0.277134,1.130504,0,114.466675,10.602781,10.962128,0.277134,1.130504,0,
time_action8=20,6,0,118.648926,9.309232,12.722229,0.28,4.435257,0,118.648926,9.309232,12.722229,0.28,4.435257,0,

[yuanqi]
resource=npc\monster563
movetype=0
pathtype=2
base_angle_y=0.0
enter_time=0
alpha_in=0
alpha_out=0
time_action0=stop,124.27,7.66,15.63,0,-1.8,0,ty_talk,2.5,true,,,,0,1.00
time_action1=stop,124.27,7.66,15.63,0,-1.8,0,ty_talk1,14,true,,,,0,1.00,
time_action2=stop,124.27,7.66,15.63,0,-1.8,0,b_fi_stand_3,5.5,true,,,,0,1.00
size_x=100
size_y=100
size_z=100

[screen_section]
time_action0=6.5,0.5,3,0.0,0.0
time_action1=16.5,0.5,3,0.0,0.0

