[system]
enternpc=WorldNpc03951[ca]@486 111 479
gutname=
taskname=movie_clone007_607.ini
info=
teamtype=0
refertype=2
esc_key=1
hide_weapon=1
music=clone007
show_all_npc=0
wait_terrain=1
show_head_to_chat=0
recover_camera=0

[ss]
resource=npc\fbboss00121b
movetype=0
pathtype=2
base_angle_y=0.0
enter_time=0
alpha_in=0
alpha_out=0
time_action0=stop,-5.69,8.97,-149.25,0,-2.88,0,ty_kneel_speechloop_free01,17,true,,,,0,1.00,
time_action1=stop,-5.69,8.97,-149.25,0,-2.88,0,ty_kneel_culteloop_free01,4,false,,,,0,0.86
size_x=100
size_y=100
size_z=100

[yq]
resource=npc\monster563
movetype=0
pathtype=2
base_angle_y=0.0
enter_time=0
alpha_in=0
alpha_out=0
time_action0=stop,-8.28,8.97,-149.21,0,2.72,0,ty_kneel_speechloop_free01,17,true,,,,0,1.00,
time_action1=stop,-8.28,8.97,-149.21,0,2.72,0,ty_kneel_culteloop_free01,4,true,,,,0,0.83
size_x=100
size_y=100
size_z=100

[player]
resource=player
movetype=0
pathtype=2
base_angle_y=0.0
enter_time=0
alpha_in=0
alpha_out=0
time_action0=stop,-7,8.97,-149.17,0,3.12,0,interact050,17,true,,,,0,1.00,
time_action1=stop,-7,8.97,-149.17,0,3.12,0,offact299,4,true,,,,0,0.73
size_x=100
size_y=100
size_z=100

[scenario_camera]
pathtype=2
angletype=4
modetype=3
time_action0=33,13,0,-15.209869,13.389595,-156.565521,0.326378,0.884367,0,-9.271027,11.785187,-144.563171,0.274068,2.776693,0,player
time_action0_ctrl1=-16.261749,12.725067,-150.114288
time_action0_ctrl2=-13.166656,12.402397,-144.969208
time_action1=17,4,0,-9.271027,11.785187,-144.563171,0.274068,2.776693,0,-9.271027,11.785187,-144.563171,0.274068,2.776693,0,player
time_action2=20,4,0,-4.064423,11.082008,-153.50293,0.341569,-0.72883,0,-4.064423,11.082008,-153.50293,0.341569,-0.72883,0,

[fade_section]
time_action0=0,1.0,0
time_action1=20,1.0,1

[movie_talk_id]
r0=0.5,movie_607_1,0,
r1=17.5,movie_607_2,0,

[zhangmen]
resource=npc\worldnpc030
movetype=0
pathtype=2
base_angle_y=0.0
enter_time=0
alpha_in=0
alpha_out=0
time_action0=stop,-6.72,8.98,-151.95,0,0.11,0,s_stand_1,17,true,,,,0,1.00
time_action1=stop,-6.72,8.98,-151.95,0,0.11,0,s_stand_1,4,true,,,,0,1.00

