[system]
esc_key=1
enternpc=jingmen[gxXZ]@1002 10 1330
gutname=586jingmenguanXZ
taskname=movie_clone007_586.ini
info=
teamtype=1
refertype=2
show_all_npc=0
wait_terrain=1

[xuanzhen]
resource=npc\fbboss00131
movetype=0
pathtype=2
base_angle_y=0.0
enter_time=0
alpha_in=0
alpha_out=0
size_x=100
size_y=100
size_z=100
time_action0=stop,-20.88,13.98,0.22,0,1.58,0,stand,29,true,,,,0,1.00,

[team_member0]
resource=player
movetype=0
pathtype=2
base_angle_y=0.0
enter_time=0
alpha_in=0
alpha_out=0
size_x=100
size_y=100
size_z=100
time_action0=stop,2.49,13.24,0.34,0,-1.64,0,stand,29,true,,,,0,1.00,

[team_member1]
resource=player
movetype=0
pathtype=2
base_angle_y=0.0
enter_time=0
alpha_in=0
alpha_out=0
size_x=100
size_y=100
size_z=100
time_action0=stop,3.56,13.24,-0.45,0,-1.54,0,stand,29,true,,,,0,1.00,

[team_member2]
resource=player
movetype=0
pathtype=2
base_angle_y=0.0
enter_time=0
alpha_in=0
alpha_out=0
size_x=100
size_y=100
size_z=100
time_action0=stop,3.41,13.24,1.33,0,-1.62,0,stand,29,true,,,,0,1.00,

[scenario_camera]
pathtype=2
angletype=4
modetype=3
time_action0=20,1,0,-0.635315,17.608904,0.177856,0.185525,3.809342,0,-0.635315,17.608904,0.177856,0.185525,3.809342,0,
time_action1=20,3,0,-0.635315,17.608904,0.177856,0.185525,3.809342,0,-0.635315,17.608904,0.177856,0.178544,5.855303,0,
time_action2=20,1,0,-0.635315,17.608904,0.177856,0.178544,5.855303,0,-0.635315,17.608904,0.177856,0.178544,5.855303,0,
time_action3=20,1,0,-0.635315,17.608904,0.177856,0.178544,5.855303,0,-19.718506,15.798841,0.32019,-0.05533,4.582963,0,
time_action3_ctrl1=-19.772705,28.137081,1.566528
time_action3_ctrl2=-22.895142,27.706799,1.364502
time_action4=20,15,0,-19.718506,15.798841,0.32019,-0.05533,4.582963,0,-19.718506,15.798841,0.32019,-0.05533,4.582963,0,
time_action5=20,3,0,-19.718506,15.798841,0.32019,-0.05533,4.582963,0,8.391541,16.080641,0.712646,0.112222,4.675248,0,
time_action6=20,5,0,8.391541,16.080641,0.712646,0.112222,4.675248,0,8.391541,16.080641,0.712646,0.112222,4.675248,0,

[movie_talk_id]
r0=1,movie_586_1,2,
r1=17,movie_586_2,2,

[fade_section]
time_action0=0,1.0,0
time_action1=28,1.0,1
time_action2=29,1.0,2

[jin]
resource=npc\fbmac00204
movetype=0
pathtype=2
base_angle_y=0.0
enter_time=0
alpha_in=0
alpha_out=0
size_x=100
size_y=100
size_z=100
time_action0=stop,-27.09,13.24,18.18,0,-1.64,0,stand,29,true,,,,0,1.00,

[mu]
resource=npc\fbmac00204
movetype=0
pathtype=2
base_angle_y=0.0
enter_time=0
alpha_in=0
alpha_out=0
size_x=100
size_y=100
size_z=100
time_action0=stop,-40.39,13.17,0.74,0,1.26,0,stand,29,true,,,,0,1.00,

[shui]
resource=npc\fbmac00204
movetype=0
pathtype=2
base_angle_y=0.0
enter_time=0
alpha_in=0
alpha_out=0
size_x=100
size_y=100
size_z=100
time_action0=stop,-5.46,13.23,11.78,0,-0.37,0,stand,29,true,,,,0,1.00,

[huo]
resource=npc\fbmac00204
movetype=0
pathtype=2
base_angle_y=0.0
enter_time=0
alpha_in=0
alpha_out=0
size_x=100
size_y=100
size_z=100
time_action0=stop,-5.57,13.24,-11.56,0,-1.27,0,stand,29,true,,,,0,1.00,

[tu]
resource=npc\fbmac00204
movetype=0
pathtype=2
base_angle_y=0.0
enter_time=0
alpha_in=0
alpha_out=0
size_x=100
size_y=100
size_z=100
time_action0=stop,-26.99,13.24,-19.07,0,-2.07,0,stand,29,true,,,,0,1.00,

