[system]
enternpc=WorldNpc00391[qy]@1215 12 1394
gutname=qingzhushangshuyun
taskname=movie_clone007_589.ini
info=
teamtype=1
refertype=2
esc_key=1
hide_weapon=0
show_all_npc=0
wait_terrain=0
show_head_to_chat=0

[scenario_camera]
pathtype=2
angletype=4
modetype=3
time_action0=20,3.2,0,25.847168,-4.746485,46.912964,0.326188,3.765591,0,25.847168,-4.746485,46.912964,0.326188,3.765591,0,
time_action1=20,0.3,0,25.847168,-4.746485,46.912964,0.326188,3.765591,0,25.847168,-4.746485,46.912964,-0.001934,5.879622,0,
time_action2=20,0.6,0,25.847168,-4.746485,46.912964,-0.001934,5.879622,0,25.847168,-4.746485,46.912964,-0.001934,5.879622,0,
time_action3=20,0.5,0,25.847168,-4.746485,46.912964,-0.001934,5.879622,0,8.616699,-0.845316,89.106323,-0.043822,5.931982,0,
time_action4=20,1.5,0,8.616699,-0.845316,89.106323,-0.043822,5.931982,0,8.616699,-0.845316,89.106323,-0.043822,5.931982,0,
time_action5=20,1.8,0,6.227417,-2.639908,89.808105,0.421552,2.600588,0,6.227417,-2.639908,89.808105,0.421552,2.600588,0,
time_action6=20,12,0,5.876953,0.235604,94.256592,0.42586,6.841001,0,5.876953,0.235604,94.256592,0.42586,6.841001,0,

[fade_section]
time_action0=0,0.5,2
time_action1=0.5,1.0,0
time_action2=19,1.0,1
time_action3=20,1.0,2

[movie_talk_id]
r0=2.7,movie_589_1,0,
r1=6,movie_589_2,0,
r2=8,movie_589_3,0,

[xiangjiuchen]
resource=npc\worldnpc053
movetype=0
pathtype=2
base_angle_y=0.0
enter_time=3
alpha_in=0
alpha_out=0
time_action0=stop,5.78,-1.80,107.53,0.00,-3.12,0.00,stand,0.1,true,,,,0,1.00,
time_action1=moveto,6.78,-1.8,95.68,dc_fi_run1_1,2.2,true,,,,0,1.00,0,
time_action2=stop,6.78,-1.8,95.68,0,-3.36,0,b_stand_1,2.5,true,,,,0,1.00,
time_action3=stop,6.78,-1.8,95.68,0,-3.36,0,b_stand_1,12.1,true,,,,0,1.00,
size_x=100
size_y=100
size_z=100

[sangshuyun]
resource=npc\fbboss00121a
movetype=0
pathtype=2
base_angle_y=0.0
enter_time=0
alpha_in=0
alpha_out=0
time_action0=stop,21.46,-7.25,41.71,0.00,44.06,0.00,stand,0.5,true,,,,0,1.00,
time_action1=stop,21.46,-7.25,41.71,0,44.06,0,s_diedown1_1,2.4,true,,,,0,1.00,
time_action2=stop,21.46,-7.25,41.71,0,44.06,0,s_diedownloop1_1,7,true,,,,0,1.00,
size_x=100
size_y=100
size_z=100

[team_member0]
resource=player
movetype=0
pathtype=2
base_angle_y=0.0
enter_time=0
alpha_in=0
alpha_out=0
time_action0=stop,20.74,-7.27,41.45,0.00,0.79,0.00,stand,4,true,,,,0,1.00,fi_
time_action1=hide,0,0,0,0,1.5,
time_action2=stop,10.17,-7.82,79.69,0.00,-0.10,0.00,stand,0.1,true,,,,0,1.00,
time_action3=stop,10.17,-7.82,79.69,0.00,-0.10,0.00,offact288,2,true,,,,0,1.00,
time_action4=stop,10.17,-7.82,79.69,0,-0.1,0,stand,1.0,true,,,,0,1.00,

[team_member1]
resource=player
movetype=0
pathtype=2
base_angle_y=0.0
enter_time=0
alpha_in=0
alpha_out=0
time_action0=stop,19.43,-7.33,41.84,0.00,1.54,0.00,stand,4,true,,,,0,1.00,fi_
time_action1=hide,0,0,0,0,1.5,
time_action2=stop,11.53,-7.82,80.29,0.00,-0.94,0.00,stand,0.1,true,,,,0,1.00,
time_action3=stop,11.53,-7.82,80.29,0.00,-0.94,0.00,offact288,2,true,,,,0,1.00,
time_action4=stop,11.53,-7.82,80.29,0,-0.94,0,stand,1.0,true,,,,0,1.00,

[team_member2]
resource=player
movetype=0
pathtype=2
base_angle_y=0.0
enter_time=0
alpha_in=0
alpha_out=0
time_action0=stop,22.37,-7.26,40.32,0.00,-0.31,0.00,stand,4,true,,,,0,1.00,fi_
time_action1=hide,0,0,0,0,1.5,
time_action2=stop,12.87,-7.82,80.31,0.00,-0.33,0.00,stand,0.1,true,,,,0,1.00,
time_action3=stop,12.87,-7.82,80.31,0.00,-0.33,0.00,offact288,2,true,,,,0,1.00,
time_action4=stop,12.87,-7.82,80.31,0,-0.33,0,stand,1.0,true,,,,0,1.00,

[screen_section]
time_action0=3,0.3,3,0.0,0.0
time_action1=3.9,0.5,3,0.0,0.0

