[MainInfo]
FrameTime=0.033333
RulerStart=0.000000
RulerEnd=410.000000
CameraX=549.245422
CameraY=199.212387
CameraZ=738.053345
CameraRX=1.413719
CameraRY=1.584259
CameraRZ=0.000000
CaptureAngleX=0.000000
CaptureAngleY=0.000000
CaptureAngleZ=0.000000
CapturePosX=0.000000
CapturePosY=0.000000
CapturePosZ=0.000000
CanBreak=0
ShowPlayer=0
ShowNpc=0
ShowWeapon=0
Player=npc_3

[npc_1]
WorldType=objects
ObjectType=Actor
Name=8D27968D298342E69B24FAD517FC630D
VisualType=Actor
PositionX=262.529938
PositionY=49.865215
PositionZ=815.629944
AngleX=-0.000000
AngleY=0.349987
AngleZ=0.000000
ScaleX=0.999941
ScaleY=1.000000
ScaleZ=0.999941
VisualConfig=ini\npc\dh_duchuan001.ini
Path=npc_1.xml

[npc_2]
WorldType=objects
ObjectType=Actor
Name=BFC7123FEFF145159586CA730A001569
VisualType=Actor
PositionX=263.876617
PositionY=50.966885
PositionZ=822.106384
AngleX=0.000000
AngleY=0.208394
AngleZ=-0.000000
ScaleX=0.999941
ScaleY=1.000000
ScaleZ=0.999941
VisualConfig=ini\npc\b_banlvxinmo04.ini
Path=npc_2.xml

[npc_3]
WorldType=objects
ObjectType=Actor
Name=5784C8010C4542F485A93A1B74D86F8F
VisualType=Actor
PositionX=265.158813
PositionY=50.966885
PositionZ=822.702820
AngleX=0.000000
AngleY=0.208394
AngleZ=-0.000000
ScaleX=0.999941
ScaleY=1.000000
ScaleZ=0.999941
VisualConfig=ini\npc\b_banlvxinmo02.ini
Path=npc_3.xml

[npc_4]
WorldType=objects
ObjectType=Actor
Name=A72BCDDC386C417B965BB708790CF16B
VisualType=Actor
PositionX=265.755280
PositionY=50.966885
PositionZ=821.420593
AngleX=0.000000
AngleY=0.208394
AngleZ=-0.000000
ScaleX=0.999941
ScaleY=1.000000
ScaleZ=0.999941
VisualConfig=ini\npc\b_banlvxinmo03.ini
Path=npc_4.xml

[camera_1]
WorldType=objects
ObjectType=camera
Name=5D54B2BB4CE04E1FB55F49732731B471
VisualType=CameraWrapper
PositionX=332.370148
PositionY=67.571892
PositionZ=896.560425
AngleX=0.139629
AngleY=-2.182381
AngleZ=0.000000
ScaleX=1.000000
ScaleY=1.000000
ScaleZ=1.000000
VisualConfig=mdl\camera\camera01\camera.xmod
CameraType=free
Fovx=1.809219
Path=camera_1.xml

[camera_2]
WorldType=objects
ObjectType=camera
Name=267831C6449B4A2F8E462562934E0C32
VisualType=CameraWrapper
PositionX=266.136536
PositionY=52.461227
PositionZ=823.475708
AngleX=0.104723
AngleY=-2.239649
AngleZ=0.000000
ScaleX=1.000000
ScaleY=0.999995
ScaleZ=0.999993
VisualConfig=mdl\camera\camera01\camera.xmod
CameraType=free
Fovx=1.809219
Path=camera_2.xml

[custom]
WorldType=global
ObjectType=custom
Name=
VisualType=
Path=custom.xml

[camera_3]
WorldType=objects
ObjectType=camera
Name=D93AAD1036AF43DC82BBCBC93473D27C
VisualType=CameraWrapper
PositionX=549.245422
PositionY=199.212387
PositionZ=738.053345
AngleX=1.413719
AngleY=1.584259
AngleZ=0.000000
ScaleX=1.000000
ScaleY=1.000000
ScaleZ=1.000000
VisualConfig=mdl\camera\camera01\camera.xmod
CameraType=free
Fovx=1.809219
Path=camera_3.xml

[object_hsi]
WorldType=global
ObjectType=ppfilter_hsi
Name=
VisualType=
Path=object_hsi.xml

[clone041]
WorldType=music
ObjectType=Music
Name=D9F80F9E6B6B4FDDA7066C205D220894
VisualType=Music
MusicConfig=mus\clone041.ogg
MusicType=npc
Path=clone041.xml

