[MainInfo]
FrameTime=0.033333
RulerStart=0.000000
RulerEnd=130.000000
CameraX=-5122.649902
CameraY=4.033182
CameraZ=-6335.409668
CameraRX=0.052360
CameraRY=-0.749399
CameraRZ=0.000000
CaptureAngleX=0.000000
CaptureAngleY=0.000000
CaptureAngleZ=0.000000
CapturePosX=0.000000
CapturePosY=0.000000
CapturePosZ=0.000000
CanBreak=1
ShowPlayer=0
ShowNpc=0
ShowWeapon=0
Player=

[camera_1]
WorldType=objects
ObjectType=camera
Name=9744F951F34E454ABFBCA0753EA106C5
VisualType=CameraWrapper
PositionX=-5122.649902
PositionY=4.033182
PositionZ=-6335.409668
AngleX=0.052360
AngleY=-0.749399
AngleZ=0.000000
ScaleX=1.000000
ScaleY=1.000000
ScaleZ=1.000000
VisualConfig=mdl\camera\camera01\camera.xmod
CameraType=free
Fovx=1.326379
Path=camera_1.xml

[npc_1]
WorldType=objects
ObjectType=Actor
Name=8AB0B70558A04E549C9E44CF7A8B40E4
VisualType=Actor
PositionX=-5127.090820
PositionY=3.056369
PositionZ=-6326.755859
AngleX=-0.000000
AngleY=2.734983
AngleZ=0.000000
ScaleX=0.999905
ScaleY=1.000000
ScaleZ=0.999905
VisualConfig=ini\npc\b_banlvxinmo02.ini
Path=npc_1.xml

[object_hsi]
WorldType=global
ObjectType=ppfilter_hsi
Name=
VisualType=
Path=object_hsi.xml

