[system]
esc_key=1
hide_weapon=0
enternpc=WorldNpc00013[zhanlinvzi]@898 -28 646
gutname=qiandengyixinshou
taskname=movie_xinshou06_5019.ini
info=
teamtype=0
refertype=2
show_all_npc=0
wait_terrain=1
music=born04

[haitianlong]
resource=npc\funcnpc010
movetype=0
pathtype=2
base_angle_y=0.0
enter_time=0
alpha_in=0
alpha_out=0
time_action0=stop,1.08,-0.89,-0.83,0,-0.32,0,h_stand_12,11,true,,,,0,1.00,

[shiqing]
resource=npc\worldnpc160
movetype=0
pathtype=2
base_angle_y=0.0
enter_time=0
alpha_in=0
alpha_out=0
time_action0=stop,2.26,-0.9,0.92,0,-1.72,0,stand,11,true,,,,0,1.00,

[shiyan]
resource=npc\worldnpc160
movetype=0
pathtype=2
base_angle_y=0.0
enter_time=0
alpha_in=0
alpha_out=0
time_action0=stop,-0.75,-0.9,0.22,0,1.35,0,stand,2,true,,,,0,1.00,
time_action1=stop,-0.75,-0.9,0.22,0,1.35,0,ty_wave,3,true,,,,0,1.00,
time_action2=stop,-0.75,-0.9,0.22,0,1.35,0,stand,6,true,,,,0,1.00,

[player]
resource=player
movetype=0
pathtype=2
base_angle_y=0.0
enter_time=0
alpha_in=0
alpha_out=0
time_action0=stop,0.86,-0.89,0.12,0,2.88,0,stand,7,true,,,,0,1.00,
time_action1=stop,0.86,-0.89,0.12,0.00,4.80,0.00,stand,0.5,true,,,,0,1.00,
time_action2=stop,0.86,-0.89,0.12,0,4.8,0,stand,0.5,true,,,,0,1.00,
time_action3=stop,0.86,-0.89,0.12,0,4.8,0,interact288,3,true,,,,0,1.00,

[scenario_camera]
pathtype=2
angletype=4
modetype=3
time_action0=20,2,0,-0.164673,1.762991,3.988586,0.244688,2.882557,0,-0.164673,1.762991,3.988586,0.244688,2.882557,0,
time_action1=20,3,2,-0.164673,1.762991,3.988586,0.244688,2.882557,0,0.670532,0.371729,0.576355,-0.181172,4.4599,0,
time_action2=20,3,0,0.670532,0.371729,0.576355,-0.181172,4.4599,0,0.670532,0.371729,0.576355,-0.181172,4.4599,0,
time_action3=20,3,0,-2.697021,1.093983,1.649414,0.289069,2.016435,0,-2.697021,1.093983,1.649414,0.289069,2.016435,0,

[movie_talk_id]
r0=2,movie_5019_1,0,
r1=9,movie_5019_2,1,

[fade_section]
time_action0=0,1.0,0
time_action1=10.,1.0,1
time_action2=11.,1.0,2
time_action3=12.,1.0,0

