[system]
esc_key=0
hide_weapon=1
enternpc=WorldNpc00013[zhanlinvzi]@-757 16.67 -2578
gutname=5028bangpaizhuan
taskname=movie_adv120_5028.ini
info=
teamtype=0
refertype=2
show_all_npc=0
wait_terrain=1
show_head_to_chat=0
recover_camera=0

[men]
resource=npc\npcitem760
movetype=0
pathtype=2
base_angle_y=0.0
enter_time=0
alpha_in=0
alpha_out=0
show_name=0
name=
size_x=100
size_y=100
size_z=100
time_action0=stop,-0.84,-0.99,0.38,0.00,-0.01,0.00,stand,3,true,,,,0,1.00,
time_action1=stop,-0.84,-0.99,0.38,0.00,-0.01,0.00,open,3.5,true,,,,0,1.00,

[scenario_camera]
pathtype=2
angletype=4
modetype=3
time_action0=20,2.5,0,-8.064819,1.869099,-7.992432,0.181703,0.928946,0,-6.37738,1.502989,-6.714111,0.150287,0.90713,0,
is_offset_angle=0
offset_angle_y=0.0
time_action1=20,8,0,-2.667664,0.475205,-4.525146,-0.010283,0.416256,0,1.105286,0.723167,7.250732,-0.013774,0.21118,0,

[player]
resource=player
movetype=0
pathtype=2
base_angle_y=0.0
enter_time=0
alpha_in=0
alpha_out=0
size_x=100
size_y=100
size_z=100
show_name=0
name=
time_action0=stop,-0.8,-0.97,-4.49,0,0.44,0,stand,0.1,true,,,,0,1.00,
time_action1=moveto,-0.89,-1.01,-2.27,walk,2.1,true,,,,0,1.00,0,,0,0,0.02,0
time_action2=stop,-0.89,-1.01,-2.27,0,0.44,0,logoin_stand_2,7.8,true,,,,0,1.00,

[fade_section]
time_action0=0,1.0,0
time_action1=6.,1.0,1
time_action2=7.,3,2

[sound_section]

