[system]
esc_key=0
hide_weapon=1
enternpc=WorldNpc00013[zhanlinvzi]@928 10 1586
gutname=5029bangpaimu
taskname=movie_adv120_5029.ini
info=
teamtype=0
refertype=2
show_all_npc=0
wait_terrain=1
show_head_to_chat=0
recover_camera=0

[men]
resource=npc\npcitem763
movetype=0
pathtype=2
base_angle_y=0.0
enter_time=0
alpha_in=0
alpha_out=0
show_name=0
name=
size_x=100
size_y=100
size_z=100
time_action0=stop,5.23,0,0.24,0,1.58,0,stand,3,true,,,,0,1.00,
time_action1=stop,5.23,0,0.24,0,1.58,0,open,3.5,true,,,,0,1.00,

[scenario_camera]
pathtype=2
angletype=4
modetype=3
time_action0=20,2.5,0,-3.570496,3.921981,6.510986,0.318505,2.338343,0,-3.195313,3.765507,6.201294,0.311524,2.266347,0,
is_offset_angle=0
offset_angle_y=0.0
time_action1=20,4,0,0.948303,2.047087,2.432129,0.153778,2.107044,0,6.306396,1.56619,-0.139282,-0.282554,1.856151,0,
time_action2=20,3.5,0,6.306396,1.56619,-0.139282,-0.031227,1.845243,0,6.306396,1.56619,-0.139282,-0.031227,1.845243,0,

[player]
resource=player
movetype=0
pathtype=2
base_angle_y=0.0
enter_time=0
alpha_in=0
alpha_out=0
size_x=100
size_y=100
size_z=100
show_name=0
name=
time_action0=stop,0.49,0,0.81,0,1.59,0,stand,0.1,true,,,,0,1.00,
time_action1=moveto,3.36,0,0.78,walk,2.1,true,,,,0,1.00,0,,0,0,0,0
time_action2=stop,3.36,0,0.78,0,1.58,0,logoin_stand_2,7.8,true,,,,0,1.00,

[fade_section]
time_action0=0,1.0,0
time_action1=6.,1.0,1
time_action2=7.,3,2

[bai1]
resource=npc\fbmac004012
movetype=0
pathtype=2
base_angle_y=0.0
enter_time=0
alpha_in=0
alpha_out=0
show_name=0
name=
size_x=300
size_y=300
size_z=300
time_action0=stop,9.42,0.07,0.79,0,0,0,stand,10,true,,,effect_light_move_267||10|1,1,1.00,

[bai]
resource=npc\fbmac005027
movetype=0
pathtype=2
base_angle_y=0.0
enter_time=0
alpha_in=0
alpha_out=0
show_name=0
name=
size_x=100
size_y=100
size_z=500
time_action0=stop,8.01,1.91,-0.52,0,0,1.55,stand,1.0,true,,,,1,1.00,
time_action1=stop,8.01,1.91,-0.52,0,0,1.55,stand,9,true,,,,1,1.00,

