[system]
esc_key=0
hide_weapon=1
enternpc=WorldNpc00013[zhanlinvzi]@195.9 5.2 -1011
gutname=5030caofang
taskname=movie_adv120_5030.ini
info=
teamtype=0
refertype=2
show_all_npc=1
wait_terrain=1
show_head_to_chat=0
recover_camera=0

[men]
resource=npc\npcitem767
movetype=0
pathtype=2
base_angle_y=0.0
enter_time=0
alpha_in=0
alpha_out=0
show_name=0
name=
size_x=100
size_y=100
size_z=100
time_action0=stop,6.28,-0.00,-0.99,-0.00,1.58,0.00,closeloop,3,true,,,,0,1.00,
time_action1=stop,6.28,0,-0.99,0,1.58,0,open,3.5,true,,,,0,1.00,

[scenario_camera]
pathtype=2
angletype=4
modetype=3
time_action0=20,2.5,0,-3.9422,3.219961,3.361084,0.245202,2.218349,0,-1.136169,2.3589,1.49707,0.217276,2.061267,0,
is_offset_angle=0
offset_angle_y=0.0
time_action1=20,7.5,0,2.046204,1.253037,-0.387207,-0.166696,1.727474,0,10.412134,1.919379,-1.661072,-0.023579,1.755835,0,

[player]
resource=player
movetype=0
pathtype=2
base_angle_y=0.0
enter_time=0
alpha_in=0
alpha_out=0
size_x=100
size_y=100
size_z=100
show_name=0
name=
time_action0=stop,0.49,0,-1.02,0,1.59,0,stand,0.1,true,,,,0,1.00,
time_action1=moveto,3.36,0,-1.02,walk,2.1,true,,,,0,1.00,0,,0,0,0,0
time_action2=stop,3.36,0,-1.02,0,1.58,0,logoin_stand_2,7.8,true,,,,0,1.00,

[fade_section]
time_action0=0,1.0,0
time_action1=6.,1.0,1
time_action2=7.,3,2

