[system]
esc_key=0
hide_weapon=1
enternpc=WorldNpc00013[zhanlinvzi]@169.7 26.98 -1795
gutname=5031mufang
taskname=movie_adv120_5031.ini
info=
teamtype=0
refertype=2
show_all_npc=1
wait_terrain=1
show_head_to_chat=0
recover_camera=0

[men]
resource=npc\npcitem764
movetype=0
pathtype=2
base_angle_y=0.0
enter_time=0
alpha_in=0
alpha_out=0
show_name=0
name=
size_x=100
size_y=100
size_z=100
time_action0=stop,1.42,0.20,0.01,-0.00,1.58,0.00,stand,3,true,,,,0,1.00,
time_action1=stop,1.42,0.20,0.01,-0.00,1.58,0.00,open,3.5,true,,,,0,1.00,

[scenario_camera]
pathtype=2
angletype=4
modetype=3
time_action0=20,2.5,0,-8.274173,3.1196,10.341309,0.169616,2.707862,0,-6.037646,2.365354,6.095093,0.127729,2.596596,0,
is_offset_angle=0
offset_angle_y=0.0
time_action1=20,7.5,0,-2.301578,1.777528,1.262573,0.016027,1.93119,0,7.949567,1.943662,-1.204102,0.019518,1.769747,0,

[player]
resource=player
movetype=0
pathtype=2
base_angle_y=0.0
enter_time=0
alpha_in=0
alpha_out=0
size_x=100
size_y=100
size_z=100
show_name=0
name=
time_action0=stop,-2.75,0.23,-0.02,-0.00,1.59,0.00,stand,0.1,true,,,,0,1.00,
time_action1=moveto,-0.19,0.23,0.01,walk,2.1,true,,,,0,1.00,0,,0,0,1.59,0
time_action2=stop,-0.19,0.23,0.01,0,1.59,0,logoin_stand_2,7.8,true,,,,0,1.00,

[fade_section]
time_action0=0,1.0,0
time_action1=6.,1.0,1
time_action2=7.,3,2

