[system]
esc_key=0
hide_weapon=1
enternpc=WorldNpc00013[zhanlinvzi]@250.8 26.98 -2593.5
gutname=5032zhuanfang
taskname=movie_adv120_5032.ini
info=
teamtype=0
refertype=2
show_all_npc=1
wait_terrain=1
show_head_to_chat=0
recover_camera=0

[men]
resource=npc\npcitem761
movetype=0
pathtype=2
base_angle_y=0.0
enter_time=0
alpha_in=0
alpha_out=0
show_name=0
name=
size_x=100
size_y=100
size_z=100
time_action0=stop,0.2,-6.01,-1.82,0,-3.14,0,stand,3,true,,,,0,1.00,
time_action1=stop,0.2,-6.01,-1.82,0,-3.14,0,open,3.5,true,,,,0,1.00,

[scenario_camera]
pathtype=2
angletype=4
modetype=3
time_action0=20,2.5,0,9.943378,-3.340214,8.695068,0.138358,4.120501,0,6.50661,-3.838564,6.473145,0.106942,4.13359,0,
is_offset_angle=0
offset_angle_y=0.0
time_action1=20,7.5,0,1.643573,-4.041029,2.347168,0.051091,3.457273,0,-0.607434,-4.272629,-6.121582,0.016184,3.389641,0,

[player]
resource=player
movetype=0
pathtype=2
base_angle_y=0.0
enter_time=0
alpha_in=0
alpha_out=0
size_x=100
size_y=100
size_z=100
show_name=0
name=
time_action0=stop,0.26,-5.97,2.59,-0.00,-3.13,0.00,stand,0.1,true,,,,0,1.00,
time_action1=moveto,0.26,-5.97,0.2,walk,2.1,true,,,,0,1.00,0,,0,0,-3.13,0
time_action2=stop,0.26,-5.97,0.2,0,-3.13,0,logoin_stand_2,7.8,true,,,,0,1.00,

[fade_section]
time_action0=0,1.0,0
time_action1=6.,1.0,1
time_action2=7.,3,2

