[system]
esc_key=0
hide_weapon=1
enternpc=WorldNpc00013[zhanlinvzi]@715 20 1566
gutname=5034shandong
taskname=movie_adv120_5034.ini
info=
teamtype=0
refertype=2
show_all_npc=1
wait_terrain=1
show_head_to_chat=0
recover_camera=0

[men]
resource=npc\npcitem732
movetype=0
pathtype=2
base_angle_y=0.0
enter_time=0
alpha_in=0
alpha_out=0
show_name=0
name=
size_x=100
size_y=100
size_z=100
time_action0=stop,-3.78,-4.97,1.2,0,1.58,0,stand,3,true,,,,1,1.00,
time_action1=stop,-3.78,-4.97,1.2,0,1.58,0,open,3.5,true,,,,1,1.00,

[scenario_camera]
pathtype=2
angletype=4
modetype=3
time_action0=20,2.5,0,13.617554,-0.448788,-6.147949,0.161426,-0.914517,0,11.648193,-0.858677,-4.633545,0.189351,-0.916699,0,
is_offset_angle=0
offset_angle_y=0.0
time_action1=20,5,0,5.30835,-2.515285,1.307007,0.031605,4.797035,0,-11.813538,-2.745916,0.506348,0.00717,4.594144,0,
time_action2=20,2.5,0,6.724609,1.644458,0.449463,-0.052171,1.797248,0,6.724609,1.644458,0.449463,-0.052171,1.797248,0,

[player]
resource=player
movetype=0
pathtype=2
base_angle_y=0.0
enter_time=0
alpha_in=0
alpha_out=0
size_x=100
size_y=100
size_z=100
show_name=0
name=
time_action0=stop,3.09,-4.19,2.08,0.00,-1.68,0.00,stand,0.1,true,,,,0,1.00,
time_action1=moveto,0.46,-4.19,1.67,walk,2.1,true,,,,0,1.00,0,,0,0,0,0
time_action2=stop,0.46,-4.19,1.67,0.00,-1.70,0.00,logoin_stand_2,7.8,true,,,,0,1.00,

[fade_section]
time_action0=0,1.0,0
time_action1=6.,1.0,1
time_action2=7.,3,2

