[system]
esc_key=1
hide_weapon=1
enternpc=5040[hewt]@721.878 15.777 1561.076
gutname=5040JIAYUANdaozeishan
taskname=movie_adv120_5040.ini
info=
teamtype=0
refertype=2
show_all_npc=0
wait_terrain=1
show_head_to_chat=0
recover_camera=1
music=FBdonghua04_jiliezhengchao

[daozei]
resource=npc\worldnpc574
movetype=0
pathtype=2
base_angle_y=0.0
enter_time=4
alpha_in=0
alpha_out=0
show_name=0
name=
size_x=100
size_y=100
size_z=100
time_action0=stop,-0.65,10.00,0.07,-0.00,1.54,0.00,stand,1.0,true,,,,1,1.00,
time_action1=moveto,0.57,0.00,0.10,jumpdowning,1.0,true,,,,1,1.00,0,,0,-0.00,1.55,0.00
time_action2=stop,0.57,0.00,0.10,-0.00,1.55,0.00,jumpdown,1.0,true,,,,0,1.00,
time_action3=stop,0.57,0,0.1,0,1.55,0,da_fi_stand_1,3,true,,,,0,1.00,
time_action4=stop,0.57,0.00,0.10,0.00,-1.57,0.00,h_walk1_1,0.5,true,,,,0,1.00,
time_action5=moveto,-5.88,5.04,-0.91,qg_jump03_f,0.7,true,,,,1,1.00,0,,0,-0.00,0.00,0.00
time_action6=moveto,4.46,3.87,-11.28,ty_1h_qg_fastruning_s,0.9,true,,,,1,1.00,0,,0,-0.00,1.66,0.00

[diaoluo]
resource=npc\fbmac004012
movetype=0
pathtype=2
base_angle_y=0.0
enter_time=10
alpha_in=0
alpha_out=0
show_name=0
name=
size_x=100
size_y=100
size_z=100
time_action0=stop,0.08,-0.74,0.25,-0.00,1.57,0.00,stand,8.5,true,,,effect_light_move_283|Model::Point01|10|1,1,1.00,

[scenario_camera]
pathtype=2
angletype=4
modetype=3
time_action0=20,9,0,6.917664,1.037551,0.181274,0.022193,-1.419453,0,5.93866,1.01894,-0.676758,0.022193,-1.419453,0,
is_offset_angle=0
offset_angle_y=0.0
time_action1=20,4,0,8.727774,0.684922,2.897267,-0.193065,-2.021597,0,8.727774,0.684922,2.897267,-0.193065,-2.021597,0,
time_action2=20,1,0,5.081787,1.346876,0.263062,-0.038894,-1.550357,0,5.081787,1.346876,0.263062,-0.038894,-1.550357,0,
time_action3=20,4,0,5.940735,1.159923,0.264648,-0.001079,-1.55363,0,2.17157,0.557372,0.334961,-0.056347,-1.610898,0,

[player]
resource=player
movetype=0
pathtype=2
base_angle_y=0.0
enter_time=0
alpha_in=0
alpha_out=0
size_x=100
size_y=100
size_z=100
show_name=0
name=
time_action0=stop,3.99,0.00,0.26,-0.00,1.56,0.00,stand,1.0,true,,,,0,1.00,
time_action1=stop,3.99,0,0.26,0,1.56,0,offact001,5,true,,,,0,1.00,
time_action2=stop,3.99,0,0.26,0,-1.624811,0,fi_1h_walk,0.5,true,,,effect_npcitem093|Tpose_H_weaponR_01|13|1.0,0,1.00,
time_action3=stop,3.99,0,0.26,0,-1.624811,0,fi_1h_stand,5,true,,,,0,1.00,
time_action4=stop,3.99,0,0.26,0,-2.894198,0,fi_1h_walk,0.5,true,,,,0,1.00,
time_action5=stop,3.99,0,0.26,0,-2.894198,0,grd_1h_stand,1.5,true,,,,0,1.00,
time_action6=stop,3.99,0,0.26,0,-1.624811,0,fi_1h_walk,0.5,true,,,,0,1.00,
time_action7=moveto,0.94,0.00,0.25,fi_1h_walk,2,true,,,,0,1.00,0,,0,0.00,-1.56,0.00
time_action8=stop,0.94,0,0.25,0,-1.56,0,interact081,2,true,,,,0,1.00,

[movie_talk_id]
r0=6,movie_5035_1,2
r1=9,movie_5035_2,2
r2=13,movie_5035_3,2

[fade_section]
time_action0=0,1.0,2
time_action1=1,1.0,0
time_action2=17,1.0,1
time_action3=18,2,2

[sound_section]
r0=5,fight\other\fight_qg_edt_02.wav
r1=10.5,fight\other\fight_qg_edt_01.wav
r2=11,fight\other\fight_qg_edt_02.wav

