[system]
esc_key=1
enternpc=EventNpc30017
gutname=henhao
taskname=movie_henhao.ini
info=
teamtype=0
refertype=0
show_all_npc=0
wait_terrain=0
restore_pos=1

[yenanzhi]
resource=npc\monster378
movetype=0
pathtype=2
base_angle_y=0.0
enter_time=7
alpha_in=0
alpha_out=0
time_action0=moveto,679.68,-37.11,728.3,stand,1,true,,,,0,1.00,0,
time_action1=moveto,680.08,-37.07,736.63,walk,3,true,,,,0,1.00,0,
time_action2=moveto,680.08,-37.07,736.63,ty_talk,17,true,,,,0,1.00,0,
time_action3=moveto,680.08,-37.07,736.63,stand,1,true,,,,0,1.00,0,
time_action4=moveto,679.6,-37.11,733.25,walk,2,true,,,,0,1.00,0,
time_action5=moveto,679.23,-37.11,733.01,stand,3,true,,,,0,1.00,0,
time_action6=moveto,674.86,-37.11,730.23,walk,4,true,,,,0,1.00,0,

[yenande]
resource=npc\worldnpc317
movetype=0
pathtype=2
base_angle_y=0.0
enter_time=0
alpha_in=0
alpha_out=0
time_action0=stop,681.67,-37.06,743.54,0,-3.01,0,ty_talk5,4,true,,,,0,1.00,
time_action1=stop,681.67,-37.06,743.54,0,-3.01,0,b_stand_1,34,true,,,,0,1.00,

[scenario_camera]
pathtype=2
angletype=4
modetype=3
time_action0=20,7,0,679.944092,-34.741409,733.706116,0.13712,0.184696,0,681.434998,-35.181545,740.848083,0.245565,0.184414,0,
time_action1=20,1,0,681.434998,-35.181545,740.848083,0.245565,0.184414,0,681.835449,-35.21957,742.758667,0.206627,3.370192,0,
time_action2=20,2,0,681.835449,-35.21957,742.758667,0.206627,3.370192,0,681.835449,-35.21957,742.758667,0.206627,3.370192,0,
time_action3=20,1,0,681.835449,-35.21957,742.758667,0.206627,3.370192,0,681.535645,-35.122112,740.851624,0.307233,0.081315,0,
time_action4=20,2,0,681.535645,-35.122112,740.851624,0.307233,0.081315,0,681.535645,-35.122112,740.851624,0.307233,0.081315,0,
time_action5=20,1,0,681.535645,-35.122112,740.851624,0.307233,0.081315,0,681.554993,-35.293274,741.444275,0.131983,3.431566,0,
time_action6=20,3,0,681.554993,-35.293274,741.444275,0.131983,3.431566,0,682.278625,-35.101776,741.077759,0.328605,3.564359,0,
time_action7=20,1,0,682.278625,-35.101776,741.077759,0.328605,3.564359,0,681.938843,-35.16711,739.245972,0.260454,6.232226,0,
time_action8=20,2,0,680.914063,-34.922657,738.944458,0.253958,0.138062,0,680.914063,-34.922657,738.944458,0.253958,0.138062,0,
time_action9=20,2,0,682.26123,-35.173401,741.108704,0.253953,3.534907,0,682.26123,-35.173401,741.108704,0.253953,3.534907,0,
time_action10=20,4,0,682.013062,-35.195499,739.245422,0.231235,6.156184,0,682.013062,-35.195499,739.245422,0.231235,6.156184,0,
time_action11=20,2,0,682.28894,-35.16711,741.094849,0.260452,3.566833,0,682.112854,-35.214706,741.371948,0.205277,3.503,0,
time_action12=20,10,0,682.102356,-35.220898,741.344177,0.205268,3.503,0,681.150452,-35.320313,738.455261,0.096243,3.439165,0,

[movie_talk_id]
r0=0,movie_86_1,2,
r1=4,movie_86_2,0,
r2=7,movie_86_3,2,
r3=10,movie_86_4,2,
r4=13,movie_86_5,2,
r5=16,movie_86_6,1,
r6=17,movie_86_7,2,
r7=18,movie_86_8,1,
r8=21,movie_86_9,1,
r9=23,movie_86_10,2,
r10=26,movie_86_11,2,
r11=32,movie_86_12,2,
r12=36,movie_86_13,2,

[player]
resource=player
movetype=0
pathtype=2
base_angle_y=0.0
enter_time=0
alpha_in=0
alpha_out=0
time_action0=stop,681.86,-37.07,736.83,0,4,0,stand,38,true,,,,0,1.00,

