[system]
restore_pos=1
enternpc=EventNpc24062[LYJRK]@964 -31 747
gutname=yuanyangxiazhimu
taskname=movie_qdz03
info=
teamtype=0
refertype=2
esc_key=1
show_all_npc=0
wait_terrain=0

[scenario_camera]
pathtype=2
angletype=4
modetype=3
time_action0=20,2,0,-28.253601,-0.768867,-3.979736,0.035088,1.36963,0,-28.253601,-0.768867,-3.979736,0.035088,1.36963,0,
time_action1=20,4,2,-28.253601,-0.768867,-3.979736,0.035088,1.36963,0,25.800964,24.352908,15.17334,0.559416,1.128864,0,
time_action2=20,5,0,25.800964,24.352908,15.17334,0.559416,1.128864,0,25.800964,24.352908,15.17334,0.559416,1.128864,0,
time_action3=20,2,0,24.331421,22.412382,11.791199,0.48243,0.999675,0,21.315918,9.055109,22.357422,0.244782,4.634359,0,
time_action3_ctrl1=23.623169,21.306324,8.322266
time_action3_ctrl2=28.730469,21.000615,5.011169
time_action4=20,3,0,21.315918,9.055109,22.357422,0.244782,4.634359,0,21.315918,9.055109,22.357422,0.244782,4.634359,0,
time_action5=20,1,0,21.315918,9.055109,22.357422,0.244782,4.634359,0,30.249268,15.916537,2.458923,0.59547,5.128801,0,
time_action6=20,2,0,30.249268,15.916537,2.458923,0.59547,5.128801,0,30.249268,15.916537,2.458923,0.59547,5.128801,0,
time_action7=20,1,0,30.249268,15.916537,2.458923,0.59547,5.128801,0,29.808105,26.447928,12.40387,0.679431,0.84136,0,
time_action8=20,1,0,29.808105,26.447928,12.40387,0.679431,0.84136,0,29.808105,26.447928,12.40387,0.679431,0.84136,0,
time_action9=20,3,0,29.808105,26.447928,12.40387,0.679431,0.84136,0,29.808105,26.447928,12.40387,0.679431,0.84136,0,
time_action10=20,1,0,0.826477,4.124161,1.056213,0.112971,0.961926,0,0.826477,4.124161,1.056213,0.112971,0.961926,0,

[player]
resource=player
movetype=0
pathtype=2
base_angle_y=0.0
enter_time=0
alpha_in=0
alpha_out=0
time_action0=moveto,-17.06,-2.86,-0.41,stand,1.0,true,,,,0
time_action1=moveto,6.21,1.5,6.16,run,3,true,,,,0
time_action2=stop,6.21,1.50,6.16,0.00,1.20,0.00,stand,2,true,,,,0
time_action3=stop,0.11,-0.17,0.06,0,1.02,0,stand,19.0,true,,,,0

[wafenren]
resource=npc\worldnpc180
movetype=0
pathtype=2
base_angle_y=0.0
enter_time=0
alpha_in=0
alpha_out=0
time_action0=stop,43.04,13.02,25.92,0,2.34,0,stand,20.0,true,,,,0
time_action1=stop,43.04,13.02,25.92,0,2.34,0,Tpose,1.0,true,movietalk_24_1,,,0
time_action2=moveto,36.97,12.07,25.12,walk,2.0,true,,,,0

[wafenren1]
resource=npc\worldnpc180
movetype=0
pathtype=2
base_angle_y=0.0
enter_time=0
alpha_in=0
alpha_out=0
time_action0=stop,44.21,12.63,22.83,0,0.21,0,stand,20.0,true,,,,0
time_action1=stop,44.21,12.63,22.83,0,0.21,0,standfree01,1.0,true,,,,0
time_action2=moveto,45.55,12.18,17.89,walk,2.0,true,,,,0

[wafenren2]
resource=npc\worldnpc180
movetype=0
pathtype=2
base_angle_y=0.0
enter_time=0
alpha_in=0
alpha_out=0
time_action0=stop,46.53,12.82,25.19,0,-1.7,0,stand,20.0,true,,,,0
time_action1=stop,46.53,12.82,25.19,0,-1.7,0,standfree01,1.0,true,,,,0
time_action2=moveto,50.09,12.98,21.56,walk,2.0,true,,,,0

[yuanyangxiazhimu]
resource=npc\itemnpc134
movetype=0
pathtype=2
base_angle_y=0.0
enter_time=0
alpha_in=0
alpha_out=0
time_action0=stop,44.56,12.8,24.81,0,-0.68,0,stand,25.0,true,,,,0

[lei2]
resource=npc\monster242
movetype=0
pathtype=2
base_angle_y=0.0
enter_time=0
alpha_in=0
alpha_out=0
time_action0=stop,17.48,6.38,21.62,0,1.41,0,stand,13.0,true,,,,0
time_action1=stop,17.48,6.38,21.62,0,1.41,0,stand,2.0,true,movietalk_24_2,,,0
time_action2=stop,17.48,6.38,21.62,0,1.41,0,atkhit1,1.0,true,,,,0
time_action3=stop,17.48,6.38,21.62,0,1.41,0,stand,9.0,true,,,,0

[fade_section]
time_action0=23,1.0,2

[movie_talk_id]
r0=0,movie_24_1,1
r1=6,movie_24_2,1
r2=17,movie_24_3,1

