[system]
esc_key=1
restore_pos=1
enternpc=@862 -28.89 @424
gutname=water
taskname=movie_qdz_water.ini
info=
teamtype=0
refertype=0
show_all_npc=0
wait_terrain=1
hide_weapon=1

[player]
resource=player
movetype=0
pathtype=2
base_angle_y=0.0
enter_time=0
alpha_in=1
alpha_out=1
time_action0=stop,860.2,-43.01,423.76,0,-8.77,0,ng_state_1,15,true,,,,0,1.00,
time_action1=stop,860.2,-43.01,423.76,0,-8.77,0,xl_ng_succeed_01,8,false,,,,0,1.00,
time_action2=stop,860.2,-43.01,423.76,0,-8.77,0,stand,4,true,,,,0,1.00,
time_action3=stop,860.2,-43.01,423.76,0,-8.77,0,interact288,3,true,,,,0,1.00,
time_action4=stop,860.2,-43.01,423.76,0,-8.77,0,stand,1.0,true,,,,0,1.00,

[xiuxingzhe]
resource=npc\worldnpc244
movetype=0
pathtype=2
base_angle_y=0.0
enter_time=0
alpha_in=1
alpha_out=1
time_action0=stop,858.96,-42.8,421.36,0,3.94,0,ty_dazuoloop,10,true,,,,0,1.00,
time_action1=stop,858.96,-42.8,421.36,0,3.94,0,b_situp1_1,3,false,,,,0,1.00,
time_action2=stop,858.96,-42.8,421.36,0,3.94,0,stand_turndefult,4,true,,,,0,1.00,
time_action3=stop,858.91,-42.82,421.39,0,-5.7,0,walk,1.0,true,,,,0,1.00,
time_action4=stop,858.91,-42.82,421.39,0,-5.7,0,ty_nod,5,true,,,,0,1.00,
time_action5=stop,858.91,-42.82,421.39,0,-5.7,0,ty_talk,3,true,,,,0,1.00,
time_action6=stop,858.91,-42.82,421.39,0,-5.7,0,stand_turndefult,5,true,,,,0,1.00,

[fade_section]
time_action0=30,1.0,1
time_action1=31,1.0,2

[movie_talk_id]
r0=0,movie_5113_1,2,;;;
r1=5,movie_5113_2,2,
r2=10,movie_5113_3,2,
r3=15,movie_5113_4,2,
r4=20,movie_5113_5,2,
r5=25,movie_5113_6,2,

[scenario_camera]
pathtype=2
angletype=4
modetype=3
enter_time=0
time_action0=33,8,0,809.899414,-37.123627,549.546692,-0.014312,9.178727,0,845,-33,425,0.085486,2.286275,0,player
time_action1=33,10,0,845.63147,-33.868233,425.517212,0.557092,1.656743,0,869.333984,-39.918518,426.06366,0.460486,4.254802,0,player
time_action2=20,2,0,865.249268,-40.294643,428.633636,0.334148,10.119186,0,865.249268,-40.294643,428.633636,0.334148,10.119186,0,
time_action1_ctrl1=844.134583,-40.655396,428.351227
time_action1_ctrl2=866.911377,-40.119713,432.350006
time_action0_ctrl1=845,-33,425
time_action0_ctrl2=845,-33,425
time_action3=17,5,0,859.323181,-41.095016,421.988556,0.216692,3.727726,0,859.65271,-40.815617,422.195007,0.388944,3.785246,0,xiuxingzhe
time_action4=17,5,0,860.177856,-41.035118,422.75943,0.540683,0.57712,0,862.32019,-38.458374,418.901123,0.741653,5.592136,0,player

