[system]
enternpc=
gutname=qingupucanwu
taskname=qingupucanwu.ini
info=
teamtype=0
refertype=0
show_all_npc=0
wait_terrain=1
show_head_to_chat=0
recover_camera=1
esc_key=0
hide_weapon=0

[scenario_camera]
pathtype=2
angletype=4
modetype=3
time_action0=20,4,0,1043.24,119.97,1517.54,0.37,2.38,0.00,1060.77,114.38,1509.40,0.41,2.58,0.00,
is_offset_angle=0
offset_angle_y=0.0
time_action1=20,4,0,1072.44,108.42,1492.89,0.19,-0.29,0.00,1068.01001,109.980003,1486.97998,0.36,0.228722,0,
time_action2=20,6,0,1068.01001,109.980003,1486.97998,0.36,0.228722,0,1068.01001,109.980003,1486.97998,0.36,0.228722,0,
time_action3=20,9,0,1063.30,110.26,1487.84,0.28,0.69,0.00,1063.30,110.26,1487.84,0.28,0.69,0.00,

[player]
resource=player
movetype=0
pathtype=2
base_angle_y=0.0
enter_time=0
alpha_in=0
alpha_out=0
size_x=100
size_y=100
size_z=100
show_name=0
name=
time_action0=stop,1060.75,104.67,1493.88,-0.00,1.39,0.00,stand,1.0,true,,,,0,1.00,
time_action1=moveto,1067.31,105.97,1495.18,fi_0h_walk,3,true,,,,0,1.00,0,,0,-0.00,1.34,0.00
time_action2=stop,1068.34,106.26,1496.47,0,1.28,0,interact288,3,true,,,,0,1.00,
time_action3=stop,1068.34,106.26,1496.47,0,1.28,0,stand,16,true,,,,0,1.00,

[fade_section]
time_action0=0,1.0,0
time_action1=22,1.0,1

[movie_talk_id]
r0=4,movie_9836_1,2,
r1=7,movie_9836_2,2,
r2=10,movie_9836_3,2,
r3=13,movie_9836_4,2,

[laotou]
resource=npc\boss126
movetype=0
pathtype=2
base_angle_y=0.0
enter_time=0
alpha_in=0
alpha_out=0
show_name=0
name=
size_x=100
size_y=100
size_z=100
time_action0=stop,1071.39,106.98,1496.53,0,2.8,0,b_sitloop1_1,14,true,,,,0,1.00,
time_action1=stop,1071.39,106.98,1496.53,0,2.8,0,CS_jh_tmby01,4,true,,,,0,1.00,
time_action2=stop,1071.39,106.98,1496.53,0,2.8,0,CS_jh_tmby02,5,true,,,,0,1.00,

[effect_section]
time_action0=3,11,,false,0.0,0.0,0.0,0.0,0.0,0.0,1.0
time_action1=14,2,light_move_1011a01_zdg,false,1071.485229,106.943275,1496.159058,0,0,0,1.0
time_action2=16,2,light_move_1011a02_zdg,false,1071.485229,106.943275,1496.159058,0,0,0,1.0
time_action3=18,1.0,light_move_1011b_ys01,false,1071.485229,106.943275,1496.159058,0,0,0,1.0
time_action4=19,1.0,light_move_1011b_ys02,false,1071.485229,106.943275,1496.159058,0.0,0.0,0.0,1.0
time_action5=20,1.0,light_move_1011b_ys03,false,1071.485229,106.943275,1496.159058,0.0,0.0,0.0,1.0
time_action6=21,2,light_move_1011b_ys04,false,1071.485229,106.943275,1496.159058,0.0,0.0,0.0,1.0

