[system]
enternpc=
gutname=yinxiongjiumei
taskname=movie_qdz_shuwanyi.ini
info=
teamtype=0
refertype=0
show_all_npc=0
wait_terrain=0
esc_key=1
restore_pos=1
hide_weapon=1

[player]
resource=player
movetype=0
pathtype=2
base_angle_y=0.0
enter_time=0
alpha_in=0
alpha_out=0
time_action0=stop,440.86,-31.32,856.92,0.00,-25.05,0.00,stand,5,true,,,,0,1.00
time_action1=moveto,440.69,-31.29,857.28,stand,1.0,true,,,,0,1.00,0
time_action2=stop,440.69,-31.29,857.28,0,-32.15,0,stand,18,true,,,,0,1.00
time_action3=stop,440.69,-31.29,857.28,0,-32.15,0,grd_0h_stand,4,true,,,,0,1.00

[xiaoniu]
resource=npc\monster125
movetype=0
pathtype=2
base_angle_y=0.0
enter_time=0
alpha_in=0
alpha_out=0
time_action0=stop,424,-28.75,874.1,0,-23.03,0,b_stand_1,12,true,,,,0,1.00
time_action1=stop,424,-28.75,874.1,0,-23.03,0,point_1,1.6,false,,,,0,1.00
time_action2=stop,424,-28.75,874.1,0,-23.03,0,b_stand_1,14,true,,,,0,1.00

[egun]
resource=npc\monster132
movetype=0
pathtype=2
base_angle_y=0.0
enter_time=0
alpha_in=0
alpha_out=0
time_action0=stop,425.33,-28.94,873.38,0,-19.88,0,da_stand_1,16,true,,,,0,1.00
time_action1=stop,425.33,-28.94,873.38,0,-19.88,0,ty_turn_l_talk,4,true,,,,0,1.00
time_action2=stop,425.33,-28.94,873.38,0,-19.88,0,ty_smile4,7,true,,,,0,1.00

[egun1]
resource=npc\monster132
movetype=0
pathtype=2
base_angle_y=0.0
enter_time=0
alpha_in=0
alpha_out=0
time_action0=stop,422.18,-28.48,874.95,0,-23.01,0,da_stand_1,20,true,,,,0,1.00
time_action1=stop,422.18,-28.48,874.95,0,-23.01,0,ty_smile4,7,true,,,,0,1.00

[egun2]
resource=npc\monster132
movetype=0
pathtype=2
base_angle_y=0.0
enter_time=0
alpha_in=0
alpha_out=0
time_action0=stop,423.23,-28.52,876.31,0,-15.91,0,da_stand_1,20,true,,,,0,1.00
time_action1=stop,423.23,-28.52,876.31,0,-15.91,0,ty_smile4,7,true,,,,0,1.00

[scenario_camera]
pathtype=2
angletype=4
modetype=3
time_action0=20,3,0,439.073822,-25.065905,850.905518,0.458631,0.265366,0,439.640198,-27.091282,867.763611,0.226325,0.254565,0,
time_action1=20,2,0,439.640198,-27.091282,867.763611,0.226325,0.254565,0,441.339508,-29.039101,875.831543,0.083525,0.994151,0,
time_action2=20,1,0,441.339508,-29.039101,875.831543,0.083525,0.994151,0,441.339508,-29.039101,875.831543,0.083525,0.994151,0,
time_action3=20,3,0,441.339508,-29.039101,875.831543,0.083525,0.994151,0,440.024902,-28.58746,873.499939,0.04953,4.836057,0,
time_action4=20,2,0,440.024902,-28.58746,873.499939,0.04953,4.836057,0,440.024902,-28.58746,873.499939,0.04953,4.836057,0,
time_action5=20,14,0,429.009155,-24.17646,868.348206,0.47021,5.760974,0,429.009155,-24.17646,868.348206,0.47021,5.760974,0,
time_action6=20,3,0,439.446625,-29.765791,858.179504,-0.054676,2.154809,0,439.446625,-29.765791,858.179504,-0.054676,2.154809,0,

[movie_talk_id]
r0=1,movie_74_1,2,
r1=9,movie_74_2,2,
r2=12,movie_74_3,2,
r3=16,movie_74_4,2,
r4=20,movie_74_5,2,
r5=22,movie_74_6,2,
r6=25,movie_74_7,2,

[fade_section]
time_action0=27,1.0,1
time_action1=28,1.0,2

