[system]
hide_weapon=1
esc_key=1
enternpc=9620[hewt]@1530.963 107.886 -113.511
gutname=9620ss13beikunjinzhong
taskname=movie_school14_9620.ini
info=
teamtype=0
refertype=2
show_all_npc=0
wait_terrain=1
show_head_to_chat=0
recover_camera=1
music=FBdonghua06_xuanyi

[furen]
resource=npc\worldnpc183
movetype=0
pathtype=2
base_angle_y=0.0
enter_time=0
alpha_in=0
alpha_out=0
size_x=100
size_y=100
size_z=100
show_name=0
name=
time_action0=stop,4.29,-0.01,-0.15,0,1.57,0,h_stand_2,16,true,,,,0,1.00,

[scenario_camera]
pathtype=2
angletype=4
modetype=3
time_action0=20,8,0,9.12306,-2.039381,-0.145723,-0.90523,4.702489,0,8.307508,-0.978491,-0.149858,-0.884867,4.722122,0,
is_offset_angle=0
offset_angle_y=0.0
time_action1=20,4,0,3.715223,2.151079,0.159399,0.331045,7.953712,0,3.341688,1.416139,0.28974,0.00525,7.988083,0,
time_action2=20,2,0,4.858777,1.477373,-0.19227,-0.119832,11.013492,0,4.858777,1.477373,-0.19227,-0.119832,11.013492,0,
time_action3=20,1.5,0,5.223279,1.469675,-0.173486,-0.076199,14.12072,0,5.223279,1.469675,-0.173486,-0.076199,14.12072,0,
time_action4=20,1,0,8.505506,-2.733481,-0.170213,-1.434742,4.974908,0,8.505506,-2.733481,-0.170213,-1.434742,4.974908,0,

[player]
resource=player
movetype=0
pathtype=2
base_angle_y=0.0
enter_time=0
alpha_in=0
alpha_out=0
size_x=100
size_y=100
size_z=100
show_name=0
name=
time_action0=stop,4.20,-0.01,-0.14,-0.00,1.57,0.00,stand,1.0,true,,,,0,1.00,
time_action1=moveto,6.1,0.11,-0.13,fi_0h_walk,2,true,,,,1,1.00,0,,0,0,0,0
time_action2=stop,6.1,0.11,-0.13,0,1.56,0,logoin_stand_2,11,true,,,,0,1.00,
time_action3=stop,6.1,0.11,-0.13,0,-1.533268,0,stand_turnright,1.0,true,,,,0,1.00,
time_action4=moveto,7.87,0.37,-0.13,hurtout,0.5,true,,,,1,1.00,1,,0,0.00,-1.53,0.00
time_action5=moveto,8.23,-4.03,-0.13,hurtouting,0.7,true,,,,1,1.00,1,,0,-0.00,0.00,0.00

[movie_talk_id]
r0=4,movie_9620_1,2,
r1=12,movie_9620_2,2,
r2=15,movie_9620_3,2,

[fade_section]
time_action0=0,1.0,2
time_action1=1,1.0,0
time_action2=15.5,0.5,1
time_action3=16,2,2

[sound_section]
r0=14.9,fight\attack\atk_0h_18.wav
r1=16.1,npc\7101_7_shuipen.wav

