[system]
hide_weapon=1
esc_key=1
enternpc=9621[hewt]@1561.755 109.629 -171.947
gutname=9621ss13beisuoxiaolou
taskname=movie_school14_9621.ini
info=
teamtype=0
refertype=2
show_all_npc=0
wait_terrain=1
show_head_to_chat=0
recover_camera=1
music=FBdonghua06_xuanyi

[nanzi]
resource=npc\worldnpc536
movetype=0
pathtype=2
base_angle_y=0.0
enter_time=0
alpha_in=0
alpha_out=0
size_x=100
size_y=100
size_z=100
show_name=0
name=
time_action0=stop,-8.93,-0.72,-1.55,0,1.3,0,b_stand_4,0.5,true,,,,0,1.00,
time_action1=moveto,-1.03,-0.04,-0.54,h_walk1_1,5.5,true,,,,0,1.00,0,,0,-0.00,1.23,0.00
time_action2=stop,-1.03,-0.04,-0.54,-0.00,1.23,0.00,b_atk1_1,1,true,,,,0,1.00,
time_action3=stop,-1.03,-0.04,-0.54,0,1.23,0,ty_bukuai_guard,4,true,,,,0,1.00,

[scenario_camera]
pathtype=2
angletype=4
modetype=3
time_action0=20,1,0,-5.302607,0.793012,-0.53768,0.07138,4.420642,0,-5.302607,0.793012,-0.53768,0.07138,4.420642,0,
is_offset_angle=0
offset_angle_y=0.0
time_action1=20,5,0,-5.302607,0.793012,-0.53768,0.07138,4.420642,0,1.38416,1.176,0.049982,-0.036249,4.451741,0,
time_action2=20,2,0,1.38416,1.176,0.049982,-0.036249,4.451741,0,1.38416,1.176,0.049982,-0.036249,4.451741,0,
time_action3=20,1,0,-0.111689,1.182127,-0.237601,-0.295183,4.396098,0,-0.261714,1.230177,-0.286749,-0.295183,4.396098,0,
time_action4=20,2,0,1.17542,0.351888,1.399072,0.117922,3.160737,0,1.170781,0.305883,1.068536,0.138284,3.155828,0,
time_action5=20,2,0,1.170781,0.305883,1.068536,0.138284,3.155828,0,1.170781,0.305883,1.068536,0.138284,3.155828,0,
time_action6=66,7,0,28.813604,5.086424,-0.163382,27.698125,5.898374,-0.12113,0.3,0,0.8,1,27.698125,5.098374,-0.12113

[player]
resource=player
movetype=0
pathtype=2
base_angle_y=0.0
enter_time=0.0
alpha_in=0
alpha_out=0
time_action0=stop,-6.48,-0.52,-0.18,-0.00,1.55,0.00,stand,1,true,,,,0,1.00,
time_action1=moveto,-0.03,-0.00,-0.24,fi_0h_walk,5,true,,,,0,1.00,0,,0,-0.00,1.58,0.00
time_action2=stop,-0.03,0,-0.24,0,1.58,0,logoin_stand_2,0.5,true,,,,0,1.00,
time_action3=stop,-0.03,0,-0.24,0,1.58,0,fi_0h_diedown,2.1,true,,,,0,1.00,
time_action4=stop,-0.03,0,-0.24,0,1.58,0,fi_0h_diedownloop,3.4,true,,,,0,1.00,
size_x=100
size_y=100
size_z=100
show_name=0
name=
time_action5=stop,27.59,3.92,-0.14,0,-1.59,0,stand,1.0,true,,,,0,1.00,
time_action6=stop,27.59,3.92,-0.14,0,-1.59,0,interact072,3.6,true,,,,0,1.00,
time_action7=stop,27.59,3.92,-0.14,0,-1.59,0,interact340,3.5,true,,,,0,1.00,

[sound_section]
r0=6.4,fight\attack\atk_0h_18.wav

[fade_section]
time_action0=0,1.0,2
time_action1=1,1.0,0
time_action2=10,1.0,1
time_action3=11.,3.5,2
time_action4=14.5,1.0,0
time_action5=19,1.0,1
time_action6=20,2,2

