[system]
esc_key=1
hide_weapon=1
enternpc=9623[hewt]@2003.952 10.049 -788.967
gutname=9623ss13nvGGNZweiyao
taskname=movie_school14_9623.ini
info=
teamtype=0
refertype=2
show_all_npc=1
wait_terrain=1
show_head_to_chat=0
recover_camera=1
music=FBdonghua06_xuanyi

[shaonan]
resource=npc\worldnpc519
movetype=0
pathtype=2
base_angle_y=0.0
enter_time=22
alpha_in=0
alpha_out=0
size_x=100
size_y=100
size_z=100
show_name=0
name=
time_action0=stop,23.25,-0.00,27.99,-0.00,-2.14,0.00,stand,1.0,true,,,,0,1.00,
time_action1=moveto,12.13,-0.00,20.14,h_run1_1,3,true,,,,0,1.00,0,,0,-0.00,-2.21,0.00

[shaonan1]
resource=npc\worldnpc519
movetype=0
pathtype=2
base_angle_y=0.0
enter_time=25
alpha_in=0
alpha_out=0
size_x=100
size_y=100
size_z=100
show_name=0
name=
time_action0=stop,-1.27,-0.00,-1.23,-0.00,3.11,0.00,hurt_assist_wound_aid,1,true,,,,0,0.50,
time_action1=stop,-1.27,0,-1.23,0,3.11,0,hurt_assist_wound_aid,5,true,,,,0,0.20,

[GGNZ]
resource=npc\worldnpc536
movetype=0
pathtype=2
base_angle_y=0.0
enter_time=1
alpha_in=0
alpha_out=0
size_x=100
size_y=100
size_z=100
show_name=0
name=
time_action0=stop,-1.11,10.00,-5.32,0.00,-0.08,0.00,stand,1.0,true,,,,1,1.00,
time_action1=moveto,-1.13,-0.00,-4.31,jumpdowning,1.0,true,,,,1,1.00,0,,0,0.00,-0.06,0.00
time_action2=stop,-1.13,0,-4.31,0,-0.1000,0,jumpdown,1.0,true,,,,0,1.00,
time_action3=stop,-1.13,0,-4.31,0,-0.1000,0,b_stand_4,5,true,,,,0,1.00,
time_action4=stop,-1.13,0,-4.31,0,-0.1000,0,ty_interact095,2,true,,,,0,0.80,
time_action5=stop,-1.13,0,-4.31,0,-0.1000,0,ty_bukuai_guard,8,true,,,,0,1.00,
time_action6=stop,-1.13,-0.00,-4.31,-0.00,2.94,0.00,h_walk1_1,1.0,true,,,,0,1.00,
time_action7=moveto,0.89,-0.00,-8.16,h_walk1_1,3,true,,,,0,1.00,0,,0,-0.00,3.06,0.00

[scenario_camera]
pathtype=2
angletype=4
modetype=3
time_action0=20,1,0,-1.997532,1.237129,5.005147,0.025129,6.837372,0,-1.997532,1.237129,5.005147,0.025129,6.837372,0,
is_offset_angle=0
offset_angle_y=0.0
time_action1=20,3,0,-2.921849,0.904928,3.419148,-0.024322,6.796472,0,-3.781224,0.704999,-9.45164,-0.00396,6.708118,0,
time_action2=20,6,0,-1.041355,1.491521,-3.495708,-0.073773,9.520806,0,-0.934666,1.236659,-2.825297,-0.062137,9.564981,0,
time_action3=20,1.4,0,-0.764988,1.219358,-3.486369,-0.065046,12.220592,0,-0.916355,1.36161,-3.018107,-0.076682,12.184593,0,
time_action4=20,8.1,0,-4.068089,1.053004,-2.073955,0.013493,14.40007,0,-2.165867,1.053004,0.521932,0.030947,15.398185,0,
time_action5=20,3.5,0,-1.090062,1.105937,-5.397746,-0.376944,-0.047155,0,-1.728611,0.408389,-7.142253,-0.152959,0.09029,0,
time_action6=20,3,0,20.23257,0.375772,27.571065,0.011017,2.496376,0,14.478298,0.401252,23.274922,-0.012254,2.498011,0,
time_action7=20,5,0,0.796169,0.306817,-1.595439,-0.117029,4.585837,0,-0.503514,0.48946,-1.610026,-0.1403,5.117611,0,

[player]
resource=player
movetype=0
pathtype=2
base_angle_y=0.0
enter_time=0
alpha_in=0
alpha_out=0
size_x=100
size_y=100
size_z=100
show_name=0
name=
time_action0=stop,-1.23,-0.00,6.75,-0.00,3.12,0.00,logoin_stand_2,1,true,,,,0,1.00,
time_action1=moveto,-1.21,0,-2.19,fi_0h_run,2,true,,,,0,1.00,0,,0,0,0,0
time_action2=stop,-1.21,0,-2.19,0,3.14,0,logoin_stand_2,7,true,,,,0,1.00,
time_action3=stop,-1.21,0,-2.19,0,3.14,0,interact010,1.4,true,,,,0,1.00,
time_action4=stop,-1.21,0,-2.19,0,3.14,0,interact018,8.2,true,,,,0,1.00,
time_action5=stop,-1.21,0,-2.19,0,3.14,0,interact027,5.4,true,,,,0,1.00,
time_action6=stop,-1.21,0,-2.19,0,3.14,0,ng_state_1,6,true,,,,0,1.00,

[movie_talk_id]
r0=4,movie_9622_1,2,
r1=10,movie_9622_2,2,
r2=14,movie_9622_3,2,
r3=19,movie_9622_4,2,

[fade_section]
time_action0=0,1.0,2
time_action1=1,1.0,0
time_action2=23,1.0,0
time_action3=26,1.0,0
time_action4=30,1.0,1
time_action5=31,2,2

[sound_section]
r0=2,fight\other\fight_qg_edt_02.wav

