[system]
hide_weapon=1
esc_key=1
enternpc=9626[hewt]@88.467 427.472 -19.641
gutname=9626chaxuantiezhongjian
taskname=movie_school14_9626.ini
info=
teamtype=0
refertype=2
show_all_npc=0
wait_terrain=1
show_head_to_chat=0
recover_camera=1
music=FBdonghua05_jiangde

[zhangmen]
resource=npc\worldnpc1377
movetype=0
pathtype=2
base_angle_y=0.0
enter_time=0
alpha_in=0
alpha_out=0
size_x=100
size_y=100
size_z=100
show_name=0
name=
time_action0=stop,1.05,0.02,-2.02,0,-1.91,0,h_stand_2,15,true,,,,0,1.00,
time_action1=stop,1.05,0.02,-2.02,-0.00,2.40,0.00,h_walk2_1,1.0,true,,,,0,1.00,
time_action2=stop,1.05,0.02,-2.02,0,2.4,0,h_stand_2,10,true,,,,0,1.00,

[zhongjian]
resource=npc\fbmac004012
movetype=0
pathtype=2
base_angle_y=0.0
enter_time=16
alpha_in=0
alpha_out=0
size_x=100
size_y=100
size_z=100
show_name=0
name=
time_action0=stop,3.06,1.7,-4.58,1.57,0,0,stand,1.0,true,,,effect_npcitem815|Model::Point01|99|1,1,1.00,
time_action1=moveto,3.06,2.1,-4.58,stand,2,true,,,,1,1.00,1,,0,0,0,0
time_action2=moveto,3.06,1.3,-4.58,stand,1,true,,,,1,1.00,1,,0,0,0,0
time_action3=stop,3.06,1.3,-4.58,1.57,0,0,stand,6,true,,,,1,1.00,

[scenario_camera]
pathtype=2
angletype=4
modetype=3
time_action0=20,1,0,-2.106641,0.620194,-2.405936,-0.034602,1.467717,0,-2.106641,0.620194,-2.405936,-0.034602,1.467717,0,
is_offset_angle=0
offset_angle_y=0.0
time_action1=20,10,0,-2.106641,0.620194,-2.405936,-0.034602,1.467717,0,-1.544217,1.494949,-3.697963,0.023575,0.909755,0,
time_action2=20,4,0,-1.544217,1.494949,-3.697963,0.023575,0.909755,0,-1.544217,1.494949,-3.697963,0.023575,0.909755,0,
time_action3=20,2,0,2.021319,1.409012,-2.34497,0.041028,-1.284452,0,2.021319,1.409012,-2.34497,0.041028,-1.284452,0,
time_action4=20,4,0,1.812976,0.71489,-3.284098,-0.120336,8.35715,0,2.244052,0.776047,-3.524133,-0.067976,8.376786,0,
time_action5=20,5,0,-0.453755,0.843552,-10.281382,-0.028797,0.348319,0,-1.205983,0.676224,-12.313842,-0.156788,0.361409,0,

[player]
resource=player
movetype=0
pathtype=2
base_angle_y=0.0
enter_time=0
alpha_in=0
alpha_out=0
size_x=100
size_y=100
size_z=100
show_name=0
name=
time_action0=stop,-0.85,0.02,-2.75,0,1.2,0,logoin_stand_2,11,true,,,effect_npcitem815|Tpose_B_weaponR_01|16|1,0,1.00,
time_action1=stop,-0.85,0.02,-2.75,0,1.2,0,interact284,2.5,true,,,,0,1.00,
time_action2=stop,-0.85,0.02,-2.75,-0.00,1.90,0.00,stand_turnright,0.5,true,,,,0,1.00,
time_action3=moveto,1.99,0.03,-4.00,fi_0h_walk,2,true,,,,0,1.00,0,,0,-0.00,1.59,0.00
time_action4=stop,1.99,0.03,-4,0,1.53,0,stand_turnleft,1,true,,,,0,1.00,
time_action5=stop,1.99,0.03,-4,0,1.53,0,interact137,4,true,,,,0,0.27,
time_action6=stop,1.99,0.03,-4,0,1.53,0,logoin_stand_2,5,true,,,,0,1.00,

[movie_talk_id]
r0=1,movie_9626_1,2,
r1=11,movie_9626_2,2,
r2=14, ,2,

[fade_section]
time_action0=0,1.0,2
time_action1=1,1.0,0
time_action2=25,1.0,1
time_action3=26,2,2

