[system]
enternpc=
gutname=gumupai_migong_001
taskname=gumupai_migong_001.ini
info=
teamtype=0
refertype=2
show_all_npc=0
wait_terrain=1
show_head_to_chat=0
recover_camera=1
esc_key=1
hide_weapon=0

[scenario_camera]
pathtype=2
angletype=4
modetype=3
time_action0=20,4,0,281.29,433.39,-412.28,0.36,5.35,0.00,281.289673,433.388611,-412.281281,0.359883,5.353052,0,
is_offset_angle=0
offset_angle_y=0.0
time_action1=20,10,0,281.289673,433.388611,-412.281281,0.359883,5.353052,0,322.05,469.89,-456.46,0.87,6.23,0.00,
time_action2=20,15,0,322.049988,469.890015,-456.459991,0.87,6.23,0,421.38,457.97,-634.77,0.53,7.06,0.00,
time_action3=20,15,0,421.10,466.96,-635.03,1.03,7.26,0.00,276.99,435.81,-414.20,0.77,6.86,0.00,

[player]
resource=player
movetype=0
pathtype=2
base_angle_y=0.0
enter_time=0
alpha_in=0
alpha_out=0
size_x=100
size_y=100
size_z=100
show_name=0
name=
time_action0=stop,277.47,430.68,-409.49,0,1.6,0,stand,46,true,,,,0,1.00,

[fade_section]
time_action0=0,1.0,0
time_action1=45,1.0,1

[movie_talk_id]
r0=1,movie_9636_1,2,
r1=14,movie_9636_2,2,

