[system]
enternpc=
gutname=gumupai_guancai_001
taskname=gumupai_guancai_001.ini
info=
teamtype=0
refertype=2
show_all_npc=0
wait_terrain=1
show_head_to_chat=0
recover_camera=1
esc_key=1

[guancai]
resource=npc\npcitem854
movetype=0
pathtype=2
base_angle_y=0.0
enter_time=0
alpha_in=0
alpha_out=0
show_name=0
name=
size_x=100
size_y=100
size_z=100
time_action0=stop,36.3,387.45,-410.42,0,-1.57,0,open,3,false,,,,0,0.20,
time_action1=stop,36.3,387.45,-410.42,0,-1.57,0,close,5,true,,,,0,0.30,

[player]
resource=player
movetype=0
pathtype=2
base_angle_y=0.0
enter_time=0
alpha_in=0
alpha_out=0
size_x=100
size_y=100
size_z=100
show_name=0
name=
time_action0=stop,37.49,386.24,-407.88,0,2.95,0,stand,1,true,,,,0,1.00,
time_action1=moveto,37.43,388.93,-410.04,1h_qg_jump02,1.0,true,,,,1,1.00,0,,0,0,0,0
time_action2=moveto,36.87,386.95,-410.49,jumpdowning,1.0,true,,,,1,1.00,0,,0,-0.00,0.00,0.00
time_action3=stop,36.87,386.16,-410.49,-0.00,0.00,0.00,stand,5,true,,,,0,1.00,

[fade_section]
time_action0=0,1.0,0
time_action1=3,0.5,2
time_action2=7.,0.5,1
time_action3=7.5,0.5,2

[movie_talk_id]
r0=3,movie_9634_1,2,

[scenario_camera]
pathtype=2
angletype=4
modetype=3
time_action0=20,3,0,30.65,391.61,-401.10,0.44,2.61,0.00,30.65,391.61,-401.10,0.44,2.61,0.00,
is_offset_angle=0
offset_angle_y=0.0
time_action1=20,5,0,37.89,387.46,-410.47,-1.58,4.70,0.00,37.889999,387.459991,-410.470001,-1.58,4.7,0,

