[zhangmen]
resource=npc\worldnpc1377
movetype=0
pathtype=2
base_angle_y=0.0
enter_time=0
alpha_in=0
alpha_out=0
show_name=0
name=
size_x=100
size_y=100
size_z=100
time_action0=stop,-245.13,391.51,-451.18,0,0.08,0,ty_talk1,25,true,,,,0,0.61,

[quyi]
resource=npc\worldnpc054
movetype=0
pathtype=2
base_angle_y=0.0
enter_time=0
alpha_in=0
alpha_out=0
show_name=0
name=
size_x=100
size_y=100
size_z=100
time_action0=stop,-245.97,391.6,-452.46,0,0.32,0,ty_stand,25,true,,,,0,1.00,

[scenario_camera]
pathtype=2
angletype=4
modetype=3
time_action0=20,10,0,-243.64,394.54,-447.41,0.37,3.59,0.00,-243.64,394.54,-447.41,0.37,3.59,0.00,
is_offset_angle=0
offset_angle_y=0.0
time_action1=20,10,0,-273.61,398.34,-337.55,0.36,8.84,0.00,-252.52,387.57,-367.51,0.47,8.98,0.00,
time_action2=20,5,0,-252.520004,387.570007,-367.51001,0.47,8.98,0,-252.520004,387.570007,-367.51001,0.47,8.98,0,

[player]
resource=player
movetype=0
pathtype=2
base_angle_y=0.0
enter_time=0
alpha_in=0
alpha_out=0
size_x=100
size_y=100
size_z=100
show_name=0
name=
time_action0=stop,-244.66,391.51,-452.11,0,-0.31,0,stand,25,true,,,,0,1.00,

[fade_section]
time_action0=0,1.0,0
time_action1=24,1.0,1

[movie_talk_id]
r0=1,movie_9640_1,2,
r1=5,movie_9640_2,2,
r2=10,movie_9640_3,2,
r3=20,movie_9640_4,2,

[system]
enternpc=
gutname=gumupai_movie_3457
taskname=gumupai_movie_3457.ini
info=
teamtype=0
refertype=2
show_all_npc=0
wait_terrain=1
show_head_to_chat=0
recover_camera=1
esc_key=0

