[MainInfo]
FrameTime=0.033333
RulerStart=0.000000
RulerEnd=200.000000
CameraX=1067.914673
CameraY=168.142303
CameraZ=1196.048950
CameraRX=0.215257
CameraRY=1.848705
CameraRZ=0.000000
CaptureAngleX=0.000000
CaptureAngleY=0.000000
CaptureAngleZ=0.000000
CapturePosX=0.000000
CapturePosY=0.000000
CapturePosZ=0.000000
CanBreak=0
ShowPlayer=0
ShowNpc=0
ShowWeapon=0
Player=npc_1

[npc_1]
WorldType=objects
ObjectType=Actor
Name=2ADE3296F2C746ED84405FBBA5327120
VisualType=Actor
PositionX=1065.131958
PositionY=166.018005
PositionZ=1198.605835
AngleX=-0.000000
AngleY=2.554992
AngleZ=0.000000
ScaleX=0.999960
ScaleY=1.000000
ScaleZ=0.999960
VisualConfig=ini\npc\b_banlvxinmo02.ini
Path=npc_1.xml

[npc_2]
WorldType=objects
ObjectType=Actor
Name=31CDA391743444B5AB1E3363721CF6D2
VisualType=Actor
PositionX=1070.205444
PositionY=166.031174
PositionZ=1195.152466
AngleX=0.000000
AngleY=-1.564998
AngleZ=0.000000
ScaleX=0.999992
ScaleY=1.000000
ScaleZ=0.999992
VisualConfig=ini\npc\itemnpc524.ini
Path=npc_2.xml

[camera_1]
WorldType=objects
ObjectType=camera
Name=50D60BBACD3A4C54A4A286801BF2E361
VisualType=CameraWrapper
PositionX=1065.053345
PositionY=168.010544
PositionZ=1200.942261
AngleX=0.156261
AngleY=2.823258
AngleZ=-0.000000
ScaleX=1.000000
ScaleY=1.000000
ScaleZ=0.999993
VisualConfig=mdl\camera\camera01\camera.xmod
CameraType=free
Fovx=1.753383
Path=camera_1.xml

[camera_2]
WorldType=objects
ObjectType=camera
Name=372FF1A43E544C2080F435B6AC94986E
VisualType=CameraWrapper
PositionX=1067.914673
PositionY=168.142303
PositionZ=1196.048950
AngleX=0.215257
AngleY=1.848705
AngleZ=0.000000
ScaleX=1.000000
ScaleY=1.000000
ScaleZ=1.000000
VisualConfig=mdl\camera\camera01\camera.xmod
CameraType=free
Fovx=1.753383
Path=camera_2.xml

[custom]
WorldType=global
ObjectType=custom
Name=
VisualType=
Path=custom.xml

[object_hsi]
WorldType=global
ObjectType=ppfilter_hsi
Name=
VisualType=
Path=object_hsi.xml

