[hdr]
BloomEnable=false
GlowWeight=0.380000
BloomColor=255,126,126,126
HDREnable=false
ExposureKey=0.240000
MinExposure=0.870000
MaxExposure=2.300000
AdaptionTime=1.500000
MovieHDR=0
UseFilmMapping=false
EnableColorGrading=false
HDRCurveShoulder=1.000000
HDRCurveMidtone=1.000000
HDRCurveToe=1.500000
HDRWhitePoint=1.000000
BalanceFactor=1.000000
BalanceColor=255,126,126,126

