[light]
LightMapSize = 128
LightDensity = 2
UseSkyLight=false
UsePointLight=true
usecolor=0
smoothUseNormals=1
smoothRadius=0.200000
blurTrace=0
blurRadius=5.000000
blurAtt=2.000000
blurCos=0.500000
blurKf=0.300000
ambient_intens=0.409804
ambient_clrR=0.482353
ambient_clrG=0.478431
ambient_clrB=0.600000
sun_light_isOn=1
sun_light_intens=0.488235
sun_light_clrR=0.800000
sun_light_clrG=0.607843
sun_light_clrB=0.317647
sun_light_cosine=1.000000
sun_light_shadow=0.800000
sun_light_bright=0.500000
sun_light_contr=0.500000
sun_light_gamma=0.500000
sky_light_isOn=1
sky_light_intens=0.020000
sky_light_clrR=0.300000
sky_light_clrG=0.500000
sky_light_clrB=1.000000
sky_light_cosine=1.000000
sky_light_shadow=0.800000
sky_light_bright=0.500000
sky_light_contr=0.500000
sky_light_gamma=0.500000

