[MainInfo]
FrameTime=0.033333
RulerStart=0.000000
RulerEnd=555.000000
CameraX=-200.554321
CameraY=16.301985
CameraZ=-153.190048
CameraRX=-0.009768
CameraRY=1.721329
CameraRZ=0.000000
CaptureAngleX=0.000000
CaptureAngleY=0.000000
CaptureAngleZ=0.000000
CapturePosX=0.000000
CapturePosY=0.000000
CapturePosZ=0.000000
CanBreak=0
ShowPlayer=0
ShowNpc=0
ShowWeapon=0
Player=npc_1

[npc_1]
WorldType=objects
ObjectType=Actor
Name=B5E71930BFD046D88F4B5790C47C2C71
VisualType=Actor
PositionX=-192.702240
PositionY=15.542584
PositionZ=-152.570206
AngleX=-0.000000
AngleY=-2.734989
AngleZ=0.000000
ScaleX=0.999818
ScaleY=1.000000
ScaleZ=0.999818
VisualConfig=ini\npc\b_banlvxinmo02.ini
Path=npc_1.xml

[lstuff_card_022_2]
WorldType=objects
ObjectType=EffectModel
Name=BA09F17D270542AAA877494519A45D56
VisualType=EffectModel
PositionX=-192.642700
PositionY=16.725821
PositionZ=-156.249527
AngleX=1.444750
AngleY=0.664929
AngleZ=-2.158755
ScaleX=0.999999
ScaleY=0.999999
ScaleZ=1.000000
EffectConfig=ini\effect\playerweapon\weapon_7h.ini
EffectName=lstuff_card_022
Path=lstuff_card_022_2.xml

[npc_3]
WorldType=objects
ObjectType=Actor
Name=4E198AC7CB0C48228B3DB2B3D2F484CC
VisualType=Actor
PositionX=-192.820526
PositionY=15.542584
PositionZ=-156.469971
AngleX=0.000000
AngleY=-0.169999
AngleZ=0.000000
ScaleX=0.999999
ScaleY=1.000000
ScaleZ=0.999999
VisualConfig=ini\npc\worldnpc1668.ini
Path=npc_3.xml

[camera_1]
WorldType=objects
ObjectType=camera
Name=160D5C6FA5944C93B3B32D0A10B582E4
VisualType=CameraWrapper
PositionX=-200.554321
PositionY=16.301985
PositionZ=-153.190048
AngleX=-0.009768
AngleY=1.721329
AngleZ=0.000000
ScaleX=1.000000
ScaleY=1.000000
ScaleZ=1.000000
VisualConfig=mdl\camera\camera01\camera.xmod
CameraType=free
Fovx=1.442724
Path=camera_1.xml

[camera_2]
WorldType=objects
ObjectType=camera
Name=44FCDA0B23A94534B4B242C6C5F1FB10
VisualType=CameraWrapper
PositionX=-193.690842
PositionY=17.089106
PositionZ=-157.360718
AngleX=0.042592
AngleY=0.251980
AngleZ=0.000000
ScaleX=1.000000
ScaleY=1.000000
ScaleZ=1.000000
VisualConfig=mdl\camera\camera01\camera.xmod
CameraType=free
Fovx=1.442724
Path=camera_2.xml

[custom]
WorldType=global
ObjectType=custom
Name=
VisualType=
Path=custom.xml

[camera_3]
WorldType=objects
ObjectType=camera
Name=B82D906932F340B28E075DB0365CAA4F
VisualType=CameraWrapper
PositionX=-194.795441
PositionY=16.959435
PositionZ=-151.715439
AngleX=0.001868
AngleY=2.637628
AngleZ=0.000000
ScaleX=0.999988
ScaleY=1.000000
ScaleZ=1.000000
VisualConfig=mdl\camera\camera01\camera.xmod
CameraType=free
Fovx=1.442724
Path=camera_3.xml

[camera_4]
WorldType=objects
ObjectType=camera
Name=D08A23D9AC8044B09C61D1017916FC5F
VisualType=CameraWrapper
PositionX=-193.689240
PositionY=16.795908
PositionZ=-153.838364
AngleX=-0.198845
AngleY=0.330520
AngleZ=0.000000
ScaleX=1.000000
ScaleY=1.000000
ScaleZ=1.000000
VisualConfig=mdl\camera\camera01\camera.xmod
CameraType=free
Fovx=1.442724
Path=camera_4.xml

[object_hsi]
WorldType=global
ObjectType=ppfilter_hsi
Name=
VisualType=
Path=object_hsi.xml

