[system]
enternpc=FunnpcClone017004[shenhao]@638 1 -83
gutname=wanjialingmingshashikongkong
taskname=movie_clone017_882.ini
info=
teamtype=0
refertype=2
esc_key=1
music=clone017_fear1
hide_weapon=0
show_all_npc=0
wait_terrain=1
restore_pos=1
show_head_to_chat=0

[shikongkong]
resource=npc\fbboss00322
movetype=0
pathtype=2
base_angle_y=0.0
enter_time=0
alpha_in=0
alpha_out=0
size_x=100
size_y=100
size_z=100
time_action0=stop,0.45,-0.16,4.3,0,1.34,0,ty_interact017,6,true,,,,0,1.00,
time_action1=stop,0.45,-0.16,4.3,0,-1.98,0,stand,0.5,true,,,,0,1.00,
time_action2=stop,0.45,-0.16,4.3,0,-1.98,0,ty_kv5_3,5.5,true,,,,0,1.00,
time_action3=stop,0.45,-0.16,4.3,0,-1.98,0,stand,0.1,true,,,effect_sthorn_00103_default|fbboss00322_handL_01|20|1,0,1.00,
time_action4=stop,0.45,-0.16,4.3,0,-1.98,0,stand,6.9,true,,,effect_sthorn_0010_default|fbboss00322_handR_01|20|1,0,1.00,
time_action5=stop,0.45,-0.16,4.3,0,-1.98,0,b_fi_stand_2,12,true,,,,0,1.00,

[player]
resource=player
movetype=0
pathtype=2
base_angle_y=0.0
enter_time=0
alpha_in=0
alpha_out=0
size_x=100
size_y=100
size_z=100
time_action0=stop,-38.60,0.77,-8.50,-0.00,1.32,0.00,stand,1.0,true,,,,0,1.00,
time_action1=moveto,-33.39,1.79,-7.2,walk,4,true,,,,0,1.00,0,grd_
time_action2=stop,-33.39,1.79,-7.2,0,1.32,0,stand,1.0,true,,,,0,1.00,
time_action3=stop,-33.39,1.79,-7.2,0,1.32,0,stand,6,true,,,,0,1.00,
time_action4=stop,-33.39,1.79,-7.2,0,1.32,0,interact150,16,true,,,,0,1.00,
time_action5=stop,-33.39,1.79,-7.2,0,1.32,0,fi_1h_stand,3,true,,,,0,1.00,

[fade_section]
time_action0=0,1.0,0
time_action1=30,1.0,1
time_action2=31,1.0,0

[scenario_camera]
pathtype=2
angletype=4
modetype=3
time_action0=20,3,0,-5.979248,2.41328,3.098244,0.326019,1.41576,0,-4.107178,1.772731,3.390846,0.326019,1.41576,0,
time_action1=20,3,0,-29.149658,2.024933,-5.422806,-0.082161,4.330542,0,-29.149658,2.024933,-5.422806,-0.082161,4.330542,0,
time_action2=20,6,0,-2.089844,0.898986,4.429153,0.03648,1.609662,0,-2.089844,0.898986,4.429153,0.03648,1.609662,0,
time_action3=20,7,0,-30.516907,3.303285,-6.328438,0.140528,4.407519,0,-31.527527,3.149679,-7.005562,0.081187,4.571142,0,
time_action4=20,4,0,-2.093506,0.693661,4.665916,-0.075703,7.939065,0,-2.093506,0.693661,4.665916,-0.075703,7.939065,0,
time_action5=20,5,0,-30.406677,3.212876,-5.906532,0.164061,4.33604,0,-30.406677,3.212876,-5.906532,0.164061,4.33604,0,
time_action6=20,1,0,-30.406677,3.212876,-5.906532,0.164061,4.33604,0,-18.175232,5.390572,-1.071938,0.164061,4.33604,0,
time_action7=20,2,0,-18.175232,5.390572,-1.071938,0.164061,4.33604,0,-18.175232,5.390572,-1.071938,0.164061,4.33604,0,

[movie_talk_id]
r0=6,movie_882_1,2,
r1=12,movie_882_2,2,
r2=19,movie_882_3,2,
r3=23,movie_882_4,2,

