[system]
enternpc=FunnpcClone017004[shenhao]@408 -9 -71
gutname=tonglingrangshenhaohewanjiaqusha3geren
taskname=movie_clone017_883.ini
info=
teamtype=0
refertype=2
esc_key=1
music=clone017
show_all_npc=0
wait_terrain=1
show_head_to_chat=0
recover_camera=1
hide_weapon=1

[sh]
resource=npc\fbboss00324
movetype=0
pathtype=2
base_angle_y=0.0
enter_time=0
alpha_in=0
alpha_out=0
time_action0=stop,-19.33,-1.35,3.67,0,2.01,0,stand,3.2,true,,,,0,1.00
time_action1=hide,0,0,0,0,1.8,
time_action2=stop,-19.33,-1.35,3.67,0,2.01,0,stand,3,true,,,,0
time_action3=stop,-19.33,-1.35,3.67,0,2.01,0,stand,8,true,,,,0,1.00

[fade_section]
time_action0=0,1.0,0
time_action1=15.,1.0,1
time_action2=16,1.0,2

[movie_talk_id]
r0=4,movie_883_1,1,
r1=5,movie_600_8,2,
r2=6,movie_883_2,1,
r3=7,movie_883_3,0,

[scenario_camera]
pathtype=2
angletype=4
modetype=3
time_action0=20,2.2,0,-23.597534,1.279245,6.177902,0.246459,1.964984,0,-15.836182,-0.177975,2.637245,-0.002046,1.918351,0,
time_action1=20,2.8,0,-15.836182,-0.177975,2.637245,-0.002046,1.918351,0,-15.836182,-0.177975,2.637245,-0.002046,1.918351,0,
time_action2=20,2,0,-16.649811,-0.056467,-0.450882,0.148285,5.872257,0,-16.649811,-0.056467,-0.450882,0.148285,5.872257,0,
time_action3=20,3,0,-17.014679,2.054542,-1.376831,0.565527,5.997418,0,-17.014679,2.054542,-1.376831,0.565527,5.997418,0,
time_action4=20,6,1,-18.081116,2.853166,-5.336494,0.218848,6.40975,0,-11.914764,4.31628,45.469,-0.054201,6.485834,0,

[player]
resource=player
movetype=0
pathtype=2
base_angle_y=0.0
enter_time=0.0
alpha_in=0
alpha_out=0
time_action0=stop,-10.77,-1.20,1.59,0.00,-1.24,0.00,stand,0.2,true,,,,0,1.00,
time_action1=moveto,-14.06,-1.39,2.04,grd_0h_walk,2.6,true,,,,0,1.00,0,
time_action2=stop,-14.06,-1.39,2.04,0,-1.31,0,offact284,1,false,,,,0,1.00
time_action3=stop,-14.06,-1.39,2.04,0,-1.31,0,grd_0h_stand,1.2,false,,,,0,1.00
time_action4=stop,-17.57,-1.37,3.03,0,-1.3,0,grd_0h_stand,3,true,,,,0,1.00
time_action5=stop,-17.57,-1.37,3.03,0,-1.3,0,grd_0h_stand,8,true,,,,0,1.00
size_x=100
size_y=100
size_z=100

