[system]
enternpc=FunnpcClone017007[yuezhipeng]@814 7 137
gutname=yuezhipengzhandouqian
taskname=movie_clone017_886.ini
info=
teamtype=0
refertype=2
esc_key=1
music=clone017_imperially
show_all_npc=0
wait_terrain=1
show_head_to_chat=0

[yzp]
resource=npc\fbboss00327_m
movetype=0
pathtype=2
base_angle_y=0.0
enter_time=0
alpha_in=0
alpha_out=0
time_action0=stop,-0.05,-0.01,0.13,0,0.3,0,ty_crouch_loop,21,true,,,,0,1.00
time_action1=stop,-0.05,-0.01,0.13,0,0.3,0,ty_crouch_loop,7,true,,,,0,1.00,
time_action2=stop,-0.05,-0.01,0.13,0,0.3,0,ty_crouch_end,2,true,,,,0,1.00
time_action3=stop,-0.05,-0.01,0.13,0,0.3,0,lst_stand_1,13,true,,,,0,1.00,
time_action4=stop,-0.05,-0.01,0.13,0,-2.9,0,lst_stand_1,0.5,true,,,,0,1.00
time_action5=stop,-0.05,-0.01,0.13,0,-2.9,0,b_stand_5_free01,8,true,,,,0,1.00,
time_action6=stop,-0.05,-0.01,0.13,0,-2.9,0,lsp_fi_stand_1,3.5,true,,,,0,1.00,
size_x=100
size_y=100
size_z=100

[scenario_camera]
pathtype=2
angletype=4
modetype=3
time_action0=20,19,0,-3.902405,13.370022,-15.344345,-0.040691,0.228175,0,-2.548767,0.492278,-10.198669,-0.250131,0.254355,0,
time_action1=20,2,0,-2.548767,0.492278,-10.198669,-0.250131,0.254355,0,-2.548767,0.492278,-10.198669,-0.250131,0.254355,0,
time_action2=20,8,0,0.343994,0.792032,2.445313,0.120894,-2.97451,0,0.343994,0.792032,2.445313,0.120894,-2.97451,0,
time_action3=20,7,0,0.293945,1.543743,2.047821,0.083775,-2.967961,0,0.293945,1.543743,2.047821,0.083775,-2.967961,0,
time_action4=20,1,0,-6.700317,0.032382,-4.529343,-0.046659,2.584369,0,-4.161316,0.224978,-8.615372,0.026645,2.562552,0,
time_action5=20,6,0,-4.161316,0.224978,-8.615372,0.026645,2.562552,0,-4.161316,0.224978,-8.615372,0.026645,2.562552,0,
time_action6=20,12,0,-0.545715,1.797533,-3.058838,0.215342,0.162727,0,-0.545715,1.797533,-3.058838,0.215342,0.162727,0,

[fade_section]
time_action0=0,1.0,0
time_action1=54,1.0,1
time_action2=55,1.0,2
time_action3=56,1.0,0

[movie_talk_id]
r0=1,movie_886_1,2,
r1=5,movie_886_2,2,
r2=9,movie_886_3,2,
r3=13,movie_886_4,2,
r4=17,movie_886_5,2,
r5=21,movie_886_6,2
r6=38,movie_886_7,2,
r7=43,movie_886_8,2,

[player]
resource=player
movetype=0
pathtype=2
base_angle_y=0.0
enter_time=0
alpha_in=0
alpha_out=0
time_action0=stop,-8.6,-3.67,-45.4,0,0.22,0,stand,16,true,,,,0,1.00
time_action1=hide,0,0,0,0,14,
time_action2=stop,-8.6,-3.67,-45.4,0,0.22,0,stand,1.0,true,,,,0,1.00
time_action3=moveto,-2.64,-0.66,-10.97,run,6,true,,,,0,1.00,0,fi_
time_action4=stop,-2.64,-0.66,-10.97,0,0.19,0,stand,18,true,,,,0,1.00,fi_
size_x=100
size_y=100
size_z=100

