[system]
enternpc=FunnpcClone017004[shenhao]@494 71 429
gutname=shiwangdianjiguan
taskname=movie_clone017_895.ini
info=
teamtype=0
refertype=2
esc_key=1
music=clone017_somber
show_all_npc=0
wait_terrain=0
show_head_to_chat=0
recover_camera=0

[player]
resource=player
movetype=0
pathtype=2
base_angle_y=0.0
enter_time=0
alpha_in=0
alpha_out=0
time_action0=stop,2.76,0.32,-15.27,0,0,0,stand,13,true,,,,0,1.00,
size_x=100
size_y=100
size_z=100

[movie_talk_id]
r0=4,movie_895_1,2,

[fade_section]
time_action0=0,1.0,0
time_action1=12,1.0,1
time_action2=13,1.0,2

[scenario_camera]
pathtype=2
angletype=4
modetype=3
time_action1_ctrl1=6.38,2.19,-2.27
time_action1_ctrl2=0.0,0.0,0.0
time_action2_ctrl1=-2.58,2.90,2.45
time_action2_ctrl2=6.16,3.04,3.30
enter_time=0
time_action0=20,9,0,-12.761597,3.39016,-8.778473,0.024436,5.909846,0,6.784119,3.332626,-8.184784,0.052361,6.490168,0,
time_action1=20,4,0,6.784119,3.332626,-8.184784,0.052361,6.490168,0,7.792023,3.153084,-3.427612,0.034908,6.51853,0,

