[system]
enternpc=FunnpcClone017004[shenhao]@511 73 513
gutname=fadongjiguanwanjiabeikun
taskname=movie_clone017_900.ini
info=
teamtype=0
refertype=2
esc_key=1
music=clone017_wilily
hide_weapon=1
show_all_npc=0
wait_terrain=1
show_head_to_chat=0
recover_camera=0

[cg]
resource=npc\fbboss00333_m
movetype=0
pathtype=2
base_angle_y=0.0
enter_time=0
alpha_in=0
alpha_out=0
time_action0=stop,2.39,1.89,-30.45,0,0.03,0,s_stand_6,11,true,,,,0,1.00,
time_action1=stop,2.39,1.89,-30.45,0,-0.03,0,ty_zhamaloop,1.5,true,,,effect_clone005_zuzheng_09|Model::body_01|1.5,0,1.00
time_action2=stop,2.39,1.89,-30.45,0,0.03,0,b_hurtdowning_1,0.5,true,,,effect_dam_xue_4|Model::body_01|0.5,0,1.00
time_action3=stop,2.39,1.89,-30.45,0,0.03,0,b_diedownloop1_1,13.5,true,,,,0,1.00,
size_x=100
size_y=100
size_z=100

[scenario_camera]
pathtype=2
angletype=4
modetype=3
time_action0=20,1,0,1.806885,3.282936,-28.96167,-0.200829,2.967336,0,1.806885,3.282936,-28.96167,-0.200829,2.967336,0,
time_action1=20,7,0,1.806885,3.282936,-28.96167,-0.200829,2.967336,0,1.906982,3.429001,-29.533203,-0.263661,2.928065,0,
time_action2=20,3,0,3.063782,1.006966,-21.480469,0.038547,6.861157,0,3.063782,1.006966,-21.480469,0.038547,6.861157,0,
time_action3=20,5,0,2.443054,9.656227,-26.534973,1.140444,3.143502,0,2.444214,10.928978,-25.950745,1.140444,3.143502,0,
time_action3_vibrate=4,1.0,0.2,6,0
time_action4=20,5,0,1.123779,4.711411,-21.28653,-0.035908,3.012605,0,0.799805,4.639687,-18.803192,-0.014964,3.010423,0,
time_action5=20,5,0,0.75116,5.587677,-28.423828,-0.293752,-1.749934,0,0.75116,5.587677,-28.423828,-0.615888,-3.036021,0,
time_action4_vibrate=5,0.6,0.1,5,0
time_action5_vibrate=5,0.6,0.1,5,0

[fade_section]
time_action0=0,1.0,2
time_action1=1,1.0,0
time_action2=25,1.0,1
time_action3=26,1.0,2

[movie_talk_id]
r0=2,movie_900_1,2,
r1=8,movie_900_2,2,
r2=13,movie_900_3,2,
r3=19,movie_900_4,2,
r4=21,movie_900_5,2,

[player]
resource=player
movetype=0
pathtype=2
base_angle_y=0.0
enter_time=0.0
alpha_in=0
alpha_out=0
time_action0=stop,3.77,-0.13,-20.2,0,-2.94,0,fi_2h_standfree01,11,true,,,,0,1.00,
time_action1=stop,0.55,-0.33,-23.28,0,2.9,0,stand,0.1,true,,,effect_sword_0004|Tpose_handR_01|15|1,0,1.00,
time_action2=moveto,2.65,1.89,-29.03,fi_1h_run,1,true,,,,0,1.00
time_action3=stop,2.65,1.89,-29.03,-0.00,-2.87,0.00,att_2H_34,1,true,,,effect_item_huoxing|Tpose_handL_01|1,0,1.00
time_action4=stop,2.65,1.89,-29.03,0,-2.87,0,fi_2h_standfree01,13,true,,,,0,1.00,
size_x=100
size_y=100
size_z=100

