[system]
enternpc=FunnpcClone017004[shenhao]@577 74 628
gutname=huolaochukou
taskname=movie_clone017_902.ini
info=
teamtype=1
refertype=2
esc_key=1
music=clone017_fear1
hide_weapon=1
show_all_npc=0

[movie_talk_id]
r0=1,movie_902_1,0,

[fade_section]
time_action0=0,1.0,0
time_action1=15,1.0,1
time_action2=16,1.0,2
time_action3=17,1.0,0

[scenario_camera]
pathtype=2
angletype=4
modetype=3
time_action0=20,5,0,2.37207,7.694786,7.722229,0.145218,-7.737799,0,-17.867798,6.311234,6.417847,0.151354,-7.57335,0,
time_action0_vibrate=0,0.2,0.1,5
time_action1=20,7,0,2.380432,3.8312,-6.952393,0.057765,-1.123295,0,14.112244,1.557785,-17.211365,-0.120177,-0.610333,0,
time_action1_vibrate=4,1,0.1,6
time_action2=20,4,0,10.497681,11.550156,-16.247864,0.289551,-0.949025,0,10.497681,11.550156,-16.247864,0.289551,-0.949025,0,

[team_member0]
resource=player
movetype=0
pathtype=2
base_angle_y=0.0
enter_time=0
alpha_in=0
alpha_out=0
time_action0=stop,7.98,0.05,-1.08,0,-1.33,0,stand,16,true,,,,0,1.00

