[system]
enternpc=FunnpcClone017004[shenhao]@430 62 575
gutname=binglaochukou
taskname=movie_clone017_903.ini
info=
teamtype=1
refertype=2
esc_key=1
music=clone017_fear1
hide_weapon=0
show_all_npc=0

[scenario_camera]
pathtype=2
angletype=4
modetype=3
time_action0=66,6,0,-28.944519,3.089005,-13.245483,-39.914642,7.661064,-20.688965,2,0,0.7,1,-39.811615,7.951569,-20.294495
time_action2_vibrate=1,1.0,1.0,2.0
time_action1=20,5,0,-56.533752,15.129044,7.220032,0.255821,2.7497,0,-50.597565,13.506546,-6.914673,0.289569,2.504265,0,
time_action2=20,4,0,-25.85379,-5.299408,-6.830566,-0.575749,-2.217887,0,-25.85379,-5.299408,-6.830566,-0.575749,-2.217887,0,

[team_member0]
resource=player
movetype=0
pathtype=2
base_angle_y=0.0
enter_time=0
alpha_in=0
alpha_out=0
time_action0=stop,0.99,1.19,5.55,0,-2.73,0,stand,15,true,,,,0,1.00

[movie_talk_id]
r0=1,movie_903_1,0,

[fade_section]
time_action0=0,1.0,0
time_action1=14,1.0,1
time_action2=15,1.0,2
time_action3=16,1.0,0

