[system]
esc_key=1
enternpc=
gutname=movie_9682
taskname=movie_9682.ini
info=
teamtype=0
refertype=2
show_all_npc=0
wait_terrain=1
show_head_to_chat=0
recover_camera=1
hide_weapon=1

[scenario_camera]
pathtype=2
angletype=4
modetype=3
is_offset_angle=0
offset_angle_y=0.0
enter_time=0
time_action0=20,3,0,2031.73,226.98,-1124.52,0.37,5.93,0.00,2024.43,218.75,-1106.67,0.41,5.89,0.00,
time_action1=20,3,0,2024.430054,218.75,-1106.670044,0.41,5.89,0,2024.430054,218.75,-1106.670044,0.41,5.89,0,
time_action2=20,3,0,2019.49,216.37,-1104.04,0.25,5.87,0.00,2019.49,216.37,-1104.04,0.25,5.87,0.00,
time_action3=20,3,0,2024.75,216.29,-1102.28,0.18,6.00,0.00,2024.75,216.29,-1102.28,0.18,6.00,0.00,
time_action4=20,3,0,2021.29,216.01,-1103.07,-0.06,6.24,0.00,2021.29,216.01,-1103.07,-0.06,6.24,0.00,

[player]
resource=player
movetype=0
pathtype=2
base_angle_y=0.0
enter_time=0
alpha_in=0
alpha_out=0
size_x=100
size_y=100
size_z=100
show_name=0
name=
time_action0=stop,2035.83,214.62,-1138.51,0,-1.39,0,stand,15,true,,,,0,1.00,

[fade_section]
time_action0=0,1.0,0
time_action1=14,1.0,1

[huafeibai]
resource=npc\worldnpc1430
movetype=0
pathtype=2
base_angle_y=0.0
enter_time=0
alpha_in=0
alpha_out=0
show_name=0
name=
size_x=100
size_y=100
size_z=100
time_action0=stop,2021.12,214.8,-1101.85,0,2.52,0,stand,15,true,,,,0,1.00,

[shiyue]
resource=npc\worldnpc1431
movetype=0
pathtype=2
base_angle_y=0.0
enter_time=0
alpha_in=0
alpha_out=0
show_name=0
name=
size_x=100
size_y=100
size_z=100
time_action0=stop,2022.83,214.8,-1099.8,0,2.81,0,stand,15,true,,,,0,1.00,

[shuili]
resource=npc\worldnpc1442
movetype=0
pathtype=2
base_angle_y=0.0
enter_time=0
alpha_in=0
alpha_out=0
show_name=0
name=
size_x=100
size_y=100
size_z=100
time_action0=stop,2023.94,214.8,-1099.28,0,2.8,0,stand,15,true,,,,0,1.00,

[fengxi]
resource=npc\worldnpc1440
movetype=0
pathtype=2
base_angle_y=0.0
enter_time=0
alpha_in=0
alpha_out=0
show_name=0
name=
size_x=100
size_y=100
size_z=100
time_action0=stop,2025.13,214.8,-1098.67,0,2.88,0,stand,15,true,,,,0,1.00,

[zichen]
resource=npc\worldnpc1439
movetype=0
pathtype=2
base_angle_y=0.0
enter_time=0
alpha_in=0
alpha_out=0
show_name=0
name=
size_x=100
size_y=100
size_z=100
time_action0=stop,2019.64,214.8,-1101.34,0,2.71,0,stand,15,true,,,,0,1.00,

[wushu]
resource=npc\worldnpc1435
movetype=0
pathtype=2
base_angle_y=0.0
enter_time=0
alpha_in=0
alpha_out=0
show_name=0
name=
size_x=100
size_y=100
size_z=100
time_action0=stop,2018.58,214.8,-1101.84,0,2.65,0,stand,15,true,,,,0,1.00,

[tianxue]
resource=npc\worldnpc1434
movetype=0
pathtype=2
base_angle_y=0.0
enter_time=0
alpha_in=0
alpha_out=0
show_name=0
name=
size_x=100
size_y=100
size_z=100
time_action0=stop,2017.59,214.8,-1102.36,0,2.65,0,stand,15,true,,,,0,1.00,

[shuimu]
resource=npc\worldnpc1429
movetype=0
pathtype=2
base_angle_y=0.0
enter_time=0
alpha_in=0
alpha_out=0
show_name=0
name=
size_x=100
size_y=100
size_z=100
time_action0=stop,2022.35,214.8,-1102.34,0,2.81,0,stand,15,true,,,,0,1.00,

[movie_talk_id]
r0=1,movie_9682_1,2,
r1=6,movie_9682_2,2,
r2=9,movie_9682_3,2,
r3=12,movie_9682_4,2,

