[system]
esc_key=1
enternpc=
gutname=movie_9684
taskname=movie_9684.ini
info=
teamtype=0
refertype=2
show_all_npc=0
wait_terrain=1
show_head_to_chat=0
recover_camera=1
hide_weapon=1

[scenario_camera]
pathtype=2
angletype=4
modetype=3
is_offset_angle=0
offset_angle_y=0.0
enter_time=0
time_action0=20,5,0,2024.40,217.44,-1106.42,0.22,5.85,0.00,2024.40,217.44,-1106.42,0.22,5.85,0.00,
time_action1=20,2,0,2024.400024,217.440002,-1106.420044,0.22,5.85,0,2021.85,216.27,-1103.02,0.12,5.83,0.00,
time_action2=20,3,0,2021.849976,216.270004,-1103.02002,0.12,5.83,0,2021.849976,216.270004,-1103.02002,0.12,5.83,0,
time_action3=20,5,0,2021.849976,216.270004,-1103.02002,0.12,5.83,0,2028.28,216.66,-1115.82,0.26,5.86,0.00,

[player]
resource=player
movetype=0
pathtype=2
base_angle_y=0.0
enter_time=0
alpha_in=0
alpha_out=0
size_x=100
size_y=100
size_z=100
show_name=0
name=
time_action0=stop,2035.83,214.62,-1138.51,0,-1.39,0,stand,15,true,,,,0,1.00,

[fade_section]
time_action0=0,1.0,0
time_action1=14,1.0,1

[huafeibai]
resource=npc\worldnpc1430
movetype=0
pathtype=2
base_angle_y=0.0
enter_time=0
alpha_in=0
alpha_out=0
show_name=0
name=
size_x=100
size_y=100
size_z=100
time_action0=stop,2021.12,214.8,-1101.85,0,2.52,0,stand,10,true,,,,0,1.00,
time_action1=moveto,2026.35,214.69,-1112.05,walk,5,true,,,,1,1.00,0,,0,0,0,0

[shiyue]
resource=npc\worldnpc1431
movetype=0
pathtype=2
base_angle_y=0.0
enter_time=0
alpha_in=0
alpha_out=0
show_name=0
name=
size_x=100
size_y=100
size_z=100
time_action0=stop,2022.83,214.8,-1099.8,0,2.81,0,stand,15,true,,,,0,1.00,

[shuili]
resource=npc\worldnpc1442
movetype=0
pathtype=2
base_angle_y=0.0
enter_time=0
alpha_in=0
alpha_out=0
show_name=0
name=
size_x=100
size_y=100
size_z=100
time_action0=stop,2023.94,214.8,-1099.28,0,2.8,0,stand,15,true,,,,0,1.00,

[fengxi]
resource=npc\worldnpc1440
movetype=0
pathtype=2
base_angle_y=0.0
enter_time=0
alpha_in=0
alpha_out=0
show_name=0
name=
size_x=100
size_y=100
size_z=100
time_action0=stop,2025.13,214.8,-1098.67,0,2.88,0,stand,15,true,,,,0,1.00,

[zichen]
resource=npc\worldnpc1439
movetype=0
pathtype=2
base_angle_y=0.0
enter_time=0
alpha_in=0
alpha_out=0
show_name=0
name=
size_x=100
size_y=100
size_z=100
time_action0=stop,2019.64,214.8,-1101.34,0,2.71,0,stand,15,true,,,,0,1.00,

[wushu]
resource=npc\worldnpc1435
movetype=0
pathtype=2
base_angle_y=0.0
enter_time=0
alpha_in=0
alpha_out=0
show_name=0
name=
size_x=100
size_y=100
size_z=100
time_action0=stop,2018.58,214.8,-1101.84,0,2.65,0,stand,15,true,,,,0,1.00,

[tianxue]
resource=npc\worldnpc1434
movetype=0
pathtype=2
base_angle_y=0.0
enter_time=0
alpha_in=0
alpha_out=0
show_name=0
name=
size_x=100
size_y=100
size_z=100
time_action0=stop,2017.59,214.8,-1102.36,0,2.65,0,stand,15,true,,,,0,1.00,

[shuimu]
resource=npc\worldnpc1429
movetype=0
pathtype=2
base_angle_y=0.0
enter_time=0
alpha_in=0
alpha_out=0
show_name=0
name=
size_x=100
size_y=100
size_z=100
time_action0=stop,2022.35,214.8,-1102.34,0,2.81,0,stand,15,true,,,,0,1.00,

[movie_talk_id]
r0=1,movie_9684_1,2,
r1=5,movie_9684_2,2,
r2=10,movie_9684_3,2,

