[system]
enternpc=
gutname=movie_9685
taskname=movie_9685.inn
info=
teamtype=0
refertype=2
show_all_npc=0
wait_terrain=1
show_head_to_chat=0
recover_camera=1
esc_key=1
hide_weapon=0

[shiyue]
resource=npc\worldnpc1431
movetype=0
pathtype=2
base_angle_y=0.0
enter_time=0
alpha_in=0
alpha_out=0
show_name=0
name=
size_x=100
size_y=100
size_z=100
time_action0=stop,6162.68,156.14,458.16,0,-1.77,0,stand,22,true,,,,0,1.00,
time_action1=moveto,6170.23,156.10,457.46,walk,5,true,,,,0,1.00,0,,0,-0.00,2.04,0.00

[shuimu]
resource=npc\worldnpc1429
movetype=0
pathtype=2
base_angle_y=0.0
enter_time=0
alpha_in=0
alpha_out=0
show_name=0
name=
size_x=100
size_y=100
size_z=100
time_action0=stop,6160.79,157.85,454.34,0,0.04,0,stand,2,true,,,,0,1.00,
time_action1=stop,6160.79,157.85,454.34,0,0.04,0,ty_kv4_3,10,false,,,,0,1.00,
time_action2=stop,6161.00,156.18,463.57,-0.00,0.02,0.00,stand,2,true,,,,0,1.00,
time_action3=moveto,6160.89,154.65,470.42,walk,4,true,,,,1,1.00,0,,0,0,0,0

[player]
resource=player
movetype=0
pathtype=2
base_angle_y=0.0
enter_time=0
alpha_in=0
alpha_out=0
size_x=100
size_y=100
size_z=100
show_name=0
name=
time_action0=stop,6160.85,156.14,458.43,-0.00,-3.14,0.00,stand,5,true,,,,0,1.00,
time_action1=moveto,6160.94,156.23,457.26,walk,1.0,true,,,,0,1.00,1,,0,0,0,0
time_action2=moveto,6160.94,156.23,457.26,interact332,3,true,,,,0,1.00,1,,0,0,0,0
time_action3=stop,6161.14,156.14,457.67,0,1.29,0,stand,18,true,,,,0,1.00,

[fade_section]
time_action0=0,1.0,0
time_action1=26,1.0,1

[movie_talk_id]
r0=1,movie_9685_1,2,
r1=10,movie_9685_2,2,
r2=14,movie_9685_3,2,
r3=18,movie_9685_4,2,
r4=22,movie_9685_5,2,

[scenario_camera]
pathtype=2
angletype=4
modetype=3
time_action0=20,8,0,6160.87,163.34,466.95,0.54,3.16,0.00,6160.87,163.34,466.95,0.54,3.16,0.00,
is_offset_angle=0
offset_angle_y=0.0
time_action1=20,2,0,6161.30,157.17,457.41,0.66,-3.13,-0.00,6161.30,156.93,457.10,0.67,3.17,0.00,
time_action2=20,4,0,6161.299805,156.929993,457.100006,0.67,3.17,0,6161.299805,156.929993,457.100006,0.67,3.17,0,
time_action3=20,4,0,6164.15,161.13,457.85,0.48,6.06,0.00,6164.15,161.13,457.85,0.48,6.06,0.00,
time_action4=20,4,0,6159.97,159.93,461.56,0.58,2.82,0.00,6159.97,159.93,461.56,0.58,2.82,0.00,
time_action5=20,5,0,6157.44,161.62,461.10,0.56,1.96,0.00,6157.44,161.62,461.10,0.56,1.96,0.00,

[xin]
resource=npc\itemnpc542
movetype=0
pathtype=2
base_angle_y=0.0
enter_time=0
alpha_in=0
alpha_out=0
show_name=0
name=
size_x=100
size_y=100
size_z=100
time_action0=stop,6161.31,156.52,456.66,0,-3.14,0,stand,27,true,,,,0,1.00,

