[gonglanlan]
resource=npc\monster695
movetype=0
pathtype=2
base_angle_y=0.0
enter_time=0
alpha_in=0
alpha_out=0
show_name=0
name=
size_x=100
size_y=100
size_z=100
time_action0=stop,6.81,6.43,445.8,0,3.12,0,stand,0.1,true,,,,0,1.00,
time_action1=moveto,6.81,6.43,420.09,stand,6,true,,,,1,1.00,0,,0,0,3.12,0
time_action2=stop,6.81,6.43,420.09,0,3.12,0,ty_stand_01,2.9,true,,,,1,1.00,
time_action3=stop,6.81,6.43,420.09,0,3.12,0,ty_kv1_3,2.1,true,,,,1,1.00,
time_action4=stop,6.81,6.43,420.09,0,3.12,0,ty_stand_01,3,true,,,,1,1.00,

[scenario_camera]
pathtype=2
angletype=4
modetype=3
time_action0=20,6.1,0,7.42,8.23,431.01,0.04,6.36,0.00,7.05,8.72,409.34,0.15,6.26,0.00,
is_offset_angle=0
offset_angle_y=0.0
time_action1=20,2,0,7.05,8.72,409.339996,0.15,6.26,0,7.05,8.72,409.339996,0.15,6.26,0,
time_action2=20,6,0,2.70,8.64,417.80,0.29,7.62,0.00,2.70,8.64,417.80,0.29,7.62,0.00,

[player]
resource=player
movetype=0
pathtype=2
base_angle_y=0.0
enter_time=0
alpha_in=0
alpha_out=0
size_x=100
size_y=100
size_z=100
show_name=0
name=
time_action0=stop,6.81,6.33,443.92,0,-2.89,0,stand,0.1,true,,,,0,1.00,
time_action1=moveto,6.81,6.33,417.84,stand,6,true,,,,1,1.00,0,,0,-0.00,-2.89,0.00
time_action2=stop,6.81,6.33,417.84,0,-2.89,0,stand,2,true,,,,1,1.00,
time_action3=stop,6.81,6.33,417.84,0,0.45,0,walk,0.5,true,,,,1,1.00,
time_action4=stop,6.81,6.33,417.84,0,0.45,0,stand,4.4,true,,,,1,1.00,
time_action5=stop,6.81,6.33,417.84,0,0.45,0,interact288,1.1,true,,,,1,1.00,

[fade_section]
time_action0=0,1.0,0
time_action1=13.6,1.0,1

[movie_talk_id]
r0=9,movie_9557_1,2,
r1=13,movie_9557_2,2,

[system]
enternpc=
gutname=shenshuigongdiany_1
taskname=shenshuigongdiany_1.ini
info=
teamtype=0
refertype=2
show_all_npc=0
wait_terrain=1
show_head_to_chat=0
recover_camera=1

[chuan]
resource=npc\boat02
movetype=0
pathtype=2
base_angle_y=0.0
enter_time=0
alpha_in=0
alpha_out=0
show_name=0
name=
size_x=100
size_y=100
size_z=100
time_action0=stop,6.81,6.14,443.92,0,3.14,0,stand,0.1,true,,,,0,1.00,
time_action1=moveto,6.81,6.14,418.08,run,6,true,,,,1,1.00,0,,0,0,0,0
time_action2=stop,6.81,6.14,418.08,0,3.14,0,stand,8,true,,,,1,1.00,

