[system]
enternpc=
gutname=shenshuigongdiany_pt
taskname=shenshuigongdiany_pt.ini
info=
teamtype=0
refertype=2
show_all_npc=0
wait_terrain=1
show_head_to_chat=0
recover_camera=1
hide_weapon=1
esc_key=0

[shuiji]
resource=npc\boss125
movetype=0
pathtype=2
base_angle_y=0.0
enter_time=0
alpha_in=0
alpha_out=0
show_name=0
name=
size_x=100
size_y=100
size_z=100
time_action0=stop,-8.39,8.74,206.44,0,0.54,0,ty_talk6,6,true,,,,0,1.00,
time_action1=stop,-8.39,8.74,206.44,0,0.54,0,h_stand_2,5,true,,,,0,1.00,

[scenario_camera]
pathtype=2
angletype=4
modetype=3
time_action0=20,10.5,0,-3.99,11.01,205.60,0.29,5.21,0.00,-3.99,11.01,205.60,0.29,5.21,0.00,
is_offset_angle=0
offset_angle_y=0.0
time_action1=20,1.5,0,-3.99,11.01,205.600006,0.29,5.21,0,-3.99,11.01,205.60,0.16,6.54,0.00,
time_action2=20,3.5,0,-3.99,11.01,205.600006,0.16,6.54,0,-3.99,11.01,205.600006,0.16,6.54,0,

[player]
resource=player
movetype=0
pathtype=2
base_angle_y=0.0
enter_time=0
alpha_in=0
alpha_out=0
size_x=100
size_y=100
size_z=100
show_name=0
name=
time_action0=stop,-7.46,8.74,208.06,0,-2.58,0,stand,6,true,,,,0,1.00,
time_action1=stop,-7.46,8.74,208.06,0,-2.58,0,interact326,4,true,,,,0,1.00,
time_action2=stop,-7.46,8.74,208.06,0,1.07,0,walk,0.5,true,,,,0,1.00,
time_action3=moveto,-1.78,8.71,218.03,walk,5,true,,,,0,1.00,0,,0,-0.00,0.31,0.00

[fade_section]
time_action0=0,1.0,0
time_action1=14.5,1.0,1

[movie_talk_id]
r0=1,movie_9604_1,2,
r1=6,movie_9604_2,2,
r2=10,movie_9604_3,2,

