[system]
enternpc=
gutname=yxc_heshang
taskname=yxc_heshang.ini
info=
teamtype=0
refertype=0
show_all_npc=0
wait_terrain=1
show_head_to_chat=0
recover_camera=1
esc_key=0
hide_weapon=1

[scenario_camera]
pathtype=2
angletype=4
modetype=3
time_action0=20,2,0,2408.81,143.99,-1097.07,0.51,6.18,0.00,2408.81,143.99,-1097.07,0.51,6.18,0.00,
is_offset_angle=0
offset_angle_y=0.0
time_action1=20,2,0,2409.38,144.93,-1090.23,0.55,3.19,0.00,2428.36,161.65,-1090.79,0.89,4.01,0.00,
time_action2=20,4,0,2413.21,139.84,-1101.97,0.46,-2.96,0.00,2406.57,138.34,-1101.42,0.42,-2.83,0.00,
time_action3=20,2,0,2407.909912,140.369995,-1100.160034,-0.18,-6.24,0,2407.91,140.37,-1100.16,-0.18,-6.24,0.00,

[player]
resource=player
movetype=0
pathtype=2
base_angle_y=0.0
enter_time=0
alpha_in=0
alpha_out=0
size_x=100
size_y=100
size_z=100
show_name=0
name=
time_action0=stop,2413.12,134.41,-1112.65,-0.00,0.01,0.00,stand,10,true,,,,0,1.00,

[fade_section]
time_action0=0,1.0,0
time_action1=9,1.0,1

[heshang]
resource=npc\worldnpc472
movetype=0
pathtype=2
base_angle_y=0.0
enter_time=0
alpha_in=0
alpha_out=0
show_name=0
name=
size_x=100
size_y=100
size_z=100
time_action0=stop,2408.41,140.59,-1092.4,0,-3.06,0,ty_talk,10,true,,,,0,1.00,

[dizi1]
resource=npc\worldnpc1440
movetype=0
pathtype=2
base_angle_y=0.0
enter_time=0
alpha_in=0
alpha_out=0
show_name=0
name=
size_x=100
size_y=100
size_z=100
time_action0=stop,2411.79,134.41,-1112.63,-0.00,0.02,0.00,stand,10,true,,,,0,1.00,

[dizi2]
resource=npc\worldnpc1440
movetype=0
pathtype=2
base_angle_y=0.0
enter_time=0
alpha_in=0
alpha_out=0
show_name=0
name=
size_x=100
size_y=100
size_z=100
time_action0=stop,2404.21,134.41,-1111.37,-0.00,0.13,0.00,stand,10.0,true,,,,0,1.00,

[dizi3]
resource=npc\worldnpc1440
movetype=0
pathtype=2
base_angle_y=0.0
enter_time=0
alpha_in=0
alpha_out=0
show_name=0
name=
size_x=100
size_y=100
size_z=100
time_action0=stop,2402.84,134.41,-1111.16,-0.00,0.23,0.00,stand,10.0,true,,,,0,1.00,

[dizi4]
resource=npc\worldnpc1440
movetype=0
pathtype=2
base_angle_y=0.0
enter_time=0
alpha_in=0
alpha_out=0
show_name=0
name=
size_x=100
size_y=100
size_z=100
time_action0=stop,2403.98,134.41,-1109.68,-0.00,0.23,0.00,stand,10.0,true,,,,0,1.00,

[movie_talk_id]
r0=0,movie_9687_1,2,

