[system]
esc_key=1
hide_weapon=1
enternpc=dhnpcCity015020[hewt]@774 124 185
gutname=shaolinbiwu
taskname=movie_qyschool08_5951.ini
info=
teamtype=0
refertype=2
show_all_npc=0
wait_terrain=1

[D1]
resource=npc\monster155
movetype=0
pathtype=2
base_angle_y=0.0
enter_time=0
alpha_in=0
alpha_out=0
time_action0=stop,3.79,0.49,-10.74,0,-1.81,0,ty_dazuoloop,28,true,,,,0,1.00,

[D2]
resource=npc\monster155
movetype=0
pathtype=2
base_angle_y=0.0
enter_time=0
alpha_in=0
alpha_out=0
time_action0=stop,3.12,0.48,-7.52,0,-1.76,0,ty_dazuoloop,28,true,,,,0,1.00,

[D3]
resource=npc\monster155
movetype=0
pathtype=2
base_angle_y=0.0
enter_time=0
alpha_in=0
alpha_out=0
time_action0=stop,1.72,0.48,-3.47,0,-1.77,0,ty_dazuoloop,28,true,,,,0,1.00,

[D4]
resource=npc\monster155
movetype=0
pathtype=2
base_angle_y=0.0
enter_time=0
alpha_in=0
alpha_out=0
time_action0=stop,0.28,0.47,3.25,0,-1.8,0,ty_dazuoloop,28,true,,,,0,1.00,

[5]
resource=npc\monster155
movetype=0
pathtype=2
base_angle_y=0.0
enter_time=0
alpha_in=0
alpha_out=0
time_action0=stop,-0.51,0.47,7.17,0,-1.8,0,ty_dazuoloop,28,true,,,,0,1.00,

[D6]
resource=npc\monster155
movetype=0
pathtype=2
base_angle_y=0.0
enter_time=0
alpha_in=0
alpha_out=0
time_action0=stop,-1.46,0.47,11.75,0,-1.78,0,ty_dazuoloop,28,true,,,,0,1.00,

[lechengshangren]
resource=npc\worldnpc151
movetype=0
pathtype=2
base_angle_y=0.0
enter_time=0
alpha_in=0
alpha_out=0
time_action0=stop,-16.9,2.62,-3.68,0,1.4,0,ty_stand,22,true,,,,0,1.00,
time_action1=stop,-16.9,2.62,-3.68,0,1.4,0,ty_talk1,6,true,,,,0,1.00,

[scenario_camera]
pathtype=2
angletype=4
modetype=3
time_action0=20,11,0,60.059937,5.818054,13.171753,0.290694,4.461236,0,55.575134,3.346581,11.990891,0.084745,4.448146,0,
time_action1=20,6,0,-20.185913,4.800491,-5.528336,0.140946,1.231602,0,-20.185913,4.800491,-5.528336,0.270101,1.222875,0,
time_action2=20,2.5,0,8.239929,5.183136,1.237488,0.378311,-1.735458,0,8.239929,5.183136,1.237488,0.245666,-1.746366,0,
time_action3=20,2.5,0,-6.856873,1.848907,-2.435303,-0.104722,6.873386,0,-6.856873,1.848907,-2.435303,-0.104722,6.873386,0,
time_action4=20,2,0,-13.435303,3.097496,-2.877747,-0.171045,4.544016,0,-14.718994,3.321571,-3.064392,-0.171045,4.568015,0,
time_action5=20,4,0,18.975159,13.44664,4.441956,0.457274,4.524378,0,29.120911,18.528534,6.37233,0.457274,4.524378,0,

[player]
resource=player
movetype=0
pathtype=2
base_angle_y=0.0
enter_time=0
alpha_in=0
alpha_out=0
time_action0=stop,46.98,0.63,9.88,0,-1.76,0,stand,0.1,true,,,,0,1.00,
time_action1=moveto,31,2.22,6.77,walk,10.9,true,,,,0,1.00,0,
time_action2=stop,3.54,0.59,0.84,0.00,-1.81,0.00,stand,1.0,true,,,,0,1.00,
time_action3=moveto,-6.09,0.59,-1.27,walk,7,true,,,,0,1.00,0,
time_action4=stop,-6.09,0.59,-1.27,0,-1.8,0,interact042,2,true,,,,0,1.00,
time_action5=stop,-6.09,0.59,-1.27,0,-1.8,0,grd_1h_stand,7,true,,,,0,1.00,

[fade_section]
time_action0=0,1.0,2
time_action1=1,1.0,0
time_action2=10.,1.0,1
time_action3=11.,1.0,2
time_action4=12.,1.0,0
time_action5=27,1.0,1
time_action6=28,1.0,2
time_action7=29,1.0,0

[movie_talk_id]
r0=19,movie_5951_1,2,
r1=22,movie_5951_2,2,

[men1]
resource=npc\fbmac005003
movetype=0
pathtype=2
base_angle_y=0.0
enter_time=0
alpha_in=0
alpha_out=0
time_action0=stop,47.69,0.63,10.06,0,1.35,0,openloop,3,true,,,,0,1.00,
time_action1=stop,47.69,0.63,10.06,0,1.35,0,close,5,true,,,,0,0.60,
time_action2=stop,47.69,0.63,10.06,0,1.35,0,closeloop,20,true,,,,0,1.00,

