[system]
esc_key=1
restore_pos=1
enternpc=16WZHGN5954[caokun]@1250 250
gutname=water
taskname=movie_qyschool08_5956.ini
info=
teamtype=0
refertype=0
show_all_npc=0
wait_terrain=1
hide_weapon=1

[player]
resource=player
movetype=0
pathtype=2
base_angle_y=0.0
enter_time=0
alpha_in=1
alpha_out=1
time_action0=stop,1241.67,107.20,251.42,0,2.949386,0,ng_state_1,15,true,,,,0,1.00,
time_action1=stop,1241.67,107.20,251.42,0,2.949386,0,xl_ng_succeed_01,8,false,,,,0,1.00,
time_action2=stop,1241.67,107.20,251.42,0,2.949386,0,stand,4,true,,,,0,1.00,
time_action3=stop,1241.67,107.20,251.42,0,2.949386,0,interact288,3,true,,,,0,1.00,
time_action4=stop,1241.67,107.20,251.42,0,2.949386,0,stand,1.0,true,,,,0,1.00,

[xiuxingzhe]
resource=npc\fbboss00169
movetype=0
pathtype=2
base_angle_y=0.0
enter_time=0
alpha_in=1
alpha_out=1
time_action0=stop,1242.20,107.24,247.61,0,-0.205,0,ty_dazuoloop,13,true,,,,0,1.00,
time_action1=stop,1242.20,107.24,247.61,0,-0.205,0,1_stand_free01,4,true,,,,0,1.00,
time_action2=stop,1242.20,107.24,247.61,0,-0.205,0,walk,1.0,true,,,,0,1.00,
time_action3=stop,1242.20,107.24,247.61,0,-0.205,0,ty_nod,5,true,,,,0,1.00,
time_action4=stop,1242.20,107.24,247.61,0,-0.205,0,ty_talk,3,true,,,,0,1.00,
time_action5=stop,1242.20,107.24,247.61,0,-0.205,0,ty_nod,5,true,,,,0,1.00,

[fade_section]
time_action0=30,1.0,1
time_action1=31,1.0,2

[movie_talk_id]
r0=0,movie_5113_1,2,;;;
r1=5,movie_5113_2,2,
r2=10,movie_5113_3,2,
r3=15,movie_5113_4,2,
r4=20,movie_5113_5,2,
r5=25,movie_5113_6,2,

[scenario_camera]
pathtype=2
angletype=4
modetype=3
enter_time=0
time_action0=33,8,0,1160.186279,122.513748,245.667465,0.308535,1.564022,0,1228.068481,110.507736,248.063141,0.165418,1.487664,0,player
time_action1=33,10,0,1228.068481,110.507736,248.063141,0.165418,1.487664,0,1244.235352,109.607452,255.352219,0.343442,3.813324,0,player
time_action2=20,2,0,1244.235352,109.607452,255.352219,0.343442,3.813324,0,1243.483398,109.170273,254.371475,0.339951,3.795871,0,
time_action1_ctrl1=1229.931763,110.507736,254.841385
time_action1_ctrl2=1240.774902,110.144745,258.608734
time_action0_ctrl1=1190.370605,116.796173,247.066086
time_action0_ctrl2=1209.560913,112.859848,247.079193
time_action3=17,5,0,1242.448975,108.577904,249.614136,-0.012605,3.161001,0,1242.448975,108.577904,249.614136,-0.012605,3.161001,0,xiuxingzhe
time_action4=17,5,0,1241.746216,109.025383,246.459366,0.1724,6.13897,0,1241.746216,109.025383,246.459366,0.1724,6.13897,0,player

