[system]
enternpc=FunnpcClone013001[AL]@835 105 45
gutname=movie822
taskname=movie_clone015_822.ini
info=
teamtype=0
refertype=2
show_all_npc=0
esc_key=1
hide_weapon=1

[D]
resource=npc\worldnpc142
movetype=0
pathtype=2
base_angle_y=0.0
enter_time=0
alpha_in=0
alpha_out=0
time_action0=stop,-1.34,0.28,0.94,0,9.1,0,stand,9,true,,,,0,1.00

[X]
resource=npc\worldnpc122
movetype=0
pathtype=2
base_angle_y=0.0
enter_time=0
alpha_in=0
alpha_out=0
time_action0=stop,0.73,0.28,-0.16,0,16.8,0,stand,9,true,,,,0,1.00

[DD]
resource=npc\worldnpc164
movetype=0
pathtype=2
base_angle_y=0.0
enter_time=0
alpha_in=0
alpha_out=0
time_action0=stop,-2.51,0.28,0.46,0,26.86,0,ty_clap,9,true,,,,0,1.00

[player]
resource=player
movetype=0
pathtype=2
base_angle_y=0.0
enter_time=0
alpha_in=0
alpha_out=0
time_action0=stop,-4.39,0.24,-10.23,0,31.62,0,stand,5,true,,,,0,1.00
time_action1=stop,-4.39,0.24,-10.23,0,31.62,0,stand,2,true,,,,0,1.00
time_action2=stop,-4.39,0.24,-10.23,0,31.62,0,offact339,2,true,,,,0,1.00
time_action3=stop,-4.39,0.24,-10.23,0,31.62,0,stand,1.0,true,,,,0,1.00

[scenario_camera]
pathtype=2
angletype=4
modetype=3
time_action0=20,1,0,-1.395081,1.272438,-3.643738,0.02301,0.122886,0,-1.395081,1.272438,-3.643738,0.02301,0.122886,0,
time_action1=20,3,0,-1.395081,1.272438,-3.643738,0.02301,0.122886,0,-3.718018,1.43821,-12.756023,0.099804,0.199245,0,
time_action2=20,1,0,-3.718018,1.43821,-12.756023,0.099804,0.199245,0,-3.718018,1.43821,-12.756023,0.099804,0.199245,0,
time_action3=20,2,0,-3.379517,1.315933,-7.941353,0.052358,-2.731703,0,-3.379517,1.315933,-7.941353,0.052358,-2.731703,0,
time_action4=20,3,0,-2.326355,1.62677,-9.714462,0.132646,4.483052,0,-2.326355,1.62677,-9.714462,0.132646,4.483052,0,

[fade_section]
time_action0=0,1.0,0
time_action1=9,1.0,1
time_action2=10,1.0,2
time_action3=11,1.0,0

[movie_talk_id]
r0=4,movie_822_1,0,
r1=6,movie_822_2,1,
r2=8,movie_822_3,1,

