[system]
enternpc=FunnpcClone013001[AL]@258 4 57
gutname=movie824
taskname=movie_clone015_824.ini
info=
teamtype=0
refertype=2
esc_key=1
hide_weapon=0
music=clone015_fengzhongcailian
show_all_npc=0
wait_terrain=1
restore_pos=1

[AL]
resource=npc\fbfunnpc015003
movetype=0
pathtype=2
base_angle_y=0.0
enter_time=0
alpha_in=0
alpha_out=0
time_action0=stop,52.50,-2.96,-82.39,0.00,18.47,0.00,stand,15,true,,,,0,1.00
time_action1=stop,52.5,-2.96,-82.39,0,18.47,0,ty_talk2,8,true,,,,0,1.00
time_action2=stop,52.5,-2.96,-82.39,0,18.47,0,stand,10,true,,,,0,1.00
time_action3=stop,52.50,-2.92,-82.67,0.00,18.47,0.00,ty_countloop_free01,10,true,,,,0,1.00
time_action4=stop,52.5,-2.92,-82.67,0,18.47,0,stand,14,true,,,,0,1.00

[C]
resource=npc\jt_chuan02
movetype=0
pathtype=2
base_angle_y=0.0
enter_time=0
alpha_in=0
alpha_out=0
time_action0=stop,52.19,-3.11,-83.60,0.00,4.39,0.00,stand,15,true,,,,0,1.00
time_action1=stop,52.19,-3.11,-83.6,0,4.39,0,stand,8,true,,,,0,1.00
time_action2=stop,52.19,-3.11,-83.6,0,4.39,0,stand,10,true,,,,0,1.00
time_action3=stop,52.19,-3.11,-83.6,0,4.39,0,stand,10,true,,,,0,1.00
time_action4=stop,52.19,-3.11,-83.6,0,4.39,0,stand,14,true,,,,0,1.00

[scenario_camera]
pathtype=2
angletype=4
modetype=3
time_action0=20,5,0,316.9505,7.98208,-86.721966,0.046533,4.716751,0,207.640289,7.417872,-91.192551,0.011626,4.655664,0,
time_action1=20,2,0,63.215546,1.11569,-40.276922,0.957596,3.416483,0,63.215546,1.11569,-40.276922,0.957596,3.416483,0,
time_action2=20,6,0,63.215546,1.11569,-40.276922,0.957596,3.416483,0,62.925964,1.174314,-40.718603,-0.218756,3.196136,0,
time_action3=20,2,0,62.925964,1.174314,-40.718603,-0.218756,3.196136,0,62.925964,1.174314,-40.718603,-0.218756,3.196136,0,
time_action4=20,7,0,53.519012,0.560766,-75.614227,0.319715,3.342329,0,52.57251,-1.010714,-80.265545,0.326696,3.174341,0,
time_action5=20,1,0,52.57251,-1.010714,-80.265545,0.326696,3.174341,0,52.57251,-1.010714,-80.265545,0.326696,3.174341,0,
time_action6=20,10,0,31.529755,1.394159,-94.793957,0.073304,0.15056,0,-46.957489,1.394159,-82.886866,0.073304,0.15056,0,
time_action7=65,10,0,48.099091,0.655545,-91.587795,52.680847,-2.107118,-81.977404,0.1,0.1,0.5,1,AL
time_action8=20,6,0,-121.798035,-0.756202,-97.390427,-0.111701,3.268152,0,-132.46479,-2.359313,-166.618263,-0.143117,3.222335,0,
time_action9=20,7,2,12.31839,22.03348,-122.859718,0.05585,3.207061,0,11.705475,15.253885,-194.07309,0.00698,3.132882,0,
time_action10=20,1,0,11.705475,15.253885,-194.07309,0.00698,3.132882,0,11.705475,15.253885,-194.07309,0.00698,3.132882,0,

[fade_section]
time_action0=0,1.0,0
time_action1=4,1.0,1
time_action2=5,1.0,2
time_action3=6,1.0,0
time_action4=13,1.0,1
time_action5=14,1.0,2
time_action6=15,1.0,0
time_action7=22,1.0,1
time_action8=23,1.0,0
time_action9=32,1.0,1
time_action10=33,1.0,0
time_action11=42,1.0,1
time_action12=43,1.0,0
time_action13=48,1.0,1
time_action14=49,1.0,0
time_action15=56,1.0,1
time_action16=57,1.0,2
time_action17=58,1.0,0

[screen_section]

