[MainInfo]
FrameTime=0.033333
RulerStart=0.000000
RulerEnd=120.000000
CameraX=3942.931885
CameraY=122.797729
CameraZ=-5793.821289
CameraRX=-0.218167
CameraRY=-1.626429
CameraRZ=0.000000
CaptureAngleX=0.000000
CaptureAngleY=0.000000
CaptureAngleZ=0.000000
CapturePosX=0.000000
CapturePosY=0.000000
CapturePosZ=0.000000
CanBreak=1
ShowPlayer=0
ShowNpc=0
ShowWeapon=0
Player=npc_6

[npc_6]
WorldType=objects
ObjectType=Actor
Name=9ED1F5D6B5D4484BBC4AF88698D6F64C
VisualType=Actor
PositionX=3920.764160
PositionY=117.474495
PositionZ=-5796.560547
AngleX=-0.000000
AngleY=2.119994
AngleZ=0.000000
ScaleX=0.999972
ScaleY=1.000000
ScaleZ=0.999972
VisualConfig=ini\npc\b_banlvxinmo05.ini
Path=npc_6.xml

[camera_1]
WorldType=objects
ObjectType=camera
Name=1DB277CA70E0447187F7BF8A4CA2E0F8
VisualType=CameraWrapper
PositionX=3942.931885
PositionY=122.797729
PositionZ=-5793.821289
AngleX=-0.218167
AngleY=-1.626429
AngleZ=0.000000
ScaleX=1.000000
ScaleY=1.000000
ScaleZ=1.000000
VisualConfig=mdl\camera\camera01\camera.xmod
CameraType=free
Fovx=1.326379
Path=camera_1.xml

[object_hsi]
WorldType=global
ObjectType=ppfilter_hsi
Name=
VisualType=
Path=object_hsi.xml

