[ppfilter]
GammaEnable=false
GradualEnable=false
GradualStart=0.050000
GradualEnd=1.250000
GradualExp=1.000000
GradualColor=255,111,199,232
HSIEnable=true
AdjustBaseColor=255,254,255,249
AdjustBrightness=55.000000
AdjustContrast=5.000000
AdjustSaturation=50.000000
AngleEnable=true
AngleStart=0.400000
AngleEnd=1.000000
AngleExp=0.700000
AngleColor=255,8,8,12

