[pphdr]
BloomEnable=true
MaxBrightness=0.200000
GlowWeight=0.400000
Dither=0.005000
Gamma=1.500000
HDREnable=true
HDRExposure=3.000000
HDRGaussianScale=12.500000
HDRExposureAdd=0.300000

