[system]
enternpc=FunnpcClone017004[SH]@558 27 343
gutname=5027jimiyixinshou
taskname=movie_xinshou03_5027.ini
info=
teamtype=0
refertype=2
show_all_npc=0
wait_terrain=0
hide_weapon=1
esc_key=1

[shifu]
resource=npc\monster459
movetype=0
pathtype=2
base_angle_y=0.0
enter_time=0
alpha_in=0
alpha_out=0
time_action0=stop,0.22,0.86,0.38,0,1.45,0,stand,9,true,,,,0,1.00,

[shixiong]
resource=npc\worldnpc160
movetype=0
pathtype=2
base_angle_y=0.0
enter_time=0
alpha_in=0
alpha_out=0
time_action0=stop,9.72,-0.69,-3.74,0,0.39,0,stand,1.0,true,,,,0,1.00,
time_action1=stop,9.72,-0.69,-3.74,0,0.39,0,ty_wave,3,true,,,,0,1.00,
time_action2=stop,9.72,-0.69,-3.74,0,0.39,0,stand,5,true,,,,0,1.00,

[scenario_camera]
pathtype=2
angletype=4
modetype=3
time_action0=20,1,0,13.374084,1.648071,3.349609,0.320807,4.682731,0,13.374084,1.648071,3.349609,0.320807,4.682731,0,
time_action1=20,2,0,13.374084,1.648071,3.349609,0.320807,4.682731,0,10.42511,0.854759,-1.20755,0.114854,3.421718,0,
time_action2=20,3,0,10.42511,0.854759,-1.20755,0.114854,3.421718,0,10.42511,0.854759,-1.20755,0.114854,3.421718,0,
time_action3=20,3,0,9.995483,0.854759,-5.03241,0.079947,6.29933,0,9.995483,0.854759,-5.03241,0.079947,6.29933,0,

[player]
resource=player
movetype=0
pathtype=2
base_angle_y=0.0
enter_time=0
alpha_in=0
alpha_out=0
time_action0=stop,10.95,-0.68,3.25,0.00,4.66,0.00,stand,4,true,,,,0,1.00,
time_action1=stop,11.04,-0.68,3.28,0.00,3.29,0.00,stand,2,true,,,,0,1.00,
time_action2=stop,10.95,-0.68,3.25,0,3.29,0,interact288,3,true,,,,0,1.00,

[fade_section]
time_action0=8,1.0,1
time_action1=9,1.0,0

[movie_talk_id]
r0=1,movie_5027_1,0,
r1=7,movie_5027_2,1,

[dashixiong]
resource=npc\worldnpc518
movetype=0
pathtype=2
base_angle_y=0.0
enter_time=0
alpha_in=0
alpha_out=0
time_action0=stop,9.78,-0.69,3.26,0,1.51,0,stand,9,true,,,,0,1.00,

