[system]
esc_key=1
restore_pos=0
hide_weapon=1
enternpc=
gutname=tiaoshuikanshu
taskname=movie_jmyshimen.ini
info=
teamtype=0
refertype=0
show_all_npc=1
wait_terrain=1

[player]
resource=player
movetype=0
pathtype=2
base_angle_y=0.0
enter_time=2
alpha_in=0
alpha_out=0
time_action0=moveto,421.38,11.63,492.19,stand,1.0,true,,,,0,1.00,0
time_action1=moveto,444.68,5.72,492.26,fi_5h_run,7,true,,,effect_npcitem017|Tpose_handR_01|7|1,0,1.00,0
time_action2=moveto,481.35,1.34,504.79,stand,1.0,true,,,,0,1.00,0
time_action3=moveto,484.82,0.15,507.82,fi_0h_walk,4,true,,,effect_npcitem017|Tpose_handL_01|10|1,0,1.00,0
time_action4=stop,484.85,0.17,507.67,0,0,0,interact002,3,false,,,,0,1.00
time_action5=stop,617.17,5.42,509.34,0,0,0,interact007,7,true,,,effect_npcitem095|Tpose_handR_01|8|1.0,0,1.00
time_action6=stop,617.17,5.42,509.34,0,0,0,interact132,7,false,,,effect_npcitem095|Tpose_handR_01|7|1,0,1.00
time_action7=moveto,433.58,8.25,489.38,fi_0h_run,1.0,true,,,,0,1.00,1
time_action8=stop,424.02,11.88,500.50,0.00,0.00,0.00,stand,1,true,,,,0,1.00
time_action9=moveto,421.15,12.31,510.4,fi_0h_walk,5,true,,,,0,1.00,0

[scenario_camera]
pathtype=2
angletype=4
modetype=3
enter_time=0
time_action0=20,4,0,418.880066,13.938128,519.343018,-0.008372,5.713617,0,418.880066,13.938128,519.343018,-0.008372,5.713617,0,
time_action1=20,5,0,441.411469,15.716984,479.771881,0.234783,5.541779,0,444.029633,22.234131,480.509735,0.520108,5.591952,0,
time_action2=20,9,0,476.531799,4.562238,509.888489,0.308112,1.689102,0,481.771576,2.266513,516.052979,0.060082,2.771073,0,
time_action3=20,16,0,621.732422,9.417057,511.598022,0.443706,-2.065666,0,622.510071,10.966245,511.15741,0.559857,-1.92386,0,
time_action4=17,5,0,428.681793,12.07257,495.585846,-0.196036,5.47013,0,422.55484,14.511008,505.187134,0.179913,5.878091,0,player

[fade_section]
time_action0=0,2,0
time_action1=17,1.0,1
time_action2=18,2,2
time_action3=20,1.0,0
time_action4=30,2,1
time_action5=32,2,2
time_action6=34,2,0

[movie_talk_id]
r0=0,movie_56_1,2,
r1=4,movie_56_5,2,
r2=5,movie_56_2,2,
r3=10,movie_56_5,2,
r4=12,movie_56_3,2,
r5=14,movie_56_4,2,
r6=17,movie_56_5,2,
r7=22,movie_56_6,2,
r8=27,movie_56_7,2,
r9=32,movie_56_8,2,
r10=36,movie_56_9,2,

[ppdof_section]
time_action0=18,1.0,1,

