[system]
enternpc=YdNpc_place3[xiuxingzhe]@453.014 2.341 42.002
gutname=5023jimingyixinshou
taskname=movie_5023.ini
info=
teamtype=0
refertype=2
show_all_npc=0
wait_terrain=1
hide_weapon=1
esc_key=1
restore_pos=1
music=

[player]
resource=player
movetype=0
pathtype=2
base_angle_y=0.0
enter_time=0
alpha_in=0
alpha_out=0
time_action0=stop,-1.98,-0.71,-5.86,0.00,0.42,0.00,ng_state_1,15,true,,,,0,1.00,
time_action1=stop,-1.98,-0.71,-5.86,0.00,0.42,0.00,xl_ng_succeed_01,8,false,,,,0,1.00,
time_action2=stop,-1.98,-0.71,-5.86,0.00,0.42,0.00,stand,4,true,,,,0,1.00,
time_action3=stop,-1.98,-0.71,-5.86,0.00,0.42,0.00,interact288,3,true,,,,0,1.00,
time_action4=stop,-1.98,-0.71,-5.86,0.00,0.42,0.00,stand,1.0,true,,,,0,1.00,

[scenario_camera]
pathtype=2
angletype=4
modetype=3
enter_time=0
time_action0=33,8,0,-52.498845,9.961619,39.812874,0.553708,2.184103,0,-9.528386,13.255785,-5.133934,1.174172,7.407,0,player
time_action1=33,12,0,-9.528386,13.255785,-5.133934,1.174172,7.407,0,2.483089,10.649111,4.143531,0.981749,9.311606,0,player
time_action2=17,2,0,-0.858525,2.307614,-1.961693,0.730422,6.646164,0,-0.858525,2.307614,-1.961693,0.730422,6.646164,0,xiuxingzhe
time_action1_ctrl1=-8.053471,16.003812,-4.453118
time_action1_ctrl2=-0.58289,12.067888,5.301002
time_action0_ctrl1=-46.709538,8.987668,29.069526
time_action0_ctrl2=-11.097844,17.697784,-5.864861
time_action3=17,5,0,0.84222,1.521766,1.197609,0.348193,3.924258,0,0.84222,1.521766,1.197609,0.348193,3.924258,0,xiuxingzhe
time_action4=17,4,0,0.297725,3.00823,1.151008,0.718641,9.937478,0,0.297725,3.00823,1.151008,0.718641,9.937478,0,player

[fade_section]
time_action0=30,1.0,1
time_action1=31,1.0,2

[movie_talk_id]
r0=0,movie_5113_1,2,;;;
r1=5,movie_5113_2,2,
r2=11,movie_5113_3,2,
r3=16,movie_5113_4,2,
r4=21,movie_5113_5,2,
r5=27,movie_5113_6,2,

[xiuxingzhe]
resource=npc\worldnpc244
movetype=0
pathtype=2
base_angle_y=0.0
enter_time=0
alpha_in=1
alpha_out=1
time_action0=stop,-0.00,-0.00,0.00,0.00,0.45,0.00,ty_dazuoloop,10,true,,,,0,1.00,
time_action1=stop,-0.00,-0.00,0.00,0.00,0.45,0.00,b_situp1_1,3,false,,,,0,1.00,
time_action2=stop,-0.00,-0.00,0.00,0.00,0.45,0.00,stand_turndefult,4,true,,,,0,1.00,
time_action3=stop,-0.00,-0.00,0.00,0.00,3.57,0.00,walk,1.0,true,,,,0,1.00,
time_action4=stop,-0.00,-0.00,0.00,0.00,3.57,0.00,ty_nod,5,true,,,,0,1.00,
time_action5=stop,-0.00,-0.00,0.00,0.00,3.57,0.00,ty_talk,3,true,,,,0,1.00,
time_action6=stop,-0.00,-0.00,0.00,0.00,3.57,0.00,stand_turndefult,5,true,,,,0,1.00,

