[system]
enternpc=
gutname=wcbz_9c_1
taskname=wcbz_9c_1.ini
info=
teamtype=0
refertype=2
show_all_npc=0
wait_terrain=1
show_head_to_chat=0
recover_camera=1
esc_key=1

[yy1]
resource=npc\itemnpc070
movetype=0
pathtype=2
base_angle_y=0.0
enter_time=0
alpha_in=0
alpha_out=0
show_name=0
name=
size_x=100
size_y=100
size_z=100
time_action0=stop,-1068.99,92.69,-68.15,0,1.62,0,stand,17,true,,,,0,1.00,

[yy2]
resource=npc\itemnpc070
movetype=0
pathtype=2
base_angle_y=0.0
enter_time=0
alpha_in=0
alpha_out=0
show_name=0
name=
size_x=100
size_y=100
size_z=100
time_action0=stop,-1007.58,92.69,-67.92,0,0.03,0,stand,17,true,,,,0,1.00,

[yy3]
resource=npc\itemnpc070
movetype=0
pathtype=2
base_angle_y=0.0
enter_time=0
alpha_in=0
alpha_out=0
show_name=0
name=
size_x=100
size_y=100
size_z=100
time_action0=stop,-1006.51,92.69,-129.02,0,3.1,0,stand,17,true,,,,0,1.00,

[yy4]
resource=npc\itemnpc070
movetype=0
pathtype=2
base_angle_y=0.0
enter_time=0
alpha_in=0
alpha_out=0
show_name=0
name=
size_x=100
size_y=100
size_z=100
time_action0=stop,-1066.61,92.69,-130.25,0,-1.52,0,stand,17,true,,,,0,1.00,

[scenario_camera]
pathtype=2
angletype=4
modetype=3
time_action0=20,2,0,-1199.82,96.97,-117.85,-0.17,7.77,0.00,-1199.82,96.97,-117.85,-0.17,7.77,0.00,
is_offset_angle=0
offset_angle_y=0.0
time_action1=20,5,0,-1199.819946,96.970001,-117.849998,-0.17,7.77,0,-1118.79,95.84,-107.88,-0.11,7.82,0.00,
time_action2=20,10,0,-1114.84,101.35,-148.45,-0.19,7.36,0.00,-983.93,103.96,-150.79,-0.08,5.50,0.00,

[player]
resource=player
movetype=0
pathtype=2
base_angle_y=0.0
enter_time=0
alpha_in=0
alpha_out=0
size_x=100
size_y=100
size_z=100
show_name=0
name=
time_action0=stop,-1225.73,90.55,-123.23,0,1.48,0,stand,17,true,,,,0,1.00,

[fade_section]
time_action0=0,1.0,0
time_action1=7,1.0,0
time_action2=16,1.0,1

[movie_talk_id]
r0=1,movie_9866_1,2,
r1=8,movie_9866_2,2,
r2=12,movie_9866_3,2,

