[system]
enternpc=
gutname=wcbz_9c_2
taskname=wcbz_9c_2.ini
info=
teamtype=0
refertype=2
show_all_npc=0
wait_terrain=0
show_head_to_chat=0
recover_camera=0
esc_key=1

[yy1]
resource=npc\itemnpc070
movetype=0
pathtype=2
base_angle_y=0.0
enter_time=0
alpha_in=0
alpha_out=0
show_name=0
name=
size_x=100
size_y=100
size_z=100
time_action0=stop,-1046.1,92.78,-127,0,-1.56,0,stand,3,true,,,,0,1.00,
time_action1=stop,-1047.05,92.78,-99.91,0,-1.56,0,stand,5,true,,,,0,1.00,

[scenario_camera]
pathtype=2
angletype=4
modetype=3
is_offset_angle=0
offset_angle_y=0.0
time_action0_vibrate=0,2.0,0.5,3.0,0
enter_time=0
time_action0=20,3,0,-1138.61,131.62,-70.02,0.21,1.96,0.00,-1138.61,131.62,-70.02,0.21,1.96,0.00,
time_action1=20,5,0,-1057.591919,97.880684,-104.695633,0.351485,1.280161,0,-1057.591919,97.880684,-104.695633,0.351485,1.280161,0,

[player]
resource=player
movetype=0
pathtype=2
base_angle_y=0.0
enter_time=0
alpha_in=0
alpha_out=0
size_x=100
size_y=100
size_z=100
show_name=0
name=
time_action0=stop,-1064.29,92.78,-100.61,-0.00,1.40,0.00,stand,8,true,,,,0,1.00,

[fade_section]
time_action0=0,1.0,0
time_action1=7,1.0,1

[movie_talk_id]
r0=1,movie_9867_1,2,
r1=3,movie_9867_2,2,

