[system]
esc_key=1
enternpc=
gutname=wcbz_bg_1
taskname=wcbz_bg_1.ini
info=
teamtype=0
refertype=2
show_all_npc=0
wait_terrain=1
show_head_to_chat=0
recover_camera=1
hide_weapon=0

[scenario_camera]
pathtype=2
angletype=4
modetype=3
time_action0=20,3,0,128.31,9.48,-30.68,0.18,4.79,0.00,113.99,8.48,-31.53,0.08,4.76,0.00,
is_offset_angle=0
offset_angle_y=0.0
time_action1=20,4,0,115.090813,8.940035,-32.39785,0.173807,4.734181,0,115.090813,8.940035,-32.39785,0.173807,4.734181,0,
time_action2=20,2,0,108.66,12.50,-37.45,0.39,2.15,0.00,108.66,12.50,-37.45,0.39,2.15,0.00,
time_action3=20,2,0,38.57,22.01,-85.09,0.51,5.30,0.00,38.57,22.01,-85.09,0.51,5.30,0.00,
time_action4=20,2,0,-20.79,15.80,-44.61,0.35,3.89,0.00,-20.79,15.80,-44.61,0.35,3.89,0.00,
time_action5=20,2,0,-14.27,2.58,20.67,0.37,3.57,0.00,-14.27,2.58,20.67,0.37,3.57,0.00,
time_action6=20,2,0,-69.55,13.27,60.59,0.85,7.24,0.00,-69.55,13.27,60.59,0.85,7.24,0.00,
time_action7=20,2,0,-114.75,14.06,124.00,0.43,4.25,0.00,-114.75,14.06,124.00,0.43,4.25,0.00,
time_action8=20,2,0,-33.099998,12.79,108.870003,0.35,7.34,0,-33.10,12.79,108.87,0.35,7.34,0.00,
time_action9=20,2,0,3.46,2.97,51.560001,0.45,7.23,0,3.46,2.97,51.56,0.45,7.23,0.00,

[player]
resource=player
movetype=0
pathtype=2
base_angle_y=0.0
enter_time=0
alpha_in=0
alpha_out=0
size_x=100
size_y=100
size_z=100
show_name=0
name=
time_action0=stop,126.23,6.12,-29.87,0.00,-1.59,0.00,stand,2,true,,,,0,1.00,
time_action1=moveto,111.23,5.88,-32.40,run,3,true,,,,0,1.00,0,,0,0.00,-1.54,0.00
time_action2=stop,111.23,5.88,-32.4,0,0,0,stand,18,true,,,,0,1.00,

[fade_section]
time_action0=0,0.5,0
time_action1=22,1.0,1

[movie_talk_id]
r0=0,movie_9856_1,2,
r1=4,movie_9856_2,2,
r2=9,movie_9856_3,2,
r3=15,movie_9856_4,2,

[dd]
resource=npc\itemnpc070
movetype=0
pathtype=2
base_angle_y=0.0
enter_time=0
alpha_in=0
alpha_out=0
show_name=0
name=
size_x=100
size_y=100
size_z=100
time_action0=stop,107.02,5.88,-31.9,0,-1.88,0,stand,23,true,,,,0,1.00,

[dui]
resource=npc\itemnpc057_lengpf030
movetype=0
pathtype=2
base_angle_y=0.0
enter_time=0
alpha_in=0
alpha_out=0
show_name=0
name=
size_x=100
size_y=100
size_z=100
time_action0=stop,13.16,-2.68,59.35,0,-2.87,0,stand,23,true,,,,0,1.00,

[kan]
resource=npc\itemnpc057_lengpf029
movetype=0
pathtype=2
base_angle_y=0.0
enter_time=0
alpha_in=0
alpha_out=0
show_name=0
name=
size_x=100
size_y=100
size_z=100
time_action0=stop,-29.05,10,-54.51,0,0.69,0,stand,23,true,,,,0,1.00,

[zhen]
resource=npc\itemnpc057_lengpf028
movetype=0
pathtype=2
base_angle_y=0.0
enter_time=0
alpha_in=0
alpha_out=0
show_name=0
name=
size_x=100
size_y=100
size_z=100
time_action0=stop,-62,0.64,66.26,0,0.95,0,stand,23,true,,,,0,1.00,

[kun]
resource=npc\itemnpc057_lengpf027
movetype=0
pathtype=2
base_angle_y=0.0
enter_time=0
alpha_in=0
alpha_out=0
show_name=0
name=
size_x=100
size_y=100
size_z=100
time_action0=stop,28.29,15.39,-80.19,0,2.27,0,stand,23,true,,,,0,1.00,

[gen]
resource=npc\itemnpc057_lengpf026
movetype=0
pathtype=2
base_angle_y=0.0
enter_time=0
alpha_in=0
alpha_out=0
show_name=0
name=
size_x=100
size_y=100
size_z=100
time_action0=stop,-18.6,6.22,116.92,0,-2.68,0,stand,23,true,,,,0,1.00,

[li]
resource=npc\itemnpc057_lengpf025
movetype=0
pathtype=2
base_angle_y=0.0
enter_time=0
alpha_in=0
alpha_out=0
show_name=0
name=
size_x=100
size_y=100
size_z=100
time_action0=stop,-19.72,-2.64,10.24,0,0.16,0,stand,23,true,,,,0,1.00,

[xun]
resource=npc\itemnpc057_lengpf024
movetype=0
pathtype=2
base_angle_y=0.0
enter_time=0
alpha_in=0
alpha_out=0
show_name=0
name=
size_x=100
size_y=100
size_z=100
time_action0=stop,-127.63,7.7,117.39,0,1.82,0,stand,23,true,,,,0,1.00,

[qian]
resource=npc\itemnpc057_lengpf023
movetype=0
pathtype=2
base_angle_y=0.0
enter_time=0
alpha_in=0
alpha_out=0
show_name=0
name=
size_x=100
size_y=100
size_z=100
time_action0=stop,120.41,6.59,-43.6,0,-1.48,0,stand,23,true,,,,0,1.00,

