[system]
enternpc=
gutname=wumingdongdiany
taskname=wumingdongdiany.ini
info=
teamtype=0
refertype=2
show_all_npc=0
wait_terrain=1
show_head_to_chat=0
recover_camera=1
hide_weapon=1

[yinmo]
resource=npc\worldnpc360
movetype=0
pathtype=2
base_angle_y=0.0
enter_time=0
alpha_in=0
alpha_out=0
show_name=0
name=
size_x=100
size_y=100
size_z=100
time_action0=stop,545.48,9.8,-29.63,0,-1.85,0,stand,12,true,,,,0,1.00,

[player]
resource=player
movetype=0
pathtype=2
base_angle_y=0.0
enter_time=0
alpha_in=0
alpha_out=0
size_x=100
size_y=100
size_z=100
show_name=0
name=
time_action0=stop,545.68,9.83,-16.06,0,-2.92,0,stand,8,true,,,,0,1.00,
time_action1=moveto,543.64,9.50,-25.10,walk,4,true,,,,0,1.00,0,,0,-0.00,-2.92,0.00

[fade_section]
time_action0=0,1.0,0
time_action1=11,1.0,1

[movie_talk_id]
r0=1,movie_9540_1,2,
r1=6,movie_9540_2,2,

[scenario_camera]
pathtype=2
angletype=4
modetype=3
is_offset_angle=0
offset_angle_y=0.0
enter_time=0
time_action0=20,1,0,545.54,11.18,-16.50,0.02,3.30,0.00,545.54,11.18,-16.50,0.02,3.30,0.00,
time_action1=20,2,0,545.539978,11.18,-16.5,0.02,3.3,0,545.54,11.18,-16.50,-0.03,2.62,0.00,
time_action2=20,2,0,545.539978,11.18,-16.5,-0.028869,2.621502,0,545.54,11.18,-16.50,-0.04,3.66,0.00,
time_action3=20,1,0,545.539978,11.18,-16.5,-0.04,3.66,0,545.54,11.18,-16.50,-0.05,3.37,0.00,
time_action4=20,2,0,545.539978,11.18,-16.5,-0.05,3.37,0,545.539978,11.18,-16.5,-0.05,3.37,0,
time_action5=20,4,0,546.02,12.06,-12.74,0.29,3.31,0.00,544.11,11.03,-22.30,0.05,3.36,0.00,

[xiaolingdang]
resource=npc\worldnpc1124
movetype=0
pathtype=2
base_angle_y=0.0
enter_time=0
alpha_in=0
alpha_out=0
show_name=0
name=
size_x=100
size_y=100
size_z=100
time_action0=stop,539.12,9.41,-30.46,0,1.46,0,stand,12,true,,,,0,1.00,

