[system]
enternpc=
gutname=wumingdongdiany_jieju
taskname=wumingdongdiany_jieju.ini
info=
teamtype=0
refertype=2
show_all_npc=0
wait_terrain=1
show_head_to_chat=0
recover_camera=1
esc_key=1
hide_weapon=0

[men]
resource=npc\fbmac00195
movetype=0
pathtype=2
base_angle_y=0.0
enter_time=25
alpha_in=0
alpha_out=0
show_name=0
name=
size_x=100
size_y=100
size_z=100
time_action0=stop,599.59,-0.29,-84.56,0,1.58,0,close,5,false,,,,0,1.00,

[scenario_camera]
pathtype=2
angletype=4
modetype=3
is_offset_angle=0
offset_angle_y=0.0
enter_time=0
time_action0=20,3,0,593.49,14.91,-81.74,0.64,4.46,0.00,593.49,14.91,-81.74,0.64,4.46,0.00,
time_action1=20,4,0,589.53,12.30,-84.04,-0.08,4.75,0.00,589.53,12.30,-84.04,0.61,4.77,0.00,
time_action2=20,3,0,583.67,12.04,-80.46,0.28,5.32,0.00,592.59,13.64,-86.57,0.43,5.34,0.00,
time_action3=20,11,0,592.590027,13.64,-86.57,0.43,5.34,0,592.590027,13.64,-86.57,0.43,5.34,0,
time_action4=20,9,0,586.41,12.74,-84.01,0.15,7.85,0.00,586.41,12.74,-84.01,0.15,7.85,0.00,

[fade_section]
time_action0=0,1.0,0
time_action1=6.5,0.5,1
time_action2=29,1.0,1

[player]
resource=player
movetype=0
pathtype=2
base_angle_y=0.0
enter_time=0.0
alpha_in=0
alpha_out=0

[movie_talk_id]
r0=3,movie_9600_1,2,
r1=11,movie_9600_2,2,
r2=14,movie_9600_3,2,
r3=17,movie_9600_4,2,
r4=21,movie_9600_5,2,
r5=25,movie_9600_6,2,

[kuileiren]
resource=npc\fbboss00084
movetype=0
pathtype=2
base_angle_y=0.0
enter_time=0
alpha_in=0
alpha_out=0
show_name=0
name=
size_x=100
size_y=100
size_z=100
time_action0=stop,587.52,10.22,-84.02,0,1.65,0,stand,20,true,,,,0,0.02,
time_action1=stop,587.52,10.22,-84.02,0,1.65,0,stand,10,true,,,,0,0.20,

[kuileiren1]
resource=npc\fbboss00083
movetype=0
pathtype=2
base_angle_y=0.0
enter_time=0
alpha_in=0
alpha_out=0
show_name=0
name=
size_x=100
size_y=100
size_z=100
time_action0=stop,586.25,10.2,-74.1,0,-3.06,0,stand,30,true,,,,0,1.00,

[kuileiren2]
resource=npc\fbboss00083
movetype=0
pathtype=2
base_angle_y=0.0
enter_time=0
alpha_in=0
alpha_out=0
show_name=0
name=
size_x=100
size_y=100
size_z=100
time_action0=stop,586.29,10.2,-75.97,0,3.14,0,stand,30,true,,,,0,1.00,

[kuileiren3]
resource=npc\fbboss00083
movetype=0
pathtype=2
base_angle_y=0.0
enter_time=0
alpha_in=0
alpha_out=0
show_name=0
name=
size_x=100
size_y=100
size_z=100
time_action0=stop,584.27,10.2,-73.16,0,3.14,0,stand,30,true,,,,0,1.00,

[kuileiren4]
resource=npc\fbboss00083
movetype=0
pathtype=2
base_angle_y=0.0
enter_time=0
alpha_in=0
alpha_out=0
show_name=0
name=
size_x=100
size_y=100
size_z=100
time_action0=stop,584.28,10.2,-74.53,0,3.14,0,stand,30,true,,,,0,1.00,

[kuileiren5]
resource=npc\fbboss00083
movetype=0
pathtype=2
base_angle_y=0.0
enter_time=0
alpha_in=0
alpha_out=0
show_name=0
name=
size_x=100
size_y=100
size_z=100
time_action0=stop,584.28,10.2,-75.96,0,3.14,0,stand,30,true,,,,0,1.00,

[yinmo]
resource=npc\worldnpc360
movetype=0
pathtype=2
base_angle_y=0.0
enter_time=0
alpha_in=0
alpha_out=0
show_name=0
name=
size_x=100
size_y=100
size_z=100
time_action0=stop,589.49,10.22,-84.17,0,-1.51,0,ty_stand_06,14,true,,,,0,1.00,
time_action1=stop,589.49,10.22,-84.17,0,-1.51,0,ty_talk,6,true,,,,0,1.00,
time_action2=moveto,609.14,10.03,-85.17,walk,10,true,,,,0,1.00,0,,0,-0.00,1.56,0.00

[xiaolingdang]
resource=npc\worldnpc1124
movetype=0
pathtype=2
base_angle_y=0.0
enter_time=7
alpha_in=0
alpha_out=0
show_name=0
name=
size_x=100
size_y=100
size_z=100
time_action0=stop,582.53,10.2,-79.41,0,2.28,0,stand,0.1,true,,,,0,1.00,
time_action1=moveto,588.37,10.22,-83.56,walk,2.9,true,,,,0,1.00,0,,0,-0.00,2.36,0.00
time_action2=stop,588.37,10.22,-83.56,0,2.28,0,stand,1,true,,,,0,1.00,
time_action3=stop,588.37,10.22,-83.56,0,2.28,0,ty_clap,4,true,,,,0,0.70,
time_action4=stop,588.37,10.22,-83.56,0,2.28,0,ty_stand_06,5,true,,,,0,1.00,
time_action5=moveto,609.99,10.03,-83.26,walk,10,true,,,,0,1.00,0,,0,-0.00,1.51,0.00

