[system]
hide_weapon=1
esc_key=0
enternpc=472WAWQG[hewt]@309 7 -157
gutname=472end2juhua
taskname=movie_clone003_472.ini
info=
teamtype=0
refertype=2
show_all_npc=0
wait_terrain=1
show_head_to_chat=0
recover_camera=0

[zhaoziji]
resource=npc\worldnpc999_m
movetype=0
pathtype=2
base_angle_y=0.0
enter_time=0
alpha_in=0
alpha_out=0
size_x=100
size_y=100
size_z=100
time_action0=stop,-0.11,0.11,-0.15,0,1.5,0,h_stand_2,54,true,,,,0,1.00,
show_name=0
name=

[player]
resource=player
movetype=0
pathtype=2
base_angle_y=0.0
enter_time=0
alpha_in=0
alpha_out=0
size_x=100
size_y=100
size_z=100
time_action0=stop,24.57,-0.84,0.66,0,1.57,0,stand,1.0,true,,,,1,1.00,
time_action1=moveto,193.85,-0.84,0.66,logoin_stand_2,50,true,,,,1,1.00,0,,0,0,0,0
time_action2=stop,193.85,-0.84,0.66,0,1.57,0,logoin_stand_2,6,true,,,,1,1.00,
show_name=0
name=

[scenario_camera]
pathtype=2
angletype=4
modetype=3
time_action0=20,4,0,-2.157928,1.774952,-2.00386,0.16021,20.149292,0,-2.157928,1.774952,-2.00386,0.16021,20.149292,0,
time_action1=20,17,0,2.453522,1.421779,-0.102783,-0.00036,17.273865,0,1.327454,1.433977,-0.113205,-0.014323,17.265137,0,
time_action2=20,3,0,-2.157928,1.774952,-2.00386,0.16021,20.149292,0,-2.157928,1.774952,-2.00386,0.16021,20.149292,0,
time_action3=20,10,0,110.661102,-0.537223,-2.698593,-0.104721,5.180907,0,137.986267,-0.13129,-1.458496,-0.103549,-1.232298,0,
time_action4=20,10,0,-2.157928,1.774952,-2.00386,0.16021,20.149292,0,-4.448608,2.159135,-2.640457,0.16021,20.149292,0,
time_action5=20,13,0,-4.448608,2.159135,-2.640457,0.16021,20.149292,0,-4.448608,2.159135,-2.640457,-0.415749,20.352205,0,
is_offset_angle=0
offset_angle_y=0.0

[fade_section]
time_action0=0,1.0,2
time_action1=1,1.0,0
time_action2=23.,1.0,1
time_action3=24.,1.0,0
time_action4=33,1.0,1
time_action5=34,1.0,0
time_action6=52,1.0,1
time_action7=53,4,2

[movie_talk_id]
r0=4,movie_479_1,2,;dub\dub_clone003\movie_479_1.wav;;100
r1=21, ,2,
r2=24,movie_479_2,2,dub\dub_clone003\movie_479_2_nv.wav;dub\dub_clone003\movie_479_2.wav;player;100
r3=34, ,2,

[chuan]
resource=npc\boat02
movetype=0
pathtype=2
base_angle_y=0.0
enter_time=0
alpha_in=0
alpha_out=0
size_x=100
size_y=100
size_z=100
time_action0=stop,21.38,-1.7,0.59,0,1.57,0,stand,1.0,true,,,,1,1.00,
time_action1=moveto,190.66,-1.7,0.59,stand,50,true,,,,1,1.00,0,,0,0,0,0
time_action2=stop,190.66,-1.7,0.59,0,1.57,0,stand,3,true,,,,1,1.00,
show_name=0
name=

[chuanfu]
resource=npc\worldnpc110
movetype=0
pathtype=2
base_angle_y=0.0
enter_time=0
alpha_in=0
alpha_out=0
size_x=100
size_y=100
size_z=100
time_action0=stop,17.97,-0.89,0.68,0,1.57,0,stand,1.0,true,,,,1,1.00,
time_action1=moveto,187.25,-0.89,0.68,ty_boatingloop,50,true,,,,1,1.00,0,,0,0,0,0
time_action2=stop,187.25,-0.89,0.68,0,1.57,0,ty_boatingloop,3,true,,,,1,1.00,
show_name=0
name=

[music_section0]
name=scene04
trigger_time=0
keep_time=36
fade_in_time=1
fade_out_time=1
loop=0
start_time=4.571429

[music_section1]
name=OP
trigger_time=36
keep_time=18
fade_in_time=1
fade_out_time=2
loop=0
start_time=9.300053

