[system]
esc_key=1
enternpc=FunnpcClone007005[cangwudaozhang]@84 28 64
gutname=zhaoziji
taskname=movie_clone003_487.ini
info=
teamtype=1
refertype=2
music=scene05
show_all_npc=0
wait_terrain=0

[zhaoziji]
resource=npc\fbboss003006_m
movetype=0
pathtype=2
base_angle_y=0.0
enter_time=0
alpha_in=0
alpha_out=0
time_action0=stop,10.35,0.52,26.1,0,-1.65,0,hurtdownloop,78,true,,,,0

[team_member0]
resource=player
movetype=0
pathtype=2
base_angle_y=0.0
enter_time=0
alpha_in=0
alpha_out=0
time_action0=stop,10.72,0.52,25.63,0,-0.04,0,interact050,78,true,,,,0

[team_member1]
resource=player
movetype=0
pathtype=2
base_angle_y=0.0
enter_time=0
alpha_in=0
alpha_out=0
time_action0=stop,8.99,0.52,24.86,0,-2.31,0,interact150,78,true,,,,0

[team_member2]
resource=player
movetype=0
pathtype=2
base_angle_y=0.0
enter_time=0
alpha_in=0
alpha_out=0
time_action0=stop,11.52,0.52,24.56,0,-0.32,0,interact304,78,true,,,,0

[scenario_camera]
pathtype=2
angletype=4
modetype=3
time_action0=20,4,0,13.213112,1.719353,28.955994,0.14201,-2.546865,0,13.213112,1.719353,28.955994,0.14201,-2.546865,0,
time_action1=20,2,0,13.213112,1.719353,28.955994,0.14201,-2.546865,0,13.213112,1.719353,28.955994,-0.894962,-2.605768,0,
time_action2=20,8,0,17.931953,133.099197,128.300247,6.135441,-5.080461,0,17.931953,133.099197,128.300247,6.135441,-5.080461,0,
time_action3=20,3,0,11.195259,1.204536,28.009216,0.324816,3.557152,0,11.195259,1.204536,28.009216,0.324816,3.557152,0,
time_action4=20,15,0,19.595329,8.210987,47.097519,0.140738,3.593968,0,-45.376602,0.01202,-81.120472,0.100855,3.596422,0,
time_action5=20,15,0,-66.160896,14.841255,-133.160637,0.223573,10.434302,0,-40.235413,14.841255,-174.395775,0.223573,10.434302,0,
time_action6=20,15,0,-84.874639,-3.878746,-162.965012,0.088583,7.815492,0,37.756897,-12.379334,-157.075081,0.119263,7.808129,0,
time_action7=20,4,0,67.321091,-14.571669,-164.605141,0.0487,7.840027,0,67.321091,-14.571669,-164.605141,0.0487,7.840027,0,
time_action8=20,8,2,33.592659,10.576527,-25.917423,0.085515,5.923167,0,13.924416,6.862461,19.740852,0.705244,5.72191,0,
time_action9=20,4,0,13.924416,6.862461,19.740852,0.705244,5.72191,0,13.924416,6.862461,19.740852,0.705244,5.72191,0,

[fade_section]
time_action0=0,1.0,0
time_action1=5.,0.5,1
time_action2=5.5,1.0,2
time_action3=6.5,0.5,0
time_action4=7.,6.5,3
time_action5=13.5,0.5,1
time_action6=14,0.5,0
time_action7=16.5,0.5,1
time_action8=17,1.0,0
time_action9=30.5,1.0,1
time_action10=31.5,1.0,2
time_action11=32.5,1.0,2
time_action12=45.5,1.0,1
time_action13=46.5,1.0,2
time_action14=47.5,1.0,0
time_action15=60.5,1.0,1
time_action16=61.5,1.0,2
time_action17=62.5,1.0,0
time_action18=77,1.0,1
time_action19=78,1.0,2
time_action20=79,1.0,0

[movie_talk_id]
r0=1.5,movie_487_1,1,
r1=3,movie_487_2,1,
r2=9.5,movie_487_3,1,
r3=10.5,movie_487_4,1,
r4=11.5,movie_487_5,1,
r5=15,movie_487_6,1,
r6=17,movie_487_7,0,
r7=32,movie_487_8,0,
r8=47,movie_487_9,0,
r9=64,movie_487_10,1,
r10=65,movie_487_11,0,
r11=75,movie_487_12,1,
r12=76,movie_487_13,1,
r13=77,movie_487_14,0,

[screen_section]

[nianqinzhaoziji]
resource=npc\fbfunnpc003020
movetype=0
pathtype=2
base_angle_y=0.0
enter_time=0
alpha_in=0
alpha_out=0
time_action0=stop,17.8,-10,23.8,0,0.8633,0,b_run1_1,1,true,,,,1,1.00,
time_action1=stop,21.45,132.94,129.80,0,0.8633,0,h_sitloop1_1,18,true,,,,1,1.00,

[jian]
resource=npc\itemnpc202
movetype=0
pathtype=2
base_angle_y=0.0
enter_time=0
alpha_in=0
alpha_out=0
time_action0=stop,19.48,132.96,129.32,0,-1.3667,0,stand,30,true,,,,1,1.00,