[ppvolumelighting]
ppvolumelightingEnable=false
SunColor=255, 214,153,115
SunRadius=0.000000
SunLevel=4.000000
SunShineRadius=6.000000
SunShineUp=0.100000
SampleBias=0.093000
SampleDistance=1.811800

