[MainInfo]
FrameTime=0.033333
RulerStart=0.000000
RulerEnd=440.000000
CameraX=102.824806
CameraY=135.493698
CameraZ=-156.700409
CameraRX=0.084361
CameraRY=-2.387016
CameraRZ=0.000000
CaptureAngleX=0.000000
CaptureAngleY=0.000000
CaptureAngleZ=0.000000
CapturePosX=0.000000
CapturePosY=0.000000
CapturePosZ=0.000000
CanBreak=0
ShowPlayer=0
ShowNpc=0
ShowWeapon=0
Player=npc_2

[npc_1]
WorldType=objects
ObjectType=Actor
Name=66399139F302431284DC205F31243C3B
VisualType=Actor
PositionX=100.646820
PositionY=134.127625
PositionZ=-161.995468
AngleX=-0.000000
AngleY=0.000000
AngleZ=0.000000
ScaleX=1.000000
ScaleY=1.000000
ScaleZ=1.000000
VisualConfig=ini\npc\boss214.ini
Path=npc_1.xml

[npc_2]
WorldType=objects
ObjectType=Actor
Name=70F4B2A46413416CAA7CFB6820E0D9BD
VisualType=Actor
PositionX=100.038544
PositionY=132.825287
PositionZ=-143.122101
AngleX=-0.000000
AngleY=3.089997
AngleZ=0.000000
ScaleX=0.999909
ScaleY=1.000000
ScaleZ=0.999909
VisualConfig=ini\npc\b_banlvxinmo02.ini
Path=npc_2.xml

[npc_3]
WorldType=objects
ObjectType=Actor
Name=45969F4B6EE84E949ABF5C98CFC24452
VisualType=Actor
PositionX=101.698433
PositionY=132.761688
PositionZ=-142.099014
AngleX=-0.000000
AngleY=2.998200
AngleZ=0.000000
ScaleX=0.999925
ScaleY=1.000000
ScaleZ=0.999925
VisualConfig=ini\npc\b_banlvxinmo03.ini
Path=npc_3.xml

[npc_4]
WorldType=objects
ObjectType=Actor
Name=27B64801E9264DCABCAB4AD11B318A9D
VisualType=Actor
PositionX=98.218002
PositionY=132.761688
PositionZ=-142.287109
AngleX=-0.000000
AngleY=-2.994989
AngleZ=0.000000
ScaleX=0.999956
ScaleY=1.000000
ScaleZ=0.999956
VisualConfig=ini\npc\b_banlvxinmo04.ini
Path=npc_4.xml

[camera_1]
WorldType=objects
ObjectType=camera
Name=200AD7CCA4F8466D92568BAADBC57B0D
VisualType=CameraWrapper
PositionX=112.959068
PositionY=136.887100
PositionZ=-149.432388
AngleX=0.125085
AngleY=-1.734153
AngleZ=-0.000000
ScaleX=1.000000
ScaleY=1.000000
ScaleZ=1.000000
VisualConfig=mdl\camera\camera01\camera.xmod
CameraType=free
Fovx=1.809219
Path=camera_1.xml

[camera_2]
WorldType=objects
ObjectType=camera
Name=E1A289F482364895B7631090C9AFF288
VisualType=CameraWrapper
PositionX=102.824806
PositionY=135.493698
PositionZ=-156.700409
AngleX=0.084361
AngleY=-2.387016
AngleZ=0.000000
ScaleX=0.999999
ScaleY=0.999992
ScaleZ=0.999999
VisualConfig=mdl\camera\camera01\camera.xmod
CameraType=free
Fovx=1.809219
Path=camera_2.xml

[camera_3]
WorldType=objects
ObjectType=camera
Name=1BAAAAD614E841CA909F2AFD4973E553
VisualType=CameraWrapper
PositionX=100.369614
PositionY=134.083710
PositionZ=-150.734650
AngleX=-0.063992
AngleY=-0.317165
AngleZ=0.000000
ScaleX=1.000000
ScaleY=1.000000
ScaleZ=1.000000
VisualConfig=mdl\camera\camera01\camera.xmod
CameraType=free
Fovx=1.809219
Path=camera_3.xml

[camera_4]
WorldType=objects
ObjectType=camera
Name=06E3B8C0A7D74D9CAF6B5072D90288DE
VisualType=CameraWrapper
PositionX=100.949646
PositionY=135.472778
PositionZ=-160.675873
AngleX=-0.066901
AngleY=-2.509733
AngleZ=-0.000000
ScaleX=1.000000
ScaleY=1.000000
ScaleZ=1.000000
VisualConfig=mdl\camera\camera01\camera.xmod
CameraType=free
Fovx=1.809219
Path=camera_4.xml

[custom]
WorldType=global
ObjectType=custom
Name=
VisualType=
Path=custom.xml

[object_hsi]
WorldType=global
ObjectType=ppfilter_hsi
Name=
VisualType=
Path=object_hsi.xml

[clone041]
WorldType=music
ObjectType=Music
Name=4DF90B156B074FF9AD63CBC172C07149
VisualType=Music
MusicConfig=mus\clone041.ogg
MusicType=npc
Path=clone041.xml

