[system]
enternpc=WorldNpc00013[zhanlinvzi]@392 11 788
gutname=meicunzhinan
taskname=movie_qyschool06_5851.ini
info=
teamtype=0
refertype=2
show_all_npc=0
wait_terrain=0
esc_key=1
hide_weapon=1

[gushi]
resource=npc\worldnpc353
movetype=0
pathtype=2
base_angle_y=0.0
enter_time=0
alpha_in=0
alpha_out=0
time_action0=stop,16.13,0.55,0.92,0,-1.39,0,dk_diedownloop1_1,35,true,,,,0,1.00,

[gushi0]
resource=npc\worldnpc353
movetype=0
pathtype=2
base_angle_y=0.0
enter_time=0
alpha_in=0
alpha_out=0
time_action0=stop,14.29,0.52,0.42,0,2.65,0,ds_diedownloop1_1,35,true,,,,0,1.00,

[tanbo]
resource=npc\monster339
movetype=0
pathtype=2
base_angle_y=0.0
enter_time=0
alpha_in=0
alpha_out=0
time_action0=stop,15.52,0.52,2.46,0,-2.87,0,ty_distress,35,true,,,,0,1.00,

[scenario_camera]
pathtype=2
angletype=4
modetype=3
time_action0=20,2,0,-0.804474,2.419022,-1.909912,-0.039399,0.527663,0,2.202698,2.654781,3.260437,-0.019764,0.48103,0,
time_action1=20,1,0,2.202698,2.654781,3.260437,-0.019764,0.48103,0,2.202698,2.654781,3.260437,-0.019764,0.48103,0,
time_action2=20,1,0,2.202698,2.654781,3.260437,-0.019764,0.48103,0,2.202698,2.654781,3.260437,0.007725,1.664036,0,
time_action3=20,4,0,2.202698,2.654781,3.260437,0.007725,1.664036,0,2.202698,2.654781,3.260437,0.007725,1.664036,0,
time_action4=20,3,0,17.64151,4.550224,-2.209778,0.725184,-0.522401,0,17.64151,4.550224,-2.209778,0.725184,-0.522401,0,
time_action5=20,6.9,0,14.470062,1.846807,1.963013,0.040577,1.108391,0,14.470062,1.846807,1.963013,0.040577,1.108391,0,
time_action6=20,3.1,0,13.719574,4.778641,5.219604,0.71733,2.626555,0,13.719574,4.778641,5.219604,0.71733,2.626555,0,
time_action7=20,8,0,14.863434,2.09078,3.411499,0.246091,2.796723,0,18.212494,2.507307,3.912231,0.329867,3.726113,0,
time_action8=20,6,0,16.72934,1.631565,0.950623,-0.02487,-1.103634,0,16.72934,1.631565,0.950623,-0.02487,-1.103634,0,

[player]
resource=player
movetype=0
pathtype=2
base_angle_y=0.0
enter_time=4.8
alpha_in=0
alpha_out=0
time_action0=stop,1.95,0.52,3.25,-0.00,1.69,0.00,stand,0.1,true,,,,0,1.00,
time_action1=moveto,13.80,0.52,1.73,fi_0h_run,1.8,true,,,,0,1.00,0,
time_action2=stop,13.8,0.52,1.73,0,1.69,0,logoin_stand_2,22.2,true,,,,0,1.00,
time_action3=stop,13.8,0.52,1.73,0,1.69,0,offact346,6.1,true,,,,0,1.00,

[fade_section]
time_action0=0,1.0,0
time_action1=34,1.0,1
time_action2=35,1.0,2

[movie_talk_id]
r0=6,movie_5851_1,2,
r1=11,movie_5851_2,2,
r2=18,movie_5851_3,2,
r3=21,movie_5851_4,2,
r4=29,movie_5851_5,2,

[cunmin]
resource=npc\worldnpc131
movetype=0
pathtype=2
base_angle_y=0.0
enter_time=0
alpha_in=0
alpha_out=0
time_action0=stop,17.56,0.52,2.47,0,-2.21,0,ty_cry,35,true,,,,0,1.00,

[cunmin1]
resource=npc\worldnpc135
movetype=0
pathtype=2
base_angle_y=0.0
enter_time=0
alpha_in=0
alpha_out=0
time_action0=stop,17.93,0.52,0.41,0,-1.66,0,ty_cry2,35,true,,,,0,1.00,

