[system]
esc_key=0
hide_weapon=1
enternpc=WorldNpc00013[zhanlinvzi]@648 24 638
gutname=5855lvwen
taskname=movie_qyschool06_5855.ini
info=
scene_param=
teamtype=0
refertype=2
show_all_npc=0
wait_terrain=1

[lvwen]
resource=npc\worldnpc211
movetype=0
pathtype=2
base_angle_y=0.0
enter_time=0
alpha_in=0
alpha_out=0
time_action0=stop,-2.24,0.57,-0.93,0,0,0,stand,12,true,,,,0,1.00,

[scenario_camera]
pathtype=2
angletype=4
modetype=3
time_action0=20,7,2,15.61554,7.536369,12.001587,0.229814,-1.448566,0,11.607971,-0.158186,12.230164,-0.014532,-1.533651,0,
time_action1=20,2,0,0.754211,0.127899,9.559509,-0.010222,5.474518,0,0.754211,0.127899,9.559509,-0.010222,5.474518,0,
time_action2=20,0.5,0,0.754211,0.127899,9.559509,-0.010222,5.474518,0,0.754211,0.127899,9.559509,-0.153339,3.519747,0,
time_action3=20,1.5,2,0.754211,0.127899,9.559509,-0.153339,3.519747,0,-1.518677,1.844624,1.40332,0.003741,3.476114,0,
time_action4=20,1,0,-1.518677,1.844624,1.40332,0.003741,3.476114,0,-1.518677,1.844624,1.40332,0.003741,3.476114,0,

[fade_section]
time_action0=0,1.0,0
time_action1=11.,1.0,1
time_action2=12.,1.0,0

[player]
resource=player
movetype=0
pathtype=2
base_angle_y=0.0
enter_time=0
alpha_in=0
alpha_out=0
time_action0=stop,-13.29,-0.97,12.08,-0.00,1.59,0.00,stand,0.1,true,,,,0,1.00,
time_action1=moveto,-1.74,-0.97,11.86,walk,8,true,,,,0,1.00,0,grd_
time_action2=stop,-1.74,-0.97,11.86,0,1.59,0,stand,0.5,true,,,,0,1.00,
time_action3=stop,-1.85,-0.97,11.76,0,2.85,0,stand,0.4,true,,,,0,1.00,
time_action4=stop,-1.85,-0.97,11.76,0,2.85,0,stand,3,true,,,,0,1.00,

[movie_talk_id]
r0=8,movie_5855_1,2,

[lu1]
resource=npc\funcnpc006
movetype=0
pathtype=2
base_angle_y=0.0
enter_time=0
alpha_in=0
alpha_out=0
time_action0=stop,18.34,-0.99,13.85,0,-1.52,0,stand,0.1,true,,,,0,1.00,
time_action1=moveto,0.42,-0.98,13.98,h_walk1_1,11.9,true,,,,0,1.00,0,

[lu2]
resource=npc\worldnpc080
movetype=0
pathtype=2
base_angle_y=0.0
enter_time=0
alpha_in=0
alpha_out=0
time_action0=stop,-30.77,-0.95,13.07,-0.00,1.52,0.00,stand,0.1,true,,,,0,1.00,
time_action1=moveto,-12.87,-0.97,12.9,h_walk1_1,11.9,true,,,,0,1.00,0,

[lu3]
resource=npc\worldnpc104
movetype=0
pathtype=2
base_angle_y=0.0
enter_time=0
alpha_in=0
alpha_out=0
time_action0=stop,-19.13,-0.96,9.82,-0.00,1.56,0.00,stand,0.2,true,,,,0,1.00,
time_action1=moveto,-1.7,-0.97,9.91,h_walk1_1,11.8,true,,,,0,1.00,0,

[lu4]
resource=npc\worldnpc131
movetype=0
pathtype=2
base_angle_y=0.0
enter_time=0
alpha_in=0
alpha_out=0
time_action0=stop,-3.44,-0.97,12.29,-0.00,1.56,0.00,stand,0.1,true,,,,0,1.00,
time_action1=moveto,14.04,-0.99,12.57,h_walk1_1,11.9,true,,,,0,1.00,0,

[lu5]
resource=npc\worldnpc194
movetype=0
pathtype=2
base_angle_y=0.0
enter_time=0
alpha_in=0
alpha_out=0
time_action0=stop,17.52,-0.99,10.32,0.00,-1.55,0.00,stand,0.3,true,,,,0,1.00,
time_action1=moveto,-0.35,-0.98,10.82,h_walk1_1,11.7,true,,,,0,1.00,0,

[lu6]
resource=npc\worldnpc196
movetype=0
pathtype=2
base_angle_y=0.0
enter_time=0
alpha_in=0
alpha_out=0
time_action0=stop,-2.44,-0.97,13.50,0.00,-1.52,0.00,stand,0.2,true,,,,0,1.00,
time_action1=moveto,-20.29,-0.96,13.92,h_walk1_1,11.8,true,,,,0,1.00,0,

[lu7]
resource=npc\worldnpc312
movetype=0
pathtype=2
base_angle_y=0.0
enter_time=0
alpha_in=0
alpha_out=0
time_action0=stop,-3.52,-0.69,19.15,-0.00,3.04,0.00,stand,12,true,,,,0,1.00,

[lu8]
resource=npc\worldnpc371
movetype=0
pathtype=2
base_angle_y=0.0
enter_time=0
alpha_in=0
alpha_out=0
time_action0=stop,-63.82,-0.86,14.94,-0.00,1.68,0.00,stand,0.2,true,,,,0,1.00,
time_action1=moveto,-46.65,-0.91,12.68,h_walk1_1,11.8,true,,,,0,1.00,0,

[lu9]
resource=npc\worldnpc403
movetype=0
pathtype=2
base_angle_y=0.0
enter_time=0
alpha_in=0
alpha_out=0
time_action0=stop,-27.82,-0.95,15.96,-0.00,1.65,0.00,stand,0.1,true,,,,0,1.00,
time_action1=moveto,-10.39,-0.97,15.5,h_walk1_1,11.9,true,,,,0,1.00,0,

