[system]
enternpc=WorldNpc00013[zhanlinvzi]@253 37 -492
gutname=5856jibaiguwang
taskname=movie_qyschool06_5856.ini
info=
scene_param=
teamtype=0
refertype=2
show_all_npc=0
wait_terrain=1
hide_weapon=1
esc_key=1

[xiaoshimei]
resource=npc\worldnpc377
movetype=0
pathtype=2
base_angle_y=0.0
enter_time=0
alpha_in=0
alpha_out=0
time_action0=stop,0.23,0.39,4.75,0,-3.14,0,ty_lie_loop,4,true,,,,0,1.00,
time_action1=stop,-0.35,0.39,4.75,-0.00,-3.14,0.00,ty_lie_cryloop,4,true,,,,0,1.00,
time_action2=stop,-0.35,0.39,4.75,0,-3.14,0,ty_lie_cryloop_free01,5,true,,,,0,1.00,
time_action3=stop,-0.35,0.39,4.75,0,-3.14,0,stand,5,true,,,,0,1.00,

[scenario_camera]
pathtype=2
angletype=4
modetype=3
time_action0=20,4,0,0.161621,2.078087,8.884918,0.445061,3.166679,0,0.153442,1.269203,6.964355,0.340342,3.123045,0,
time_action1=20,4,0,0.60405,1.416107,1.803558,0.235798,-0.215987,0,-0.472946,1.416107,1.631409,0.239289,-0.004365,0,
time_action2=20,5,0,-0.472946,1.416107,1.631409,0.239289,-0.004365,0,-0.472946,1.416107,1.631409,0.239289,-0.004365,0,
time_action3=20,5,0,-0.106079,0.995842,4.853363,-0.16057,-3.375035,0,-0.106079,0.995842,4.853363,-0.16057,-3.375035,0,

[player]
resource=player
movetype=0
pathtype=2
base_angle_y=0.0
enter_time=0
alpha_in=0
alpha_out=0
time_action0=stop,-0.11,0.39,4.03,0,-0.07,0,interact084,13,true,,,,0,1.00,
time_action1=stop,-0.11,0.39,4.03,0,-0.07,0,interact086,5,true,,,,0,1.00,

[fade_section]
time_action0=0,1.0,0
time_action1=3.5,0.5,1
time_action2=4.,0.5,0
time_action3=17,1.0,1

[movie_talk_id]
r0=1,movie_5856_1,2,
r1=4,movie_5856_2,2,
r2=8,movie_5856_3,2,
r3=13,movie_5856_4,2,

