[system]
hide_weapon=1
esc_key=1
enternpc=10DDIWZ5858[hewt]@305 172 -127
gutname=5858shandongdaXJK
taskname=movie_qyschool06_5858.ini
info=
scene_param=
teamtype=0
refertype=2
show_all_npc=0
wait_terrain=1

[siwangde]
resource=npc\worldnpc374
movetype=0
pathtype=2
base_angle_y=0.0
enter_time=0
alpha_in=0
alpha_out=0
time_action0=stop,-7.84,0.38,-3.49,0,0.6,0,h_diedownloop1_1,16,true,,,,1,1.00,

[xingjunke]
resource=npc\qynpc00001
movetype=0
pathtype=2
base_angle_y=0.0
enter_time=0
alpha_in=0
alpha_out=0
time_action0=stop,-9.2,0.35,-3.23,0,2.42,0,ty_crouch_loop,16,true,,,,0,1.00,

[scenario_camera]
pathtype=2
angletype=4
modetype=3
time_action0=20,1,0,-1.00412,1.368851,8.00724,0.071885,3.764505,0,-1.00412,1.368851,8.00724,0.071885,3.764505,0,
time_action1=20,3,0,-1.00412,1.368851,8.00724,0.071885,3.764505,0,-4.537292,2.022583,4.711609,0.190567,3.587786,0,
time_action2=20,1,0,-4.537292,2.022583,4.711609,0.190567,3.587786,0,-4.537292,2.022583,4.711609,0.190567,3.587786,0,
time_action3=20,5,0,-7.700226,1.018524,-2.245972,0.190563,3.703397,0,-8.843262,1.713257,-1.602844,0.420946,3.301965,0,
time_action4=20,3,0,-6.217499,1.260544,0.108505,-0.001423,6.840629,0,-5.988861,1.261154,0.475281,-0.001423,6.840629,0,
time_action5=20,3,0,-5.297394,1.328705,2.361931,0.127732,9.881857,0,-5.064484,1.396439,2.835403,0.127732,9.881857,0,

[player]
resource=player
movetype=0
pathtype=2
base_angle_y=0.0
enter_time=0
alpha_in=0
alpha_out=0
time_action0=stop,-1.38,0.24,7.39,-0.00,-2.53,0.00,stand,1.0,true,,,,0,1.00,
time_action1=moveto,-5.54,0.03,1.26,run,2,true,,,,0,1.00,0,
time_action2=stop,-5.54,0.03,1.26,0,-2.46,0,fi_3h_stand,13,true,,,,0,1.00,

[fade_section]
time_action0=0,1.0,2
time_action1=1,1.0,0
time_action2=15,1.0,1
time_action3=16,1.0,2

[movie_talk_id]
r0=10,movie_5858_1,2,

