[system]
hide_weapon=1
esc_key=1
enternpc=10DDITZ5862[hewt]@653 -6 361
gutname=5862wafenmu
taskname=movie_qyschool06_5862.ini
info=
teamtype=0
refertype=2
show_all_npc=0
wait_terrain=1
music=FBdonghua04_jiliezhengchao

[fenmu]
resource=npc\itemnpc134
movetype=0
pathtype=2
base_angle_y=0.0
enter_time=0
alpha_in=0
alpha_out=0
time_action0=stop,-8.92,3.86,-6.77,0,1.9027,0,stand,33,true,,,,1,1.00,

[guancai]
resource=npc\itemnpc191
movetype=0
pathtype=2
base_angle_y=0.0
enter_time=5
alpha_in=0
alpha_out=0
time_action0=stop,-7.96,4.35,-6.11,0,-2.453604,0,stand,11,true,,,,1,1.00,

[MWQ]
resource=npc\qynpc00006
movetype=0
pathtype=2
base_angle_y=0.0
enter_time=0
alpha_in=0
alpha_out=0
time_action0=stop,-7.45,3.33,-4.29,0,-1.7139,0,ty_sit_jt,24,true,,,,1,1.00,
time_action1=stop,-7.45,3.75,-4.29,0,2.2661,0,stand,1.0,true,,,,0,1.00,
time_action2=moveto,4.04,1.39,-12.99,h_run1_1,4,true,,,,0,1.00,0,

[bingshijie]
resource=npc\worldnpc382
movetype=0
pathtype=2
base_angle_y=0.0
enter_time=0
alpha_in=0
alpha_out=0
time_action0=stop,15.86,2.31,-22.53,0,-0.904815,0,s_stand_2,23,true,,,,0,1.00,
time_action1=moveto,18.32,2.71,-29.26,h_run1_1,2,true,,,,0,1.00,0,

[anqi]
resource=npc\fbmac004012
movetype=0
pathtype=2
base_angle_y=0.0
enter_time=10
alpha_in=0
alpha_out=0
time_action0=stop,-4.21,4.53,-1.69,0,-2.460154,0,stand,2.1,true,,,,1,1.00,
time_action1=moveto,-7.33,4.84,-5.84,stand,0.5,true,,,effect_light_move_3|Model::Point01|0.5|1,1,1.00,0,

[scenario_camera]
pathtype=2
angletype=4
modetype=3
time_action0=20,5,0,-9.114441,4.651071,-3.976959,-0.062832,2.720216,0,-9.114441,4.651071,-3.976959,-0.062832,2.720216,0,
time_action1=20,3,0,-6.950989,5.652662,-5.295258,0.198967,3.769591,0,-7.180603,5.652662,-5.128479,0.198967,3.769591,0,
time_action2=20,2,0,-7.180603,5.652662,-5.128479,0.198967,3.769591,0,-7.318481,5.800357,-5.328918,0.474729,3.732502,0,
time_action3=20,1,0,-7.318481,5.800357,-5.328918,0.474729,3.732502,0,-7.318481,5.800357,-5.328918,0.474729,3.732502,0,
time_action4=20,5,0,-4.934509,5.260939,-5.926422,-0.15359,4.73171,0,-4.934509,5.260939,-5.926422,-0.15359,4.73171,0,
time_action5=20,4,0,-8.546692,3.899432,-4.189392,-0.226894,1.867188,0,-8.546692,3.899432,-4.189392,-0.226894,1.867188,0,
time_action6=20,2,0,-7.490356,4.41771,-3.738617,-0.003492,2.196618,0,-7.490356,4.41771,-3.738617,-0.003492,2.196618,0,
time_action7=20,3,0,9.950317,6.184254,-22.056702,0.492178,1.515947,0,9.950317,6.184254,-22.056702,0.492178,1.515947,0,
time_action8=20,3,0,-8.546692,3.899432,-4.189392,-0.226894,1.867188,0,-8.455078,4.188842,-3.447174,-0.04887,2.1988,0,
time_action9=20,1,0,-8.455078,4.188842,-3.447174,-0.04887,2.1988,0,-8.455078,4.188842,-3.447174,-0.04887,2.1988,0,
time_action10=20,4,0,-7.345398,5.231622,-4.478333,0.020943,5.309859,0,-7.345398,5.231622,-4.478333,0.020943,5.309859,0,

[player]
resource=player
movetype=0
pathtype=2
base_angle_y=0.0
enter_time=0
alpha_in=0
alpha_out=0
time_action0=stop,-7.38,3.98,-5.86,0,-2.273596,0,offact161,5,true,,,,0,1.00,
time_action1=stop,-7.38,3.98,-5.86,0,-2.273596,0,interact132,7.5,true,,,,0,1.00,
time_action2=stop,-7.38,3.98,-5.86,0,-2.273596,0,fi_0h_diedown,2.5,true,,,,0,0.82,
time_action3=stop,-7.38,3.98,-5.86,0,-2.273596,0,fi_0h_diedownloop,1,true,,,,0,0.82,
time_action4=stop,-7.92,3.73,-3.91,0,0.371455,0,interact100,1,true,,,,1,1.00,
time_action5=stop,-7.92,3.73,-3.91,0,0.371455,0,interact100,12,true,,,,1,1.00,
time_action6=stop,-7.86,2.08,-3.92,0,2.168054,0,interact333,1,true,,,,1,1.00,
time_action7=stop,-7.86,3.73,-3.92,0,2.168054,0,interact334,3,true,,,,1,1.00,

[fade_section]
time_action0=0,1.0,0
time_action1=5,1.0,0
time_action2=14,1.0,1
time_action3=15,2,2
time_action4=17,1.0,0
time_action5=32,1.0,1
time_action6=33,1.0,2

[sound_section]
r0=12.3,fight\attack\att_2H_011.wav

[movie_talk_id]
r0=17,movie_5862_1,2,
r1=20,movie_5862_2,2,
r2=25,movie_5862_3,2,

