[system]
esc_key=1
restore_pos=1
enternpc=16WZHGN5954[caokun]@585 102 285
gutname=water
taskname=movie_qyschool06_5863.ini
info=
teamtype=0
refertype=0
show_all_npc=0
wait_terrain=1
hide_weapon=1

[player]
resource=player
movetype=0
pathtype=2
base_angle_y=0.0
enter_time=0
alpha_in=1
alpha_out=1
time_action0=stop,661.65,217.11,-69.14,0.00,-1.54,0.00,ng_state_1,15,true,,,,0,1.00,
time_action1=stop,661.65,217.11,-69.14,0.00,-1.54,0.00,xl_ng_succeed_01,8,false,,,,0,1.00,
time_action2=stop,661.65,217.11,-69.14,0.00,-1.54,0.00,stand,4,true,,,,0,1.00,
time_action3=stop,661.65,217.11,-69.14,0.00,-1.54,0.00,interact288,3,true,,,,0,1.00,
time_action4=stop,661.65,217.11,-69.14,0.00,-1.54,0.00,stand,1.0,true,,,,0,1.00,

[xiuxingzhe]
resource=npc\monster208
movetype=0
pathtype=2
base_angle_y=0.0
enter_time=0
alpha_in=1
alpha_out=1
time_action0=stop,658.43,217.47,-69.14,-0.00,0.04,0.00,ty_stand,13,true,,,,0,1.00,
time_action1=stop,658.43,217.47,-69.14,-0.00,0.04,0.00,ty_stand,4,true,,,,0,1.00,
time_action2=stop,658.43,217.47,-69.14,-0.00,1.53,0.00,walk,1.0,true,,,,0,1.00,
time_action3=stop,658.43,217.47,-69.14,-0.00,1.53,0.00,ty_nod,5,true,,,,0,1.00,
time_action4=stop,658.43,217.47,-69.14,-0.00,1.53,0.00,ty_talk,3,true,,,,0,1.00,
time_action5=stop,658.43,217.47,-69.14,-0.00,1.53,0.00,ty_nod,5,true,,,,0,1.00,

[fade_section]
time_action0=30,1.0,1
time_action1=31,1.0,2

[movie_talk_id]
r0=0,movie_5113_1,2,;;;
r1=5,movie_5113_2,2,
r2=10,movie_5113_3,2,
r3=15,movie_5113_4,2,
r4=20,movie_5113_5,2,
r5=25,movie_5113_6,2,

[scenario_camera]
pathtype=2
angletype=4
modetype=3
enter_time=0
time_action0=33,8,0,665.192932,246.741043,-32.397839,0.984134,3.036536,0,670.249756,226.076187,-54.107483,0.575725,3.525233,0,player
time_action1=33,10,0,670.249756,226.076187,-54.107483,0.575725,3.525233,0,663.619019,225.412903,-77.196747,1.050454,6.09523,0,player
time_action2=20,2,0,663.619019,225.412903,-77.196747,0.903846,6.062507,0,663.619019,225.412903,-77.196747,0.903846,6.062507,0,
time_action1_ctrl1=675.583435,226.076187,-58.594643
time_action1_ctrl2=671.170654,229.536514,-71.755188
time_action0_ctrl1=665.773071,238.458847,-37.873074
time_action0_ctrl2=665.987427,230.421783,-46.48407
time_action3=17,5,0,662.381104,218.963699,-69.659111,0.34185,4.930222,0,662.381104,218.963699,-69.659111,0.34185,4.930222,0,xiuxingzhe
time_action4=17,5,0,657.219177,219.423538,-70.088974,0.467514,7.45222,0,657.219177,219.423538,-70.088974,0.467514,7.45222,0,player

