[system]
hide_weapon=1
esc_key=1
enternpc=5870[hewt]@904.026 27.446 867.807
gutname=5870EM5Nss17WWHshefuYSX
taskname=movie_qyschool06_5870.ini
info=
teamtype=0
refertype=2
show_all_npc=0
wait_terrain=1
show_head_to_chat=0
recover_camera=1
music=FBdonghua04_jiliezhengchao

[WWH]
resource=npc\boss078
movetype=0
pathtype=2
base_angle_y=0.0
enter_time=0
alpha_in=0
alpha_out=0
size_x=100
size_y=100
size_z=100
show_name=0
name=
time_action0=stop,-5.71,0,-1.48,0,-0.73,0,ty_bukuai_guard,40,true,,,,0,1.00,

[ABC]
resource=npc\monster286
movetype=0
pathtype=2
base_angle_y=0.0
enter_time=0
alpha_in=0
alpha_out=0
size_x=110
size_y=110
size_z=110
show_name=0
name=
time_action0=stop,-6.89,0,-0.12,0,2.38,0,b_stand_4,3,true,,,,0,1.00,
time_action1=stop,-6.89,0,-0.12,0,2.38,0,ty_daoshi_bow,2.5,true,,,,0,1.00,
time_action2=stop,-6.89,0,-0.12,0,2.38,0,b_stand_4,29.5,true,,,,0,1.00,
time_action3=stop,-6.89,0,-0.12,0,2.38,0,ty_xiepai_bow,5,true,,,,0,0.60,

[scenario_camera]
pathtype=2
angletype=4
modetype=3
time_action0=20,11,0,-0.874206,1.591296,-1.982293,0.137744,4.741386,0,-1.431273,1.591296,0.936835,0.120291,4.291434,0,
is_offset_angle=0
offset_angle_y=0.0
time_action1=20,8,0,-6.554015,1.717216,-0.822381,-0.039698,2.280488,0,-6.106688,1.684768,-0.618707,-0.097876,2.683005,0,
time_action2=20,8,0,-4.439025,1.769101,-1.639336,0.003935,-1.144176,0,-4.895202,1.767131,-1.431939,0.003935,-1.144176,0,
time_action3=20,8,0,-8.269835,2.495757,0.4076,0.306458,-4.095966,0,-7.87445,1.317954,0.160224,0.009751,-4.110693,0,
time_action4=20,5,0,-7.87445,1.317954,0.160224,0.009751,-4.110693,0,-7.671752,1.32801,0.008491,-0.057153,-4.059973,0,

[movie_talk_id]
r0=1,movie_5870_1,2,
r1=3,movie_5870_2,2,
r2=11,movie_5870_3,2,
r3=19,movie_5870_4,2,
r4=27,movie_5870_5,2,
r5=35,movie_5870_6,2,

[fade_section]
time_action0=0,1.0,0
time_action1=38,2,1
time_action2=40,2,2

[player]
resource=player
movetype=0
pathtype=2
base_angle_y=0.0
enter_time=0
alpha_in=0
alpha_out=0
size_x=100
size_y=100
size_z=100
show_name=0
name=
time_action0=stop,0,-3.5,0,0,0,0,stand,40,true,,,,1,1.00,

