[system]
enternpc=
gutname=love
taskname=movie_emeim01
info=
teamtype=0
refertype=0
esc_key=1
show_all_npc=0
wait_terrain=1
restore_pos=1
hide_weapon=1

[scenario_camera]
pathtype=2
angletype=4
modetype=3
time_action0_ctrl1=493.382904,145.640671,166.390198
time_action0_ctrl2=493.72464,145.844604,165.577133
time_action0_vibrate=4,1.0,1.0,2.0
enter_time=0
time_action0=20,15,0,482.25,149.78,157.96,0.32,1.64,0.00,482.25,149.78,157.96,0.32,1.64,0.00,
time_action1_ctrl1=489.44986,151.595505,162.003372
time_action1_ctrl2=497.331757,151.549973,164.005142
time_action1=17,5,0,494.911713,151.69931,164.087097,0.42256,3.887898,0,494.345734,151.69931,163.475082,0.402954,3.887895,0,miejueshitai
time_action2_ctrl1=484.301971,153.359314,155.395096
time_action2_ctrl2=483.597565,153.333191,157.216492

[player]
resource=player
movetype=0
pathtype=2
base_angle_y=0.0
enter_time=0
alpha_in=0
alpha_out=0
time_action0=stop,486.08,146.75,157.65,0,1.99,0,stand,20,true,,,,0,1.00

[movie_talk_id]
r0=1,movie_25_1,0,
r1=12,movie_25_2|movie_25_3|movie_25_4,1,||
r2=14,movie_25_5|movie_25_6,1,|
r3=16,movie_25_7,0,

[fade_section]
time_action0=18,2,1

[miejueshitai]
resource=npc\worldnpc1113
movetype=0
pathtype=2
base_angle_y=0.0
enter_time=0
alpha_in=0
alpha_out=0
time_action0=stop,488.84,146.75,156.27,0.00,-1.05,0.00,stand,1.0,true,,,,0
time_action1=stop,488.64,146.75,156.23,0,0.55,0,stand,19,true,,,,0

[shuijingshitai2]
resource=npc\monster602
movetype=0
pathtype=2
base_angle_y=0.0
enter_time=0
alpha_in=0
alpha_out=0
time_action0=stop,495.47,142.39,167.61,0,3.68,0,stand,1.0,true,,,,0,1.00
time_action1=moveto,495.22,146.69,160.75,walk,7,true,,,,1,1.00,0
time_action2=moveto,489.5,146.75,158.31,walk,3,true,,,,0,1.00,0
time_action3=stop,489.52,146.75,158.36,0,3.68,0,dk_stand_1,4.5,true,,,,0,1.00
time_action4=moveto,495.45,146.47,161.26,walk,5,true,,,,0,1.00,0

