[system]
enternpc=
gutname=movie_qd2_genzong
taskname=movie_qd2_genzong.ini
info=
teamtype=0
refertype=0
show_all_npc=0
wait_terrain=1
esc_key=1
hide_weapon=1

[zhangqiaofeng]
resource=npc\worldnpc396
movetype=0
pathtype=2
base_angle_y=0.0
enter_time=0
alpha_in=0
alpha_out=0
time_action0=stop,471.10,19.28,637.81,0,2.64994,0,stand,10,true,,,,0,1.00,

[suqianying]
resource=npc\worldnpc395
movetype=0
pathtype=2
base_angle_y=0.0
enter_time=0
alpha_in=0
alpha_out=0
time_action0=stop,472.48,19.24,638.14,0,-3.081012,0,ty_talk,10,true,,,,0,1.00,

[heiyiren]
resource=npc\fbnpc00006
movetype=0
pathtype=2
base_angle_y=0.0
enter_time=0
alpha_in=0
alpha_out=0
time_action0=stop,465.2,21.66,655.88,0,1.438301,0,ty_crouch_loop,10,true,,,effect_thorn_00262|fbnpc00006_H_objR_01|100|,0,1.00,
time_action1=moveto,511.38,22.18,667.71,run,10,true,,,,0,1.00,1,
time_action2=moveto,530.25,18.91,646.46,run,6,true,,,,0,1.00,0,
time_action3=stop,530.25,18.91,646.46,0,2.424538,0,ty_xiepai_bow,2,true,,,,0,1.00,

[jinzhuni]
resource=npc\worldnpc294
movetype=0
pathtype=2
base_angle_y=0.0
enter_time=0
alpha_in=0
alpha_out=0
time_action0=stop,531.41,18.79,645.21,0,-1.450091,0,stand,28,true,,,,0,1.00,

[movie_talk_id]
r0=9,movie_186_1,2,
r1=23,movie_186_2,2,

[fade_section]
time_action0=0,2,0
time_action1=26,2,1

[scenario_camera]
pathtype=2
angletype=4
modetype=3
time_action0=20,4,0,474.00,21.24,633.51,0.21,-0.45,0.00,474.00,21.24,633.51,0.21,-0.45,0.00,
time_action1=20,5,0,478.47,21.39,638.04,0.13,4.61,0.00,473.19,24.94,657.10,0.31,4.56,0.00,
time_action2=20,2,1,472.20,20.22,636.05,-0.24,6.06,0.00,468.12,23.29,652.90,0.05,5.77,0.00,
time_action3=17,4,0,468.12,23.29,652.90,0.05,5.77,0.00,478.75,23.51,646.98,-0.06,6.62,0.00,heiyiren
time_action4=17,8,0,506.77,22.01,646.41,-0.06,6.55,0.00,506.77,22.01,646.41,-0.06,6.55,0.00,heiyiren
time_action5=20,5,0,525.12,22.12,644.52,0.32,7.65,0.00,525.12,22.12,644.52,0.32,7.65,0.00,
time_action3_vibrate=4,1.0,1.0,2.0

[player]
resource=player
movetype=0
pathtype=2
base_angle_y=0.0
enter_time=0
alpha_in=0
alpha_out=0
time_action0=stop,472.49,18.52,635.38,0,-0.057234,0,stand,15,true,,,,0,0.04,
time_action1=stop,472.49,18.52,635.38,0,1.487385,0,stand,0.2,true,,,,0,1.00,
time_action2=stop,472.49,18.52,635.38,0,1.487385,0,stand,0.1,true,,,,0,1.00,
time_action3=stop,472.49,18.52,635.38,0,1.487385,0,stand,1.0,true,,,,0,1.00,

[screen_section]
time_action0=9,1.0,3,0.5,0.5

