[MainInfo]
FrameTime=0.033333
RulerStart=0.000000
RulerEnd=350.000000
CameraX=465.645081
CameraY=-3.349307
CameraZ=564.329712
CameraRX=-0.030739
CameraRY=2.645623
CameraRZ=0.000000
CaptureAngleX=0.000000
CaptureAngleY=0.000000
CaptureAngleZ=0.000000
CapturePosX=0.000000
CapturePosY=0.000000
CapturePosZ=0.000000
CanBreak=0
ShowPlayer=0
ShowNpc=0
ShowWeapon=0
Player=

[npc_1]
WorldType=objects
ObjectType=Actor
Name=E9D4F0601B804A39834EAF3E3EF6B17F
VisualType=Actor
PositionX=466.420746
PositionY=-4.746153
PositionZ=563.384033
AngleX=0.000000
AngleY=-0.934995
AngleZ=0.000000
ScaleX=0.999996
ScaleY=1.000000
ScaleZ=0.999996
VisualConfig=ini\npc\worldnpc032.ini
Path=npc_1.xml

[npc_3]
WorldType=objects
ObjectType=Actor
Name=6A35AF4AB612457E8B0C563A3C84F821
VisualType=Actor
PositionX=465.477600
PositionY=-4.947123
PositionZ=564.750916
AngleX=-0.000000
AngleY=2.399983
AngleZ=0.000000
ScaleX=0.999912
ScaleY=1.000000
ScaleZ=0.999912
VisualConfig=ini\npc\b_banlvxinmo01.ini
Path=npc_3.xml

[camera_1]
WorldType=objects
ObjectType=camera
Name=39DDDD7BDB3A4EF396A375539705E802
VisualType=CameraWrapper
PositionX=470.416107
PositionY=-3.503403
PositionZ=565.849243
AngleX=0.041983
AngleY=-1.929320
AngleZ=-0.000000
ScaleX=1.000000
ScaleY=1.000000
ScaleZ=1.000000
VisualConfig=mdl\camera\camera01\camera.xmod
CameraType=free
Fovx=1.465188
Path=camera_1.xml

[camera_2]
WorldType=objects
ObjectType=camera
Name=09EA9C79E983499484CE9F09D6D7D462
VisualType=CameraWrapper
PositionX=466.252380
PositionY=-3.519928
PositionZ=564.015808
AngleX=-0.016195
AngleY=-0.893576
AngleZ=0.000000
ScaleX=1.000000
ScaleY=1.000000
ScaleZ=1.000000
VisualConfig=mdl\camera\camera01\camera.xmod
CameraType=free
Fovx=1.465188
Path=camera_2.xml

[camera_3]
WorldType=objects
ObjectType=camera
Name=3340518CB2834ACE8343EB1ACF086CA5
VisualType=CameraWrapper
PositionX=465.792603
PositionY=-3.347638
PositionZ=564.067810
AngleX=-0.056919
AngleY=2.645623
AngleZ=0.000000
ScaleX=1.000000
ScaleY=1.000000
ScaleZ=1.000000
VisualConfig=mdl\camera\camera01\camera.xmod
CameraType=free
Fovx=1.465188
Path=camera_3.xml

[custom]
WorldType=global
ObjectType=custom
Name=
VisualType=
Path=custom.xml

[camera_4]
WorldType=objects
ObjectType=camera
Name=49A51AF699184F83919116BF9A771D88
VisualType=CameraWrapper
PositionX=467.519043
PositionY=-3.158466
PositionZ=563.472290
AngleX=0.222333
AngleY=-1.214286
AngleZ=-0.000000
ScaleX=1.000000
ScaleY=1.000000
ScaleZ=1.000000
VisualConfig=mdl\camera\camera01\camera.xmod
CameraType=free
Fovx=1.465188
Path=camera_4.xml

[camera_5]
WorldType=objects
ObjectType=camera
Name=A15307092105439DBBE039ABA7C35A2D
VisualType=CameraWrapper
PositionX=465.645081
PositionY=-3.349307
PositionZ=564.329712
AngleX=-0.030739
AngleY=2.645623
AngleZ=0.000000
ScaleX=1.000000
ScaleY=1.000000
ScaleZ=1.000000
VisualConfig=mdl\camera\camera01\camera.xmod
CameraType=free
Fovx=1.465188
Path=camera_5.xml

[object_hsi]
WorldType=global
ObjectType=ppfilter_hsi
Name=
VisualType=
Path=object_hsi.xml

[hole_02]
WorldType=music
ObjectType=Music
Name=C311B065E4EE48FD9C318A561B663300
VisualType=Music
MusicConfig=mus\hole_02.ogg
MusicType=npc
Path=hole_02.xml

