[ppdof]
PPdofEnable=true
Linear=false
StartDepth=10.000000
EndDepth=100.000000
FocusDepth=20.000000
BlurValue=0.002000
MaxofBlur=1.250000

