[ppfilter]
GammaEnable=false
GradualEnable=true
GradualStart=0.200000
GradualEnd=1.000000
GradualExp=1.000000
GradualColor=255,42,114,178
HSIEnable=false
AdjustBaseColor=255,154,210,244
AdjustBrightness=55.000000
AdjustContrast=5.000000
AdjustSaturation=50.000000
AngleEnable=false
AngleStart=0.100000
AngleEnd=1.000000
AngleExp=1.000000
AngleColor=255,31,168,226

