[ssao]
AoLowLimit=0.075000
AoContrast=1.750000

