[MainInfo]
FrameTime=0.033333
RulerStart=0.000000
RulerEnd=300.000000
CameraX=681.066406
CameraY=14.140289
CameraZ=483.196777
CameraRX=0.238528
CameraRY=2.362863
CameraRZ=0.000000
CaptureAngleX=0.000000
CaptureAngleY=0.000000
CaptureAngleZ=0.000000
CapturePosX=0.000000
CapturePosY=0.000000
CapturePosZ=0.000000
CanBreak=0
ShowPlayer=0
ShowNpc=0
ShowWeapon=0
Player=npc_1

[npc_1]
WorldType=objects
ObjectType=Actor
Name=461861C4C60C4812B5A2D1F7185D83C5
VisualType=Actor
PositionX=697.089722
PositionY=7.276633
PositionZ=479.333984
AngleX=-0.000000
AngleY=2.623179
AngleZ=0.000000
ScaleX=0.999950
ScaleY=1.000000
ScaleZ=0.999950
VisualConfig=ini\npc\b_banlvxinmo02.ini
Path=npc_1.xml

[light_move_141a_1]
WorldType=objects
ObjectType=EffectModel
Name=FE578D4865F440798DA2FD4EAD36B9B9
VisualType=EffectModel
PositionX=698.742920
PositionY=7.425488
PositionZ=478.000671
AngleX=-0.000000
AngleY=0.000000
AngleZ=0.000000
ScaleX=1.000000
ScaleY=1.000000
ScaleZ=1.000000
EffectConfig=ini\effect\model.ini
EffectName=light_move_141a
Path=light_move_141a_1.xml

[light_move_143a_1]
WorldType=objects
ObjectType=EffectModel
Name=2E6765C8D2814019844095C4ECE4DABC
VisualType=EffectModel
PositionX=698.491333
PositionY=7.241491
PositionZ=477.967804
AngleX=-0.000000
AngleY=0.000000
AngleZ=0.000000
ScaleX=1.000000
ScaleY=1.000000
ScaleZ=1.000000
EffectConfig=ini\effect\model.ini
EffectName=light_move_143a
Path=light_move_143a_1.xml

[light_move_141a_2]
WorldType=objects
ObjectType=EffectModel
Name=625B9CFB3B3149E08C3CD993666530B1
VisualType=EffectModel
PositionX=698.178101
PositionY=6.984487
PositionZ=478.566254
AngleX=-0.000000
AngleY=0.000000
AngleZ=0.000000
ScaleX=1.420000
ScaleY=1.420000
ScaleZ=1.420000
EffectConfig=ini\effect\model.ini
EffectName=light_move_141a
Path=light_move_141a_2.xml

[camera_1]
WorldType=objects
ObjectType=camera
Name=C01E37112A904ADBBF92F01DADA3A426
VisualType=CameraWrapper
PositionX=681.066406
PositionY=14.140289
PositionZ=483.196777
AngleX=0.238528
AngleY=2.362863
AngleZ=0.000000
ScaleX=1.000000
ScaleY=1.000000
ScaleZ=1.000000
VisualConfig=mdl\camera\camera01\camera.xmod
CameraType=free
Fovx=1.552446
Path=camera_1.xml

[camera_2]
WorldType=objects
ObjectType=camera
Name=6F1AB3D7AFA1445C98082EEF730E2269
VisualType=CameraWrapper
PositionX=697.767395
PositionY=8.425412
PositionZ=477.506409
AngleX=-0.055269
AngleY=-0.114414
AngleZ=0.000000
ScaleX=1.000000
ScaleY=1.000000
ScaleZ=1.000000
VisualConfig=mdl\camera\camera01\camera.xmod
CameraType=free
Fovx=1.552446
Path=camera_2.xml

[custom]
WorldType=global
ObjectType=custom
Name=
VisualType=
Path=custom.xml

[object_hsi]
WorldType=global
ObjectType=ppfilter_hsi
Name=
VisualType=
Path=object_hsi.xml

[born02_erengu]
WorldType=music
ObjectType=Music
Name=A381D8397BD146228FB12B01EA1E4D53
VisualType=Music
MusicConfig=mus\born02_erengu.ogg
MusicType=npc
Path=born02_erengu.xml

