[MainInfo]
FrameTime=0.033333
RulerStart=0.000000
RulerEnd=300.000000
CameraX=487.984375
CameraY=-7.181161
CameraZ=978.694214
CameraRX=-0.122181
CameraRY=-1.446407
CameraRZ=0.000000
CaptureAngleX=0.000000
CaptureAngleY=0.000000
CaptureAngleZ=0.000000
CapturePosX=0.000000
CapturePosY=0.000000
CapturePosZ=0.000000
CanBreak=1
ShowPlayer=0
ShowNpc=0
ShowWeapon=0
Player=npc_2

[npc_1]
WorldType=objects
ObjectType=Actor
Name=7E3A310832864B06BA4AC0023DF8BB24
VisualType=Actor
PositionX=486.928375
PositionY=-8.674001
PositionZ=978.854187
AngleX=0.005593
AngleY=2.140950
AngleZ=0.004966
ScaleX=0.999102
ScaleY=0.999692
ScaleZ=0.999040
VisualConfig=ini\npc\ride_yang_1_7.ini
Path=npc_1.xml

[npc_2]
WorldType=objects
ObjectType=Actor
Name=186A38CE58AE41A186F385F96DD03E13
VisualType=Actor
PositionX=485.970703
PositionY=-7.460980
PositionZ=979.325562
AngleX=0.002800
AngleY=2.140840
AngleZ=0.005230
ScaleX=0.999101
ScaleY=0.999692
ScaleZ=0.999040
VisualConfig=ini\npc\b_banlvxinmo02.ini
Path=npc_2.xml

[camera_1]
WorldType=objects
ObjectType=camera
Name=EA79A05D8DC54AD78FA7A496C5BD2B9F
VisualType=CameraWrapper
PositionX=347.528625
PositionY=-4.313162
PositionZ=1102.848999
AngleX=-0.194903
AngleY=-1.804753
AngleZ=0.000000
ScaleX=0.999998
ScaleY=0.999991
ScaleZ=0.999993
VisualConfig=mdl\camera\camera01\camera.xmod
CameraType=free
Fovx=1.552446
Path=camera_1.xml

[fog_circ_3_1]
WorldType=objects
ObjectType=EffectModel
Name=4E15FAF0B2874CD89048D0B49482DD18
VisualType=EffectModel
PositionX=486.853851
PositionY=-11.861366
PositionZ=978.319580
AngleX=0.002800
AngleY=2.140840
AngleZ=0.005230
ScaleX=0.999101
ScaleY=0.999692
ScaleZ=0.999040
EffectConfig=ini\effect\model.ini
EffectName=fog_circ_3
Path=fog_circ_3_1.xml

[camera_2]
WorldType=objects
ObjectType=camera
Name=24EDBC6ACF2A44388A444FE4B318DFCB
VisualType=CameraWrapper
PositionX=395.333527
PositionY=-7.594483
PositionZ=1103.919067
AngleX=-0.017461
AngleY=-3.058118
AngleZ=0.000000
ScaleX=1.000000
ScaleY=0.999908
ScaleZ=0.999990
VisualConfig=mdl\camera\camera01\camera.xmod
CameraType=free
Fovx=1.552446
Path=camera_2.xml

[custom]
WorldType=global
ObjectType=custom
Name=
VisualType=
Path=custom.xml

[camera_3]
WorldType=objects
ObjectType=camera
Name=C75E3B04842846FCAC6E670D60D39143
VisualType=CameraWrapper
PositionX=487.984375
PositionY=-7.181161
PositionZ=978.694214
AngleX=-0.122181
AngleY=-1.446407
AngleZ=0.000000
ScaleX=1.000000
ScaleY=1.000000
ScaleZ=1.000000
VisualConfig=mdl\camera\camera01\camera.xmod
CameraType=free
Fovx=1.552446
Path=camera_3.xml

[object_hsi]
WorldType=global
ObjectType=ppfilter_hsi
Name=
VisualType=
Path=object_hsi.xml

[clone039]
WorldType=music
ObjectType=Music
Name=7C161CBFF5DA44AEBC3DB6AAFE46CDBC
VisualType=Music
MusicConfig=mus\clone039.ogg
MusicType=npc
Path=clone039.xml

