[MainInfo]
FrameTime=0.033333
RulerStart=0.000000
RulerEnd=190.000000
CameraX=409.845551
CameraY=-7.088461
CameraZ=1038.721191
CameraRX=0.066897
CameraRY=2.748459
CameraRZ=-0.000000
CaptureAngleX=0.000000
CaptureAngleY=0.000000
CaptureAngleZ=0.000000
CapturePosX=0.000000
CapturePosY=0.000000
CapturePosZ=0.000000
CanBreak=1
ShowPlayer=0
ShowNpc=0
ShowWeapon=0
Player=npc_3

[npc_1]
WorldType=objects
ObjectType=Actor
Name=10C4D5831E6F409F9F5132C8C010DD81
VisualType=Actor
PositionX=403.942749
PositionY=-8.831106
PositionZ=1051.048218
AngleX=-0.000000
AngleY=2.648180
AngleZ=0.000000
ScaleX=0.999705
ScaleY=0.999880
ScaleZ=0.999823
VisualConfig=ini\npc\ride_wedjifen_0301.ini
Path=npc_1.xml

[npc_2]
WorldType=objects
ObjectType=Actor
Name=0195DDEB8E5E40099C967B04ED9E39C2
VisualType=Actor
PositionX=469.360870
PositionY=-8.261869
PositionZ=991.947754
AngleX=-0.000100
AngleY=-1.194988
AngleZ=0.000016
ScaleX=1.139927
ScaleY=1.140000
ScaleZ=1.139931
VisualConfig=ini\npc\boss064.ini
Path=npc_2.xml

[npc_3]
WorldType=objects
ObjectType=Actor
Name=8A4276123FBA4BA0A032260F96776E14
VisualType=Actor
PositionX=403.820587
PositionY=-8.261938
PositionZ=1051.275391
AngleX=0.000071
AngleY=2.648180
AngleZ=0.000072
ScaleX=0.999705
ScaleY=0.999880
ScaleZ=0.999823
VisualConfig=ini\npc\b_banlvxinmo02.ini
Path=npc_3.xml

[camera_1]
WorldType=objects
ObjectType=camera
Name=8CB19C0F4F0042B8A4F2ABB2DEA76501
VisualType=CameraWrapper
PositionX=405.491638
PositionY=-7.457752
PositionZ=1044.250854
AngleX=0.055262
AngleY=0.037199
AngleZ=0.000000
ScaleX=0.999957
ScaleY=1.000000
ScaleZ=1.000000
VisualConfig=mdl\camera\camera01\camera.xmod
CameraType=free
Fovx=1.552446
Path=camera_1.xml

[camera_2]
WorldType=objects
ObjectType=camera
Name=A5A799EABA2340CD8129FF6A6D16FF74
VisualType=CameraWrapper
PositionX=409.845551
PositionY=-7.088461
PositionZ=1038.721191
AngleX=0.066897
AngleY=2.748459
AngleZ=-0.000000
ScaleX=1.000000
ScaleY=1.000000
ScaleZ=1.000000
VisualConfig=mdl\camera\camera01\camera.xmod
CameraType=free
Fovx=1.552446
Path=camera_2.xml

[custom]
WorldType=global
ObjectType=custom
Name=
VisualType=
Path=custom.xml

[camera_3]
WorldType=objects
ObjectType=camera
Name=87915717BA8B4DFB9668AE1ECA2512CA
VisualType=CameraWrapper
PositionX=409.183777
PositionY=1.640662
PositionZ=1012.124207
AngleX=0.456687
AngleY=1.447636
AngleZ=0.000000
ScaleX=0.999996
ScaleY=1.000000
ScaleZ=1.000000
VisualConfig=mdl\camera\camera01\camera.xmod
CameraType=free
Fovx=1.552446
Path=camera_3.xml

[light_hold_64_1]
WorldType=objects
ObjectType=EffectModel
Name=6CBAE3B292E24CEFB0386B0AED463363
VisualType=EffectModel
PositionX=425.564514
PositionY=-8.181570
PositionZ=1015.921997
AngleX=-0.000000
AngleY=0.000000
AngleZ=0.000000
ScaleX=1.740000
ScaleY=1.740000
ScaleZ=1.740000
EffectConfig=ini\effect\model.ini
EffectName=light_hold_64
Path=light_hold_64_1.xml

[light_move_509e2_1]
WorldType=objects
ObjectType=EffectModel
Name=642A6F76936B4CC79CF8BE6E6CDE5B92
VisualType=EffectModel
PositionX=422.855560
PositionY=-6.795158
PositionZ=1015.919495
AngleX=-0.000000
AngleY=0.000000
AngleZ=0.000000
ScaleX=2.789999
ScaleY=2.789999
ScaleZ=2.789999
EffectConfig=ini\effect\model.ini
EffectName=light_move_509e2
Path=light_move_509e2_1.xml

[light_move_577g8_1]
WorldType=objects
ObjectType=EffectModel
Name=FA69755ECE654618A4D7F82D738DCED2
VisualType=EffectModel
PositionX=423.626251
PositionY=-9.944757
PositionZ=1023.273438
AngleX=-0.000000
AngleY=0.000000
AngleZ=0.000000
ScaleX=3.789997
ScaleY=3.789997
ScaleZ=3.789997
EffectConfig=ini\effect\model.ini
EffectName=light_move_577g8
Path=light_move_577g8_1.xml

[object_hsi]
WorldType=global
ObjectType=ppfilter_hsi
Name=
VisualType=
Path=object_hsi.xml

[clone039]
WorldType=music
ObjectType=Music
Name=B3AA552208654106860858A7A8FA3F2B
VisualType=Music
MusicConfig=mus\clone039.ogg
MusicType=npc
Path=clone039.xml

