[ppdof]
PPdofEnable=false
Linear=false
StartDepth=40.000000
EndDepth=200.000000
FocusDepth=17.000000
BlurValue=0.010000
MaxofBlur=1.000000

