[system]
esc_key=1
hide_weapon=1
enternpc=FunnpcClone013001[alian]@-342 167 66
gutname=qingyunbao
taskname=movie_clone021_1002.ini
info=
teamtype=0
refertype=2
show_all_npc=0
wait_terrain=1
music=FBdonghua06_xuanyi

[fade_section]
time_action0=0,4,2
time_action1=4,1.0,0
time_action2=23,1.0,1
time_action3=24,3,2
time_action4=27,1.0,0
time_action5=55,1.0,1
time_action6=56,1.0,0
time_action7=70,1.0,1
time_action8=71,1.0,0
time_action9=94.,1.0,1
time_action10=95.,1.0,2
time_action11=96.,1.0,0

[movie_talk_id]
r0=4,movie_1002_1,2,
r1=24,movie_1002_2,2,
r2=36,movie_1002_3,2,
r3=56,movie_1002_4,2,
r4=71,movie_1002_5,2,
r5=84,movie_1002_6,2,
r6=93,movie_1002_7,2,

[hudie]
resource=npc\worldnpc1108
movetype=0
pathtype=2
base_angle_y=0.0
enter_time=0
alpha_in=0
alpha_out=0
time_action0=stop,88.12,60.1,-3.3,0,0.09,0,stand,70,true,,,,1,1.00,
time_action1=stop,88.12,60.1,-3.3,0,0.09,0,stand,2,true,,,,1,1.00
time_action2=moveto,292.17,19.79,-3.3,stand,20,true,,,,1,1.00,0
time_action3=stop,292.17,19.79,-3.3,0,0.09,0,stand,3,true,,,,1,1.00

[scenario_camera]
pathtype=2
angletype=4
modetype=3
time_action0=20,4,0,-246.964844,-160.15432,404.652496,0.614672,-1.187775,0,-246.964844,-160.15432,404.652496,0.614672,-1.187775,0,
time_action1=20,5,0,-246.964844,-160.15432,404.652496,0.614672,-1.187775,0,-250.094299,-163.903781,405.809052,0.458903,-1.14987,0,
time_action2=20,5,0,-253.211426,-165.814687,406.351532,0.651326,-0.877436,0,-254.748718,-165.962591,407.88559,0.576713,-0.570637,0,
time_action3=20,10,0,-255.169739,-161.170393,407.852692,1.527045,-0.396378,0,-255.373474,-166.410436,407.871338,1.444578,1.083607,0,
time_action4=17,10,0,-35.785522,2.78656,8.165634,0.228652,4.158251,0,-35.785522,2.78656,8.165634,0.228652,4.158251,0,∑Ω∫Ï“∂
time_action5=20,2,0,-38.993591,1.207458,-4.58313,0.229829,4.882564,0,-38.993591,1.207458,-4.58313,0.229829,4.882564,0,
time_action6=20,20,0,-42.256927,0.692871,-4.836582,0.973339,7.777629,0,-42.256927,0.692871,-4.836582,-0.45085,7.766721,0,
time_action7=20,10,0,-19.234314,4.142853,-3.195118,0.242444,1.542442,0,-4.521179,1.58197,-2.711033,-0.392855,1.538079,0,
time_action8=20,1,0,-4.521179,1.58197,-2.711033,-0.392855,1.538079,0,-4.521179,1.58197,-2.711033,-0.392855,1.538079,0,
time_action9=20,4,0,-0.239227,2.648972,-1.159966,0.2215,4.153895,0,-0.239227,2.648972,-1.159966,0.2215,4.153895,0,
time_action10=20,1,0,87.183594,61.176254,-3.530159,0.340822,1.588264,0,87.183594,61.176254,-3.530159,0.340822,1.588264,0,
time_action11=20,20,0,87.183594,61.176254,-3.530159,0.340822,1.588264,0,290.508125,19.682434,-3.219288,-0.277025,1.629715,0,
time_action12=20,3,0,290.508125,19.682434,-3.219288,-0.277025,1.629715,0,290.508125,19.682434,-3.219288,-0.277025,1.629715,0,

[hongyeshouzha]
resource=npc\fbmac021066
movetype=0
pathtype=2
base_angle_y=0.0
enter_time=0
alpha_in=0
alpha_out=0
time_action0=stop,-255.36,-166.81,407.93,0,-0.41,0,stand,34,true,,,,1,1.00,

[fanghongye]
resource=npc\fbfunnpc021001
movetype=0
pathtype=2
base_angle_y=0.0
enter_time=0
alpha_in=0
alpha_out=0
time_action0=stop,-60,-5.7,-1.34,0,1.55,0,stand,5,true,,,,0,1.00,
time_action1=hide,0,0,0,0,18,
time_action2=stop,-60,-5.7,-1.34,0,1.5500,0,stand,1.0,true,,,,0,1.00
time_action3=moveto,-41.37,-0.46,-4.22,h_walk1_1,11,true,,,,0,1.00,0,
time_action4=stop,-41.37,-0.46,-4.22,0.00,1.55,0.00,h_stand_2,22,true,,,,0,1.00,

[shilaoban]
resource=npc\worldnpc139
movetype=0
pathtype=2
base_angle_y=0.0
enter_time=0
alpha_in=0
alpha_out=0
time_action0=stop,-254.2,-166.81,407.18,0,5.26,0,h_diedownloop1_1,25,true,,,,1,1.00,

[tianfeng]
resource=npc\fbboss021001_m
movetype=0
pathtype=2
base_angle_y=0.0
enter_time=0
alpha_in=0
alpha_out=0
time_action0=stop,-2.72,0.92,-2.64,0,-23.54,0,stand,5,true,,,,0,1.00,
time_action1=hide,0,0,0,0,51,
time_action2=stop,-2.72,0.92,-2.64,0,-23.54,0,h_stand_2,16,true,,,,0,1.00

