[system]
enternpc=FunnpcClone021001[tianfeng]@-277 27 785
gutname=ancangxuanji
taskname=movie_clone021_1013.ini
info=
teamtype=0
refertype=2
show_all_npc=0
wait_terrain=1
esc_key=1
hide_weapon=1
music=clone021

[player]
resource=player
movetype=0
pathtype=2
base_angle_y=0.0
enter_time=0
alpha_in=0
alpha_out=0
time_action0=stop,-4.42,-0.14,2.28,0,-1.9,0,logo_stand_2,0.5,true,,,,0,1.00,
time_action1=stop,-4.42,-0.14,2.28,0,-1.9,0,interact081,2,true,,,,0,1.00,
time_action2=stop,-4.42,-0.14,2.28,0.00,-1.90,0.00,interact089,0.5,true,,,,0,1.00,
time_action3=stop,-4.42,-0.14,2.28,0,-1.9,0,interact339,24,true,,,,0,1.00,
time_action4=stop,-4.42,-0.14,2.28,0,-1.9,0,logoin_stand_2,5,true,,,,0,1.00,

[fanghongye]
resource=npc\fbfunnpc021001
movetype=0
pathtype=2
base_angle_y=0.0
enter_time=0
alpha_in=0
alpha_out=0
time_action0=stop,-7.63,-0.34,1.2,0,1,0,b_stand_4,1.5,true,,,,0,1.00,
time_action1=moveto,-5.94,-0.33,1.39,ds_walk1_1,1.5,true,,,,0,1.00,0,
time_action2=stop,-5.94,-0.33,1.39,0,1,0,b_stand_4,0.5,true,,,,0,1.00,
time_action3=stop,-5.94,-0.33,1.39,0,1,0,b_stand_4,5,true,,,,0,1.00,
time_action4=stop,-5.94,-0.33,1.39,0,1,0,b_nod_1,23.5,true,,,,0,1.00,

[fade_section]
time_action0=0,1,0
time_action1=11,1.0,1
time_action2=12,1.0,2
time_action3=13,1.0,0
time_action4=19,0.7,2
time_action5=21,0.7,2
time_action6=23,0.7,2
time_action7=25,0.7,2
time_action8=27,0.7,2
time_action9=31,1.0,1
time_action10=32,1.0,2

[screen_section]

[movie_talk_id]
r0=2,movie_1013_1,2,
r1=8.5,movie_1013_2,2,
r2=27,movie_1013_3,2,

[scenario_camera]
pathtype=2
angletype=4
modetype=3
time_action0=20,2.5,0,-8.093536,0.523968,2.142212,0.013077,1.623152,0,-8.093536,0.523968,2.142212,0.013077,1.623152,0,
time_action1=20,6,0,-7.234802,1.475908,1.619019,0.066905,1.40963,0,-7.234802,1.475908,1.619019,0.066905,1.40963,0,
time_action2=20,4,0,-4.623108,1.398521,2.080688,0.061088,10.473616,0,-4.623108,1.398521,2.080688,0.061088,10.473616,0,
time_action3=20,6,0,34.813965,-16.434813,-264.434448,0.013887,4.697671,0,8.711945,-19.073853,-265.415283,-0.119631,4.727122,0,
time_action4=20,1,0,8.711945,-19.073853,-265.415283,-0.119631,4.727122,0,8.711945,-19.073853,-265.415283,-0.119631,4.727122,0,
time_action5=20,2,0,-2.036041,-18.842885,-268.900024,-0.080362,5.235194,0,-2.036041,-18.842885,-268.900024,-0.080362,5.235194,0,
time_action6=20,2,0,-4.490997,-18.992604,-258.136292,0.139549,3.750302,0,-4.490997,-18.992604,-258.136292,0.139549,3.750302,0,
time_action7=20,2,0,-0.12085,-17.977201,-263.37677,-0.162829,4.093915,0,-0.12085,-17.977201,-263.37677,-0.162829,4.093915,0,
time_action8=20,2,0,0.963165,-16.77051,-263.433044,-0.170683,4.358987,0,0.963165,-16.77051,-263.433044,-0.170683,4.358987,0,
time_action9=20,4.5,0,-5.136902,1.475908,4.935608,0.250165,3.099873,0,-5.136902,1.475908,4.935608,0.250165,3.099873,0,

[qinglongjiao]
resource=npc\fbmac021029
movetype=0
pathtype=2
base_angle_y=0.0
enter_time=0
alpha_in=0
alpha_out=0
time_action0=stop,-5.26,-0.33,1.79,0,0.58,0,stand,32,true,,,,0,1.00,

[qinglongzhua]
resource=npc\fbmac021030
movetype=0
pathtype=2
base_angle_y=0.0
enter_time=0
alpha_in=0
alpha_out=0
time_action0=stop,-5.37,-0.33,2.14,0,7.6,0,stand,32,true,,,,0,1.00,

[qinglongling]
resource=npc\fbmac021031
movetype=0
pathtype=2
base_angle_y=0.0
enter_time=0
alpha_in=0
alpha_out=0
time_action0=stop,-5.02,-0.33,1.6,0,0.66,0,stand,32,true,,,,0,1.00,

[qinglongqi]
resource=npc\fbmac021032
movetype=0
pathtype=2
base_angle_y=0.0
enter_time=0
alpha_in=0
alpha_out=0
time_action0=stop,-5.19,-0.33,1.8,0,1.14,0,stand,32,true,,,,0,1.00,

