[system]
hide_weapon=1
esc_key=1
enternpc=6651[hewt]@-381.070 444.121 -532.859
gutname=6651fengjingxuemocao
taskname=movie_school13_6651.ini
info=
teamtype=0
refertype=2
show_all_npc=0
wait_terrain=1
show_head_to_chat=0
recover_camera=1
music=FBdonghua05_jiangde

[scenario_camera]
pathtype=2
angletype=4
modetype=3
time_action0=20,20,0,32.089104,-18.318937,38.274771,-0.282192,3.441526,0,127.915322,83.677523,22.420951,-0.468361,3.207548,0,
is_offset_angle=0
offset_angle_y=0.0
time_action1=20,15,0,123.19262,-61.846891,143.497489,-0.529446,3.122464,0,121.836785,-95.430753,206.28704,-0.491631,3.122464,0,

[player]
resource=player
movetype=0
pathtype=2
base_angle_y=0.0
enter_time=0
alpha_in=0
alpha_out=0
size_x=100
size_y=100
size_z=100
show_name=0
name=
time_action0=stop,0.06,-0.01,1.21,0,0.64,0,logoin_stand_2,35,true,,,,0,1.00,

[fade_section]
time_action0=0,1.0,0
time_action1=20,1.0,0
time_action2=34,1.0,1
time_action3=35,2,2

