[system]
hide_weapon=1
esc_key=1
enternpc=6654[hewt]@99.068 175.847 -499.856
gutname=6654chengdiao
taskname=movie_school13_6654.ini
info=
teamtype=0
refertype=2
show_all_npc=0
wait_terrain=1
show_head_to_chat=0
recover_camera=1
music=FBdonghua05_jiangde

[diao]
resource=npc\ride_hawk_0101
movetype=0
pathtype=2
base_angle_y=0.0
enter_time=0
alpha_in=0
alpha_out=0
size_x=100
size_y=100
size_z=100
show_name=0
name=
time_action0=stop,84.78,89.9,107.86,0,2.95,0,hawk_fly,1,true,,,,1,1.00,
time_action1=moveto,91.1,77.59,82.37,hawk_fly_down,2.5,true,,,,1,1.00,0,,0,0,0,0
time_action2=stop,70.03,87.04,84.30,0.00,-1.39,0.00,hawk_fly_up,0.5,true,,,,1,1.00,
time_action3=moveto,-12.94,108.06,93.29,hawk_fly,6,true,,,,1,1.00,0,,0,-0.00,0.00,0.00
time_action4=stop,-104,30.08,27.79,0,1.43,0,stand,0.1,true,,,,1,1.00,
time_action5=moveto,-59.1,6.85,28.35,hawk_fly,4,true,,,,1,1.00,0,,0,0,0,0

[diao2]
resource=npc\ride_hawk_0101
movetype=0
pathtype=2
base_angle_y=0.0
enter_time=13.8
alpha_in=0
alpha_out=0
size_x=100
size_y=100
size_z=100
show_name=0
name=
time_action0=stop,25.13,-8,0.38,0,1.54,0,stand,0.1,true,,,,1,1.00,
time_action1=moveto,25.13,-1,0.38,hawk_up,2,true,,,,1,0.92,1,,0,0,0,0

[player]
resource=player
movetype=0
pathtype=2
base_angle_y=0.0
enter_time=0
alpha_in=0
alpha_out=0
size_x=100
size_y=100
size_z=100
show_name=0
name=
time_action0=stop,84.78,74,107.86,0,2.95,0,hawk_fly,1,true,,,,1,1.00,
time_action1=moveto,91.1,81.69,82.37,hawk_fly_down,2.5,true,,,,1,1.00,0,,0,0,0,0
time_action2=stop,70.03,91.14,84.3,0,-1.39,0,hawk_fly_up,0.5,true,,,,1,1.00,
time_action3=moveto,-12.94,112.16,93.29,hawk_fly,6,true,,,,1,1.00,0,,0,-0.00,0.00,0.00
time_action4=stop,-104,34.18,27.79,0,1.43,0,stand,0.1,true,,,,1,1.00,
time_action5=moveto,-59.1,10.95,28.35,hawk_fly,4,true,,,,1,1.00,0,,0,0,0,0
time_action6=stop,0.14,12,-1,0,-0.07,0,stand,1,true,,,,1,1.00,
time_action7=moveto,0.07,0.00,-0.03,jumpdowning,1.0,true,,,,1,1.00,0,,0,0.00,-0.07,0.00
time_action8=stop,0.07,0.00,-0.03,0.00,-0.07,0.00,jumpdown,1.0,true,,,,0,1.00,
time_action9=stop,0.07,0,-0.03,0,-0.07,0,logoin_stand_2,1,true,,,,0,1.00,

[scenario_camera]
pathtype=2
angletype=4
modetype=3
time_action0=20,4,0,87.287484,82.291702,81.17027,-0.316105,13.443915,0,87.287484,82.291702,81.17027,-0.316105,13.443915,0,
is_offset_angle=0
offset_angle_y=0.0
time_action1=20,6,0,75.548714,92.161118,83.073285,0.495472,11.086084,0,-9.079513,112.973496,93.321576,0.038776,17.258026,0,
time_action2=20,4,0,-96.431591,29.519837,34.01048,0.094046,15.543176,0,-63.393706,13.002136,33.041455,-0.068851,15.73294,0,
time_action3=20,4,0,0.000802,2.085022,15.47395,-0.109452,9.418559,0,-0.038421,1.976532,12.471814,-0.074546,9.44147,0,

[fade_section]
time_action0=0,1.0,2
time_action1=1,0.5,0
time_action2=17,1.0,1
time_action3=18,1.0,2

[sound_section]
r0=2.5,npc\4401_9.wav
r1=15.1,fight\other\fight_qg_edt_02.wav

