[system]
hide_weapon=1
esc_key=1
enternpc=6656[hewt]@-284.661 309.322 278.101
gutname=6656shidaodahuixubin
taskname=movie_school13_6656.ini
info=
teamtype=0
refertype=2
show_all_npc=0
wait_terrain=1
show_head_to_chat=0
recover_camera=1
music=FBdonghua04_jiliezhengchao

[JYW]
resource=npc\worldnpc798
movetype=0
pathtype=2
base_angle_y=0.0
enter_time=0
alpha_in=0
alpha_out=0
size_x=100
size_y=100
size_z=100
show_name=0
name=
time_action0=stop,11.93,0,9.94,0,-1.67,0,b_stand_4,6,true,,,,0,1.00,
time_action1=stop,11.93,0,9.94,0,-1.67,0,ty_bow,2.5,true,,,,0,1.00,
time_action2=stop,11.93,-0.00,9.94,0.00,-0.28,0.00,h_walk1_1,0.5,true,,,,0,1.00,
time_action3=moveto,6.30,-0.00,27.37,h_run1_1,4,true,,,,0,1.00,0,,0,0.00,-0.33,0.00

[XB]
resource=npc\worldnpc1365
movetype=0
pathtype=2
base_angle_y=0.0
enter_time=0
alpha_in=0
alpha_out=0
size_x=100
size_y=100
size_z=100
show_name=0
name=
time_action0=stop,10.29,0,9.75,0,1.46,0,ty_bukuai_guard,9,true,,,,0,1.00,
time_action1=stop,10.29,-0.00,9.75,0.00,-0.25,0.00,h_walk1_1,1.0,true,,,,0,1.00,
time_action2=stop,10.29,0,9.75,0,-0.25,0,ty_bukuai_guard,4,true,,,,0,1.00,

[player]
resource=player
movetype=0
pathtype=2
base_angle_y=0.0
enter_time=0
alpha_in=0
alpha_out=0
size_x=100
size_y=100
size_z=100
show_name=0
name=
time_action0=stop,2.22,-3,-12.62,0,-2.73,0,stand,14,true,,,,1,1.00,

[scenario_camera]
pathtype=2
angletype=4
modetype=3
time_action0=20,11,0,3.934041,0.742026,1.609052,-0.036523,0.767032,0,5.593648,2.356497,4.515974,0.19037,0.794849,0,
is_offset_angle=0
offset_angle_y=0.0
time_action1=20,3,0,9.432057,1.293021,10.754591,-0.07143,2.418005,0,9.644337,1.39736,10.510084,-0.088883,2.390188,0,

[movie_talk_id]
r0=1,movie_6656_1,2,
r1=6,movie_6656_2,2,
r2=9, ,2,

[fade_section]
time_action0=0,1.0,0
time_action1=13,1.0,1
time_action2=14,1.0,2

