[system]
enternpc=6660[hewt]@-350 454 -537
gutname=6661xuemocao
taskname=movie_school13_6661.ini
info=
teamtype=0
refertype=2
show_all_npc=1
wait_terrain=1
show_head_to_chat=0
recover_camera=0

[ss]
resource=npc\fbmac004012
movetype=0
pathtype=2
base_angle_y=0.0
enter_time=0
alpha_in=0
alpha_out=0
show_name=0
name=
size_x=100
size_y=100
size_z=100
time_action0=stop,16.68,-91.89,12.26,0,2.38,0,stand,30,true,,,,0,1.00,

[scenario_camera]
pathtype=2
angletype=4
modetype=3
time_action0=20,10,1,3.650909,-0.173096,16.871216,-0.07469,3.379825,0,88.301819,-11.847534,50.696136,-0.748389,3.2162,0,
is_offset_angle=0
offset_angle_y=0.0
time_action1=20,0.5,0,88.301819,-11.847534,50.696136,-0.748389,3.2162,0,93.765778,-155.250824,205.149139,-0.748389,3.2162,0,
time_action2=20,19.5,0,93.765778,-155.250824,205.149139,-0.748389,3.2162,0,276.300415,-118.645172,271.043854,-0.322528,3.875055,0,

[fade_section]
time_action0=0,1.0,0
time_action1=28,1.0,1
time_action2=29,1.0,2

[screen_section]
time_action0=10,0.5,3,0.0,0.0

[music_section0]
name=school13
trigger_time=0
keep_time=30
fade_in_time=1
fade_out_time=1
loop=0
start_time=39.56

