[system]
enternpc=6660[hewt]@-283 371 -113
gutname=6662zhudian
taskname=movie_school13_6662.ini
info=
teamtype=0
refertype=2
show_all_npc=1
wait_terrain=1
show_head_to_chat=0
recover_camera=0
esc_key=0
hide_weapon=0

[scenario_camera]
pathtype=2
angletype=4
modetype=3
is_offset_angle=0
offset_angle_y=0.0
enter_time=0
time_action0=20,20,1,-2.01004,4.820618,-6.590973,0.265246,6.342548,0,-247.906738,11.744141,-135.168472,-0.000044,7.381011,0,
time_action1=20,20,2,-247.906738,11.744141,-135.168472,-0.000044,7.381011,0,114.735611,-60.196045,-220.426666,-0.335147,5.410968,0,

[sd]
resource=npc\fbmac004012
movetype=0
pathtype=2
base_angle_y=0.0
enter_time=0
alpha_in=0
alpha_out=0
show_name=0
name=
size_x=100
size_y=100
size_z=100
time_action0=stop,1.92,0.88,5.07,-0.00,0.04,0.00,stand,40,true,,,,0,1.00,

[fade_section]
time_action0=0,1.0,0
time_action1=38,1.0,1
time_action2=39,1.0,2

[music_section0]
name=school13
trigger_time=0
keep_time=40
fade_in_time=1
fade_out_time=1
loop=0
start_time=55.04

