[MainInfo]
FrameTime=0.033333
RulerStart=0.000000
RulerEnd=370.000000
CameraX=-99.077194
CameraY=27.346214
CameraZ=212.841599
CameraRX=-0.158331
CameraRY=-3.033380
CameraRZ=0.000000
CaptureAngleX=0.000000
CaptureAngleY=0.000000
CaptureAngleZ=0.000000
CapturePosX=0.000000
CapturePosY=0.000000
CapturePosZ=0.000000
CanBreak=0
ShowPlayer=0
ShowNpc=0
ShowWeapon=0
Player=

[npc_1]
WorldType=objects
ObjectType=Actor
Name=A31AB733573C482FB524B39AD405A591
VisualType=Actor
PositionX=-98.847176
PositionY=26.343239
PositionZ=210.572021
AngleX=0.000000
AngleY=-0.280000
AngleZ=0.000000
ScaleX=0.999956
ScaleY=1.000000
ScaleZ=0.999956
VisualConfig=ini\npc\SLBoss007.ini
Path=npc_1.xml

[camera_1]
WorldType=objects
ObjectType=camera
Name=2826742AD96540A9993CEA3E16135EF3
VisualType=CameraWrapper
PositionX=-111.348770
PositionY=12.397321
PositionZ=280.936432
AngleX=-0.105971
AngleY=3.006003
AngleZ=-0.000000
ScaleX=1.000000
ScaleY=0.999995
ScaleZ=1.000000
VisualConfig=mdl\camera\camera01\camera.xmod
CameraType=free
Fovx=1.465188
Path=camera_1.xml

[camera_2]
WorldType=objects
ObjectType=camera
Name=49F29002B77E46CBA9D391D5E2CE50C3
VisualType=CameraWrapper
PositionX=-99.077194
PositionY=27.346214
PositionZ=212.841599
AngleX=-0.158331
AngleY=-3.033380
AngleZ=0.000000
ScaleX=1.000000
ScaleY=1.000000
ScaleZ=1.000000
VisualConfig=mdl\camera\camera01\camera.xmod
CameraType=free
Fovx=1.465188
Path=camera_2.xml

[custom]
WorldType=global
ObjectType=custom
Name=
VisualType=
Path=custom.xml

[camera_3]
WorldType=objects
ObjectType=camera
Name=D2558F4D84FC4F05A16B10D6A2C6B9A1
VisualType=CameraWrapper
PositionX=-109.566887
PositionY=14.696888
PositionZ=268.018341
AngleX=-0.097245
AngleY=3.014184
AngleZ=0.000000
ScaleX=1.000000
ScaleY=0.999994
ScaleZ=1.000000
VisualConfig=mdl\camera\camera01\camera.xmod
CameraType=free
Fovx=1.465188
Path=camera_3.xml

[rule_xjz_002_1]
WorldType=objects
ObjectType=EffectModel
Name=CAB9296116AC4A4EBF540B98F1564A11
VisualType=EffectModel
PositionX=-98.735489
PositionY=27.334127
PositionZ=210.852798
AngleX=-0.139890
AngleY=1.459790
AngleZ=-0.390745
ScaleX=0.999961
ScaleY=0.999993
ScaleZ=0.999958
EffectConfig=ini\effect\playerweapon\weapon_3h.ini
EffectName=rule_xjz_002
Path=rule_xjz_002_1.xml

[camera_4]
WorldType=objects
ObjectType=camera
Name=29725615AA384025986D52E2A36B7AB2
VisualType=CameraWrapper
PositionX=-109.230621
PositionY=10.855356
PositionZ=249.847153
AngleX=-0.117607
AngleY=3.097633
AngleZ=0.000000
ScaleX=0.999970
ScaleY=0.999967
ScaleZ=0.999967
VisualConfig=mdl\camera\camera01\camera.xmod
CameraType=free
Fovx=1.465188
Path=camera_4.xml

[object_hsi]
WorldType=global
ObjectType=ppfilter_hsi
Name=
VisualType=
Path=object_hsi.xml

[clone038]
WorldType=music
ObjectType=Music
Name=ADBFBC8823AD41D8A435D42962EC8426
VisualType=Music
MusicConfig=mus\clone038.ogg
MusicType=npc
Path=clone038.xml

