[system]
hide_weapon=1
esc_key=1
enternpc=1502[hewt]@1200.426 2.473 1469.224
gutname=1502JLBbingbuzhengchao
taskname=movie_clone033_1502.ini
info=
teamtype=0
refertype=2
show_all_npc=0
wait_terrain=1
show_head_to_chat=0
recover_camera=1
music=FBdonghua04_jiliezhengchao

[wangjunyi]
resource=npc\monster471
movetype=0
pathtype=2
base_angle_y=0.0
enter_time=0
alpha_in=0
alpha_out=0
show_name=0
name=
size_x=100
size_y=100
size_z=100
time_action0=stop,-2.29,0.17,-10.64,0,0.77,0,s_stand_2,26,true,,,effect_npcitem215|monster471_H_objR_01|99|1,0,1.00,

[zhangzhen]
resource=npc\worldnpc217
movetype=0
pathtype=2
base_angle_y=0.0
enter_time=0
alpha_in=0
alpha_out=0
show_name=0
name=
size_x=100
size_y=100
size_z=100
time_action0=stop,-0.99,0.17,-9.38,0,-1.6,0,s_stand_2,8,true,,,effect_npcitem215|worldnpc217_H_objR_01|99|1,0,1.00,
time_action1=stop,-0.99,0.17,-9.38,-0.00,-2.32,0.00,lst_walk1_1,1.0,true,,,,0,1.00,
time_action2=stop,-0.99,0.17,-9.38,0,-2.32,0,s_stand_2,17,true,,,,0,1.00,

[yejun]
resource=npc\monster105
movetype=0
pathtype=2
base_angle_y=0.0
enter_time=0
alpha_in=0
alpha_out=0
show_name=0
name=
size_x=100
size_y=100
size_z=100
time_action0=stop,-1.14,0.17,-7.75,0,-2.79,0,h_stand_6,26,true,,,effect_npcitem215|monster105_H_objR_01|99|1,0,1.00,

[zhangpeng]
resource=npc\monster482
movetype=0
pathtype=2
base_angle_y=0.0
enter_time=0
alpha_in=0
alpha_out=0
show_name=0
name=
size_x=100
size_y=100
size_z=100
time_action0=stop,-3.5,0.17,-7.44,0,2.2,0,lst_stand_1,26,true,,,effect_npcitem215|monster105_H_objR_01|99|1,0,1.00,

[panfei]
resource=npc\fbfunnpc004016
movetype=0
pathtype=2
base_angle_y=0.0
enter_time=0
alpha_in=0
alpha_out=0
show_name=0
name=
size_x=100
size_y=100
size_z=100
time_action0=stop,-4.14,0.17,-9.41,0,1.54,0,s_stand_2,26,true,,,,0,1.00,

[scenario_camera]
pathtype=2
angletype=4
modetype=3
time_action0=20,6,0,-2.309545,-0.540245,5.454833,-0.052199,3.137703,0,-2.344823,0.743806,3.92578,-0.043472,3.154066,0,
is_offset_angle=0
offset_angle_y=0.0
time_action1=20,8,0,-0.151952,1.462376,-6.665406,0.011796,3.640039,0,-0.54099,1.439677,-8.126954,-0.043472,3.813483,0,
time_action2=20,5,0,-3.107519,1.647375,-10.903565,0.0787,1.156217,0,-3.244848,1.647375,-10.591554,0.0787,1.17258,0,
time_action3=20,7,0,-2.562963,2.576523,-6.839479,0.421948,2.882455,0,-2.453222,1.230428,-5.316041,-0.10456,3.126257,0,

[player]
resource=player
movetype=0
pathtype=2
base_angle_y=0.0
enter_time=0
alpha_in=0
alpha_out=0
size_x=100
size_y=100
size_z=100
show_name=0
name=
time_action0=stop,0,-3.05,0,0,0,0,stand,26,true,,,,1,1.00,

[fade_section]
time_action0=0,1.0,0
time_action1=25,1.0,1
time_action2=26,1.0,2

[movie_talk_id]
r0=0,movie_1502_1,2,
r1=6,movie_1502_2,2,
r2=14,movie_1502_3,2,
r3=19,movie_1502_4,2,

