[system]
hide_weapon=1
esc_key=1
enternpc=1504[hewt]@1201.219 2.473 1468.971
gutname=1504JLBneijiansihou
taskname=movie_clone033_1504.ini
info=
teamtype=0
refertype=2
show_all_npc=0
wait_terrain=1
show_head_to_chat=0
recover_camera=1
music=FBdonghua04_jiliezhengchao

[neijian]
resource=npc\monster471
movetype=0
pathtype=2
base_angle_y=0.0
enter_time=0
alpha_in=0
alpha_out=0
show_name=0
name=
size_x=100
size_y=100
size_z=100
time_action0=stop,-4.01,0.17,-5.36,0,-0.06,0,ds_diedownloop1_1,23,true,,,effect_blade_00093|monster471_H_objR_01|99|1,0,1.00,

[zhangzhen]
resource=npc\worldnpc217
movetype=0
pathtype=2
base_angle_y=0.0
enter_time=0
alpha_in=0
alpha_out=0
show_name=0
name=
size_x=100
size_y=100
size_z=100
time_action0=stop,-2.85,0.17,-10.13,0,-0.02,0,s_stand_2,23,true,,,effect_npcitem215|worldnpc217_H_objR_01|99|1,0,1.00,

[yejun]
resource=npc\monster105
movetype=0
pathtype=2
base_angle_y=0.0
enter_time=0
alpha_in=0
alpha_out=0
show_name=0
name=
size_x=100
size_y=100
size_z=100
time_action0=stop,-1.69,0.17,-8.79,0,-0.77,0,s_stand_2,23,true,,,effect_npcitem215|monster105_H_objR_01|99|1,0,1.00,

[zhangpeng]
resource=npc\monster482
movetype=0
pathtype=2
base_angle_y=0.0
enter_time=0
alpha_in=0
alpha_out=0
show_name=0
name=
size_x=100
size_y=100
size_z=100
time_action0=stop,-4.51,0.17,-9.56,0,0.62,0,h_stand_6,23,true,,,effect_npcitem215|monster105_H_objR_01|99|1,0,1.00,

[panfei]
resource=npc\fbfunnpc004016
movetype=0
pathtype=2
base_angle_y=0.0
enter_time=0
alpha_in=0
alpha_out=0
show_name=0
name=
size_x=100
size_y=100
size_z=100
time_action0=stop,-4.86,0.17,-7.66,0,1.44,0,lst_stand_2,23,true,,,,0,1.00,

[scenario_camera]
pathtype=2
angletype=4
modetype=3
time_action0=20,6,0,-5.442511,0.47154,-2.901664,-0.031273,-3.638814,0,-5.163824,0.717446,-3.485282,-0.153446,-3.563546,0,
is_offset_angle=0
offset_angle_y=0.0
time_action1=20,3,0,-2.868048,1.565206,-8.632865,-0.008002,-6.3026,0,-2.868048,1.565206,-8.632865,-0.008002,-6.3026,0,
time_action2=20,8,0,-2.522589,1.598214,-6.312675,0.032721,-9.295352,0,-2.077643,1.666554,-5.713065,0.102535,-9.246263,0,
time_action3=20,6,0,-2.686285,1.620781,-8.223075,-0.057454,-10.520905,0,-2.409552,1.738012,-8.379325,-0.071999,-10.504544,0,

[player]
resource=player
movetype=0
pathtype=2
base_angle_y=0.0
enter_time=0
alpha_in=0
alpha_out=0
size_x=100
size_y=100
size_z=100
show_name=0
name=
time_action0=stop,-2.9,0.17,-7.53,0,3.11,0,logoin_stand_2,6,true,,,,0,1.00,
time_action1=stop,-2.9,0.17,-7.53,0,3.11,0,interact284,2.5,true,,,,0,1.00,
time_action2=stop,-2.9,0.17,-7.53,0,3.11,0,logoin_stand_2,14.5,true,,,,0,1.00,

[movie_talk_id]
r0=0,movie_1504_1,2,
r1=9,movie_1504_2,2,
r2=17,movie_1504_3,2,

[fade_section]
time_action0=0,1.0,0
time_action1=22,1.0,1
time_action2=23,1.0,2

