[system]
esc_key=1
hide_weapon=1
enternpc=1505[hewt]@838.778 5.828 1242.271
gutname=1505JLBtaiziyucike
taskname=movie_clone033_1505.ini
info=
teamtype=0
refertype=2
show_all_npc=0
wait_terrain=1
show_head_to_chat=0
recover_camera=1

[taizi]
resource=npc\worldnpc630
movetype=0
pathtype=2
base_angle_y=0.0
enter_time=0
alpha_in=0
alpha_out=0
show_name=0
name=
size_x=100
size_y=100
size_z=100
time_action0=stop,8.46,0.01,-0.14,0,0.68,0,h_stand_2,3,true,,,,0,1.00,
time_action1=stop,8.46,0.01,-0.14,-0.00,-2.41,0.00,h_walk1_1,1.0,true,,,,0,1.00,
time_action2=stop,8.46,0.01,-0.14,0,-2.41,0,b_stand_4,1,true,,,,0,1.00,

[cike]
resource=npc\worldnpc574
movetype=0
pathtype=2
base_angle_y=0.0
enter_time=0
alpha_in=0
alpha_out=0
show_name=0
name=
size_x=100
size_y=100
size_z=100
time_action0=stop,3.74,6.31,-4.21,0,0.83,0,stand,1.5,true,,,,0,1.00,
time_action1=moveto,4.03,0.01,-3.94,jumpdowning,0.5,true,,,,1,1.00,0,,0,0,0,0
time_action2=stop,4.03,0.01,-3.94,-0.00,0.83,0.00,jumpdown,1.0,true,,,,0,1.00,
time_action3=stop,4.03,0.01,-3.94,0,0.83,0,da_fi_stand_1,2,true,,,,0,1.00,

[scenario_camera]
pathtype=2
angletype=4
modetype=3
time_action0=20,4,0,-0.749924,1.442164,-5.232914,0.05336,1.092347,0,1.618606,1.299641,-4.003666,0.05336,1.092347,0,
is_offset_angle=0
offset_angle_y=0.0
time_action1=20,1,0,4.942215,1.173649,-2.88245,-0.063631,3.860912,0,4.616165,1.312707,-3.251957,-0.107265,3.846186,0,

[player]
resource=player
movetype=0
pathtype=2
base_angle_y=0.0
enter_time=0
alpha_in=0
alpha_out=0
size_x=100
size_y=100
size_z=100
show_name=0
name=
time_action0=stop,-10.99,-5,-3.34,0,1.53,0,fi_3h_stand,5,true,,,,1,1.00,

[fade_section]
time_action0=0,1.0,0
time_action1=4.,1.0,1
time_action2=5.,1.0,2

[movie_talk_id]
r0=2,movie_1505_1,2,

[music_section0]
name=clone003
trigger_time=0
keep_time=6
fade_in_time=0
fade_out_time=0
loop=0
start_time=3.741818

