[system]
enternpc=5464WAWQG15[hewt]@1753.159 7.685 1568.242
gutname=1513huangshangweiji
taskname=movie_clone033_1513.ini
info=
teamtype=0
refertype=2
show_all_npc=0
wait_terrain=1
show_head_to_chat=0
recover_camera=0
esc_key=1
hide_weapon=0
music=FBdonghua04_jiliezhengchao

[suhonghong]
resource=npc\boss086_m
movetype=0
pathtype=2
base_angle_y=0.0
enter_time=0
alpha_in=0
alpha_out=0
show_name=0
name=
size_x=100
size_y=100
size_z=100
time_action0=stop,-10.96,2.40,0.33,-0.00,1.56,0.00,stand,2,true,,,,0,1.00,
time_action1=moveto,-5.53,2.31,0.29,h_walk2_1,4,true,,,,1,1.00,0,,0,-0.00,1.55,0.00
time_action2=stop,-5.53,2.31,0.29,0,1.55,0,h_stand_2,5,true,,,,0,1.00,

[mowuqing]
resource=npc\qynpc00007
movetype=0
pathtype=2
base_angle_y=0.0
enter_time=0
alpha_in=0
alpha_out=0
show_name=0
name=
size_x=100
size_y=100
size_z=100
time_action0=stop,-13.91,2.27,1.86,-0.00,1.73,0.00,s_stand_2,11,true,,,effect_npcitem202_default|qynpc00007_H_objR_01|11|1,0,1.00,

[zhudi]
resource=npc\worldnpc629
movetype=0
pathtype=2
base_angle_y=0.0
enter_time=0
alpha_in=0
alpha_out=0
show_name=0
name=
size_x=100
size_y=100
size_z=100
time_action0=stop,-14.18,2.51,0.22,-0.00,1.54,0.00,h_stand_2,11,true,,,,0,1.00,

[scenario_camera]
pathtype=2
angletype=4
modetype=3
is_offset_angle=0
offset_angle_y=0.0
enter_time=0
time_action0=20,3,0,2.452084,1.119722,-1.562435,-0.035421,6.230478,0,2.452084,1.119722,-1.562435,-0.035421,6.230478,0,
time_action1=20,7,0,-2.891666,4.975227,-1.143611,0.169282,-1.384693,0,-4.140812,3.78288,0.561101,0.061653,-1.738122,0,
time_action2=20,1,0,-4.140812,3.78288,0.561101,0.061653,-1.738122,0,-4.466251,3.762512,0.506169,0.047109,-1.715214,0,

[player]
resource=player
movetype=0
pathtype=2
base_angle_y=0.0
enter_time=0
alpha_in=0
alpha_out=0
size_x=100
size_y=100
size_z=100
show_name=0
name=
time_action0=stop,6.89,-0.00,0.30,0.00,-1.58,0.00,logoin_stand_2,1.0,true,,,,0,1.00,
time_action1=moveto,2.42,-0.00,0.23,fi_0h_run,1,true,,,,0,1.00,0,,0,0.00,-1.59,0.00
time_action2=stop,2.42,0,0.23,0,-1.59,0,logoin_stand_2,10,true,,,,0,1.00,

[fade_section]
time_action0=0,1.0,2
time_action1=1,1.0,0
time_action2=10,1.0,1
time_action3=11,2,2

[movie_talk_id]
r0=1,movie_1513_1,2,
r1=3, ,2,
r2=6,movie_1513_2,2,

