[system]
esc_key=1
hide_weapon=1
enternpc=jinling[jiebing]@734 10 1123
gutname=4065jiebing
taskname=movie_wgm_4065.ini
info=
teamtype=0
refertype=2
show_all_npc=0
wait_terrain=1
show_head_to_chat=1
recover_camera=1

[huangdi]
resource=npc\worldnpc629
movetype=0
pathtype=2
base_angle_y=0.0
enter_time=0
alpha_in=0
alpha_out=0
size_x=100
size_y=100
size_z=100
time_action0=stop,0.42,4.03,-52.57,0,-0.01,0,ty_kv3_3,17,true,,,,0,1.00,
time_action1=stop,0.42,4.03,-52.57,0,-0.01,0,h_stand_2,15,true,,,,0,1.00,
time_action2=stop,0.42,4.03,-52.57,0,-0.01,0,ty_kv3_1,4,true,,,,0,1.00,

[zhugaosui]
resource=npc\worldnpc630
movetype=0
pathtype=2
base_angle_y=0.0
enter_time=0
alpha_in=0
alpha_out=0
size_x=100
size_y=100
size_z=100
time_action0=stop,-0.05,-5.09,-3.11,-0.00,3.14,0.00,stand,1.0,true,,,,0,1.00,
time_action1=moveto,-0.02,-2.03,-10.40,b_walk1_3,7,true,,,,1,1.00,0,
time_action2=stop,-0.02,-2.03,-10.40,-0.00,-3.09,0.00,stand,0.5,true,,,,0,1.00,
time_action3=stop,0.36,2.77,-40.01,0,-3.1,0,stand,0.5,true,,,,0,1.00,
time_action4=moveto,0.23,2.77,-43.1,ds_walk1_1,3,true,,,,0,1.00,0,
time_action5=stop,0.23,2.77,-43.1,0,-3.1,0,bow_1,4,true,,,,0,1.00,
time_action6=stop,0.23,2.77,-43.1,0,-3.1,0,ty_talk1,13,true,,,,0,1.00,
time_action7=stop,0.23,2.77,-43.1,0,-3.1,0,ty_bow,3,true,,,,0,0.91,

[player]
resource=player
movetype=0
pathtype=2
base_angle_y=0.0
enter_time=0
alpha_in=0
alpha_out=0
size_x=100
size_y=100
size_z=100
time_action0=stop,0.74,16.44,-30.3,0,0.01,0,stand,1.0,true,,,,0,1.00,
time_action1=stop,0.74,16.44,-30.3,0,0.01,0,stand,35,true,,,,0,1.00,

[scenario_camera]
pathtype=2
angletype=4
modetype=3
time_action0=20,1,0,3.314453,20.498869,-32.007813,0.846383,-0.316342,0,3.314453,20.498869,-32.007813,0.846383,-0.316342,0,
time_action1=20,8,0,3.314453,20.498869,-32.007813,0.846383,-0.316342,0,2.518555,20.498869,-32.268433,0.846383,-0.316342,0,
time_action2=20,3,0,1.181091,4.702124,-46.569824,0.158735,6.160397,0,1.181091,4.702124,-46.569824,0.228548,6.097563,0,
time_action3=20,3,0,1.181091,4.702124,-46.569824,0.228548,6.097563,0,1.181091,4.702124,-46.569824,0.228548,6.097563,0,
time_action4=20,2,0,2.326965,4.290766,-45.992676,-0.043723,3.450776,0,2.326965,4.290766,-45.992676,-0.043723,3.450776,0,
time_action5=20,9,0,-0.616394,4.61018,-38.673096,0.186661,3.007039,0,-0.616394,4.61018,-38.673096,0.186661,3.007039,0,
time_action6=20,6,0,0.784851,4.831667,-46.955078,0.308834,-0.034413,0,0.784851,4.831667,-46.955078,0.308834,-0.034413,0,
time_action7=20,4,0,3.196899,5.266058,-48.357788,0.053389,3.749777,0,3.196899,5.266058,-48.357788,0.053389,3.749777,0,

[fade_section]
time_action0=0,1.0,2
time_action1=1,1.0,0
time_action2=8,1.0,1
time_action3=9,1,0
time_action4=35,1.0,1
time_action5=36,1.0,2

[movie_talk_id]
r0=12,movie_4065_1,2,
r1=15,movie_4065_2,2,
r2=17,movie_4065_3,2,
r3=26,movie_4065_4,2,
r4=32,movie_4065_5,2,

