[system]
hide_weapon=1
esc_key=1
enternpc=jinling[gxmimou]@1483 10 987
gutname=4071mimou
taskname=movie_wgm_4071.ini
info=
teamtype=0
refertype=2
show_all_npc=0
wait_terrain=1
show_head_to_chat=1
recover_camera=1

[scenario_camera]
pathtype=2
angletype=4
modetype=3
time_action0=20,6,0,0.874512,7.003597,7.302795,0.036114,3.153838,0,1.60376,7.115353,1.501587,0.06753,3.326622,0,
time_action1=20,1,0,1.60376,7.115353,1.501587,0.06753,3.326622,0,1.60376,7.115353,1.501587,0.06753,3.326622,0,
time_action2=20,6,0,0.352783,7.289942,-0.889343,0.231591,1.031296,0,0.352783,7.289942,-0.889343,0.231591,1.031296,0,
time_action3=20,4,0,2.484253,7.394861,0.699097,0.11989,3.564209,0,2.484253,7.394861,0.699097,0.11989,3.564209,0,
time_action4=20,12,0,0.660034,7.140236,-0.215027,0.124145,1.215675,0,0.660034,7.140236,-0.215027,0.124145,1.215675,0,
time_action5=20,10,0,-1.723022,7.122023,2.48877,0.085748,2.385918,0,2.133423,7.122023,3.69928,0.141598,3.273415,0,
time_action6=20,5,0,2.133423,7.122023,3.69928,0.141598,3.273415,0,2.133423,7.122023,3.69928,0.141598,3.273415,0,
time_action7=20,6,0,1.434692,7.357006,-0.767029,-0.043407,3.432456,0,1.434692,7.357006,-0.767029,-0.043407,3.432456,0,

[ZGS]
resource=npc\worldnpc630
movetype=0
pathtype=2
base_angle_y=0.0
enter_time=0
alpha_in=0
alpha_out=0
size_x=100
size_y=100
size_z=100
time_action0=stop,0.84,6.21,-2.99,0,0.09,0,ty_kv3_1,12,true,,,,0,1.00,
time_action1=stop,0.84,6.21,-2.99,0,0.09,0,h_stand_2,38,true,,,,0,1.00,

[moushi]
resource=npc\worldnpc140
movetype=0
pathtype=2
base_angle_y=0.0
enter_time=0
alpha_in=0
alpha_out=0
size_x=100
size_y=100
size_z=100
time_action0=stop,2.8,5.54,0.73,0,-2.26,0,stand,50,true,,,,0,1.00,

[wuqing]
resource=npc\monster377
movetype=0
pathtype=2
base_angle_y=0.0
enter_time=0
alpha_in=0
alpha_out=0
size_x=100
size_y=100
size_z=100
time_action0=stop,2.49,5.54,-1.99,0,0.07,0,b_stand_2,50,true,,,,0,1.00,

[fade_section]
time_action0=0,1.0,2
time_action1=1,1.0,0
time_action2=49,1.0,1
time_action3=50,1.0,2

[movie_talk_id]
r0=1,movie_4071_1,2,
r1=7,movie_4071_2,2,
r2=13,movie_4071_3,2,
r3=17,movie_4071_4,2,
r4=23,movie_4071_5,2,
r5=30,movie_4071_6,2,
r6=38,movie_4071_7,2,
r7=44,movie_4071_8,2,

[player]
resource=player
movetype=0
pathtype=2
base_angle_y=0.0
enter_time=0
alpha_in=0
alpha_out=0
size_x=100
size_y=100
size_z=100
time_action0=stop,6.94,5.54,11.84,-0.00,-2.28,0.00,stand,50,true,,,,0,1.00,

