[system]
hide_weapon=1
esc_key=0
enternpc=15movie5128[hewt]@648 4 1039
gutname=5128KHBD02
taskname=movie_city03_5128.ini
info=
teamtype=0
refertype=2
show_all_npc=0
wait_terrain=1
show_head_to_chat=0
music=FBdonghua04_jiliezhengchao
restore_pos=0

[guan222222]
resource=npc\fbboss00327
movetype=0
pathtype=2
base_angle_y=0.0
enter_time=0
alpha_in=0
alpha_out=0
size_x=100
size_y=100
size_z=100
time_action0=stop,-14.94,2.32,34.08,0,3.09,0,s_stand_2,3,true,,,effect_npcitem355|fbboss00327_H_objR_01|15|1,1,1.00,
time_action1=moveto,-14.94,2.32,32.70,lst_datk2_3,2.8,true,,,,1,0.50,0,
time_action2=moveto,-14.94,2.32,30.63,lst_datk8_3,4.4,true,,,,1,0.50,0,
time_action3=stop,-14.79,2.21,32.06,0,-2.9600,0,stand,1.8,true,,,,1,1.00,
time_action4=stop,-14.89,2.23,32.05,-0.00,-2.96,0.00,h_stand_4,20,true,,,,1,1.00,

[xiaotaijian]
resource=npc\worldnpc626
movetype=0
pathtype=2
base_angle_y=0.0
enter_time=0
alpha_in=0
alpha_out=0
size_x=100
size_y=100
size_z=100
time_action0=stop,-15.7,2.44,33,0,1.89,0,b_stand_4,8,true,,,,1,1.00,
time_action1=moveto,-14.26,2.44,32.41,h_walk1_1,2,true,,,,1,1.00,0,
time_action2=stop,-14.26,2.44,32.41,0,1.78,0,st_stand_2,2,true,,,,1,1.00,
time_action3=stop,-14.26,2.44,32.41,-0.00,1.78,0.00,st_stand_2,20,true,,,,1,1.00,

[guangyuan]
resource=npc\fbmac004012
movetype=0
pathtype=2
base_angle_y=0.0
enter_time=0
alpha_in=0
alpha_out=0
size_x=100
size_y=100
size_z=100
time_action0=stop,-14.03,2.8,31.62,0,-1.44,0,stand,33,true,,,effect_npcitem167|Model::Point01|100|1,1,1.00,

[scenario_camera]
pathtype=2
angletype=4
modetype=3
time_action0=20,30,0,-13.278442,3.753055,32.216675,-0.139625,-7.810676,0,-13.278442,3.753055,32.216675,-0.139625,-7.810676,0,
time_action1=20,3,0,-4.482056,2.708824,-26.262146,0.148748,3.13253,0,-4.482056,2.708824,-26.262146,0.148748,3.13253,0,

[movie_talk_id]
r0=2,movie_5128_1,2,
r1=6,movie_5128_2,2,
r2=11,movie_5128_3,2,
r3=14,movie_5128_4,2,
r4=16,movie_5128_5,2,
r5=19,movie_5128_6,2,
r6=21,movie_5128_7,2,
r7=27,movie_5128_8,2,

[scene_param_section]
r0=0,city03\5127KHBD.eff,0
r1=30,city03\KHBD02.eff,0

[fade_section]
time_action0=0,3,2
time_action1=3,1.0,0
time_action2=9,1.0,1
time_action3=10.,13,2
time_action4=23,1.0,0
time_action5=28,1.0,1
time_action6=29,4,2

[player]
resource=player
movetype=0
pathtype=2
base_angle_y=0.0
enter_time=0
alpha_in=0
alpha_out=0
size_x=100
size_y=100
size_z=100
time_action0=stop,-18.42,0.29,-116.36,-0.00,-2.98,0.00,stand,10,true,,,,0,1.00,
time_action1=stop,-4.44,0.58,-30.02,0,3.13,0,stand,23,true,,,,0,1.00,

