[system]
hide_weapon=1
esc_key=0
enternpc=5463WAWQG15[hewt]@465.542 11.088 882.983
gutname=5463CZQbeihuijiao
taskname=movie_qycity03_5463.ini
info=
teamtype=0
refertype=2
show_all_npc=0
wait_terrain=1
show_head_to_chat=0
recover_camera=0
music=FBdonghua04_jiliezhengchao

[jiaozi]
resource=npc\brokennpc\brokenitem013
movetype=0
pathtype=2
base_angle_y=0.0
enter_time=0
alpha_in=0
alpha_out=0
size_x=100
size_y=100
size_z=100
time_action0=stop,0,0,0,0,0,0,stand,1.5,true,,,,0,1.00,

[CZQ]
resource=npc\fbboss00021
movetype=0
pathtype=2
base_angle_y=0.0
enter_time=0
alpha_in=0
alpha_out=0
size_x=100
size_y=100
size_z=100
time_action0=stop,0,4.16,0,0,3,0,b_stand_4,1.5,true,,,effect_npcitem330|fbboss00021_H_objR_01|10|1,1,1.00,
time_action1=moveto,-0.00,10.58,-0.00,qg_jump03,1.6,true,,,,1,1.00,0,
time_action2=moveto,-15.48,13.92,-20.62,ty_1h_qg_fastruning_s,1.3,true,,,,1,1.00,0,
time_action3=stop,-15.48,13.92,-20.62,-0.00,2.88,0.00,jumpdown,0.4,true,,,,0,1.00,
time_action4=moveto,-10.18,16.90,-33.09,qg_swim_waterw_f,1.3,true,,,,1,1.00,0,

[zajiaozi]
resource=npc\fbboss022002
movetype=0
pathtype=2
base_angle_y=0.0
enter_time=0
alpha_in=0
alpha_out=0
size_x=100
size_y=100
size_z=100
time_action0=stop,-0.3,-0.01,-1.12,0,0.28,0,stand,0.1,true,,,effect_sword_0005|fbboss022002_H_objR_01|10|1,0,1.00,
time_action1=moveto,0.52,0,1.26,Att_5H_08,1.4,true,,,effect_light_move_430h|fbboss022002_kneeR_01|1|1,0,1.00,0,
time_action2=stop,-0.82,0.00,1.39,-0.00,-3.00,0.00,stand,1,true,,,,0,1.00,
time_action3=stop,-0.82,0,1.39,0,-3,0,da_fi_stand_1,4,true,,,,0,1.00,

[scenario_camera]
pathtype=2
angletype=4
modetype=3
time_action0=20,1.3,0,0.96508,1.153276,1.813326,0.011591,-2.719935,0,0.96508,1.153276,1.813326,0.011591,-2.719935,0,
time_action1=20,0.4,0,0.96508,1.153276,1.813326,0.011591,-2.719935,0,0.96508,1.153276,1.813326,-1.294496,-2.701936,0,
time_action2=20,1.8,0,0.96508,1.153276,1.813326,-1.294496,-2.701936,0,0.96508,1.153276,1.813326,-1.294496,-2.701936,0,
time_action3=20,0.7,0,-0.917427,1.021561,0.479402,-0.607848,6.355514,0,-0.902046,1.168392,0.690035,-0.616574,6.363697,0,
time_action4=20,2.1,0,-11.336342,17.527677,-30.480559,0.209395,-0.453732,0,-11.336342,17.527677,-30.480559,0.209395,-0.453732,0,
time_action0_vibrate=9,0.01,0.04,1.3,1,0.02,0.03,0.01,-0.02,-0.03,0.01,-0.02,-0.02,0.03,0.02,-0.01,0.00,-0.03,0,0.02,-0.02,0.03,0,-0.01,0.00,0.02,0,0.02,-0.03,
time_action2_vibrate=9,0.01,0.6,100,1,0,0.01,-0.02,-0.03,-0.02,0.01,0.00,-0.01,0.02,0.02,-0.01,-0.01,-0.03,0.00,0.02,-0.02,0.02,0.01,-0.01,-0.02,0.02,0,0.01,0.00,
time_action3_vibrate=9,0.01,0.5,100,1,0.02,0.03,0.01,-0.02,-0.03,0.01,-0.02,-0.02,0.03,0.02,-0.01,0.00,-0.03,0,0.02,-0.02,0.03,0,-0.01,0.00,0.02,0,0.02,-0.03,

[fade_section]
time_action0=0,0.3,2
time_action1=5.8,1.0,2

[player]
resource=player
movetype=0
pathtype=2
base_angle_y=0.0
enter_time=0
alpha_in=0
alpha_out=0
size_x=100
size_y=100
size_z=100
time_action0=stop,-4.36,-3.29,0.04,0,2.74,0,stand,6,true,,,,1,1.00,

[sound_section]
r0=0.2,npc\4401_7.wav
r1=1.6,fight\other\fight_qg_edt_01.wav
r2=3.1,fight\other\fight_qg_kztj.wav
r3=4.7,fight\other\fight_qg_edt_02.wav

