[system]
hide_weapon=1
esc_key=1
enternpc=5457WAWQG[hewt]@-292 82 366
gutname=5466weijiafei
taskname=movie_qycity03_5466.ini
info=
teamtype=0
refertype=2
show_all_npc=0
wait_terrain=1
show_head_to_chat=0
recover_camera=0

[zhizhun]
resource=npc\worldnpc535
movetype=0
pathtype=2
base_angle_y=0.0
enter_time=0
alpha_in=0
alpha_out=0
show_name=0
name=
size_x=100
size_y=100
size_z=100
time_action0=stop,4.09,0.52,-0.07,0,-1.57,0,stand,1.0,true,,,,0,1.00,
time_action1=stop,4.09,0.52,-0.07,0,-1.57,0,h_fi_stand_3,2,true,,,,0,1.00,
time_action2=stop,4.09,0.52,-0.07,0,-1.57,0,h_phyparry_l_1,1,true,,,effect_light_circ_32||1|1,0,1.00,
time_action3=stop,4.09,0.52,-0.07,0,-1.57,0,h_fi_stand_3,2,true,,,,0,1.00,

[player]
resource=player
movetype=0
pathtype=2
base_angle_y=0.0
enter_time=0
alpha_in=0
alpha_out=0
size_x=100
size_y=100
size_z=100
show_name=0
name=
time_action0=stop,-0.66,0.52,0.02,0,1.57,0,stand,1.0,true,,,,0,1.00,
time_action1=stop,-0.66,0.52,0.02,0,1.57,0,buff_0h_01,2,true,,,effect_light_hold_179a||2|1,0,1.00,
time_action2=stop,-0.66,0.52,0.02,0,1.57,0,competition_01_start,0.3,true,,,effect_light_hold_178||0.3|1,0,1.00,
time_action3=moveto,2.8,0.52,-0.04,competition_01_state,0.3,true,,,effect_qg_rush_1||0.3|1,0,1.00,0,,0,0,0,0
time_action4=moveto,-3.3,0.52,-0.04,hurtout,0.5,true,,,,0,1.00,1,,0,0,0,0
time_action5=stop,-3.3,0.52,-0.04,0,1.59,0,hurtdowning,1.0,true,,,,0,1.00,
time_action6=stop,-3.3,0.52,-0.04,0,1.59,0,hurtdownloop,1.0,true,,,,0,1.00,

[scenario_camera]
pathtype=2
angletype=4
modetype=3
time_action0=20,3.3,0,-7.838013,5.252319,0.077454,0.418625,1.60891,0,-7.838013,5.252319,0.077454,0.418625,1.60891,0,
is_offset_angle=0
offset_angle_y=0.0
time_action1=20,0.3,1,-7.838013,5.252319,0.077454,0.418625,1.60891,0,1.619904,3.003754,-0.057892,0.660766,1.584308,0,
time_action2=20,0.5,2,1.619904,3.003754,-0.057892,0.660766,1.584308,0,-9.929504,4.811378,-0.013306,0.390705,1.591416,0,
time_action3=20,2,0,-9.929504,4.811378,-0.013306,0.390705,1.591416,0,-10.1716,4.91111,-0.008301,0.390705,1.591416,0,

[fade_section]
time_action0=0,1.0,0
time_action1=4.1,1.0,1
time_action2=5.1,1.0,2

[movie_talk_id]

[bao]
resource=npc\fbmac004012
movetype=0
pathtype=2
base_angle_y=0.0
enter_time=0
alpha_in=0
alpha_out=0
show_name=0
name=
size_x=100
size_y=100
size_z=100
time_action0=stop,3.43,0.98,-0.11,0,-1.53,0,stand,3.3,true,,,,1,1.00,
time_action1=stop,3.43,0.98,-0.11,0,-1.53,0,stand,1.0,true,,,effect_light_circ_47|Model::Point01|1|1,1,1.00,

[yan]
resource=npc\fbmac004012
movetype=0
pathtype=2
base_angle_y=0.0
enter_time=0
alpha_in=0
alpha_out=0
show_name=0
name=
size_x=50
size_y=50
size_z=50
time_action0=stop,-3.3,0.52,-0.04,0,1.59,0,stand,3.9,true,,,,0,1.00,
time_action1=stop,-3.3,0.52,-0.04,0,1.59,0,stand,1.0,true,,,effect_fog_rad_29||1|1,0,1.00,

