[system]
restore_pos=1
hide_weapon=1
enternpc=
gutname=JLhanzizz
taskname=JLhanzizz.ini
info=
teamtype=0
refertype=2
show_all_npc=1
wait_terrain=1
show_head_to_chat=0
recover_camera=0

[WUTIANLEI]
resource=npc\worldnpc553
movetype=0
pathtype=2
base_angle_y=0.0
enter_time=0
alpha_in=0
alpha_out=0
show_name=0
name=
size_x=100
size_y=100
size_z=100
time_action0=stop,1323.03,0.15,1438.03,0,-1.55,0,stand,0.5,true,,,,0,1.00,
time_action1=moveto,1271.49,0.15,1437.19,walk,25.0,true,,,,0,1.00,0,,0,0.00,-1.65,0.00
time_action2=moveto,1271.49,0.15,1437.19,stand,0.5,true,,,,0,1.00,1,,0,0,0,0
time_action3=stop,1271.5,0.15,1437.32,0,1.73,0,walk,0.5,true,,,,0,1.00,
time_action4=stop,1271.5,0.15,1437.32,0,1.73,0,stand,4.0,true,,,,0,1.00,
time_action5=stop,1271.50,0.15,1437.32,0.00,-1.63,0.00,walk,0.5,true,,,,0,1.00,
time_action6=moveto,1258.67,0.15,1437.61,walk,6,true,,,,0,1.00,1,,0,0,-1.54,0
time_action7=stop,1137.73,0.15,1405.21,-0.00,-3.09,0.00,stand,0.5,true,,,,0,1.00,
time_action8=moveto,1137.56,0.15,1386.57,walk,8,true,,,,0,1.00,1,,0,0,0,0

[player]
resource=player
movetype=0
pathtype=2
base_angle_y=0.0
enter_time=0
alpha_in=0
alpha_out=0
size_x=100
size_y=100
size_z=100
show_name=0
name=
time_action0=stop,1351.99,2.08,1465.29,0,-1.23,0,stand,26.0,true,,,,0,1.00,
time_action1=stop,1297.16,0.64,1428.09,-0.00,-2.14,0.00,stand,5,true,,,,0,1.00,
time_action2=hide,0,0,0,0,6,
time_action3=stop,1158.24,0.43,1424.74,0,-2.51,0,stand,9,true,,,,0,1.00,

[fade_section]
time_action0=0,1.0,0
time_action1=34,1.0,1
time_action2=35,3.0,2
time_action3=38,1.0,0
time_action4=45,1.0,1
time_action5=46,1.0,2

[movie_talk_id]
r0=26,movie_7032_1,2,
r1=29,movie_7032_2,2,;;;

[scenario_camera]
pathtype=2
angletype=4
modetype=3
time_action0=17,5,0,1330.62,2.30,1424.73,0.21,5.30,0.00,1330.39,2.24,1426.74,0.08,4.95,0.00,WUTIANLEI
is_offset_angle=0
offset_angle_y=0.0
time_action1=17,6,0,1330.39,2.24,1426.74,0.08,4.95,0.00,1329.56,1.73,1430.55,0.05,4.82,0.00,WUTIANLEI
time_action2=17,11.3,0,1329.56,1.80,1430.55,0.00,3.89,0.00,1298.96,2.24,1428.38,0.00,3.88,0.00,WUTIANLEI
time_action2_vibrate=0,0.055,0.4,15.0,0
time_action3=17,2,0,1298.959961,2.24,1428.380005,0,3.88,0,1297.29,2.24,1427.71,0.08,4.97,0.00,WUTIANLEI
time_action4=17,1,0,1297.290039,2.24,1427.709961,0.08,4.97,0,1297.290039,2.24,1427.709961,0.08,4.97,0,WUTIANLEI
time_action0_vibrate=0,0.035,0.5,5.0,0
time_action1_vibrate=0,0.035,0.5,6,0
time_action5=20,0.8,0,1297.290039,2.24,1427.709961,0.08,4.97,0,1274.45,1.94,1436.44,0.09,5.01,0.00,
time_action6=20,0.5,0,1274.449951,1.94,1436.439941,0.09,5.01,0,1274.449951,1.94,1436.439941,0.09,5.01,0,
time_action7=20,2,0,1270.60,2.63,1437.24,-0.08,8.27,0.00,1270.60,2.63,1437.24,-0.05,7.55,0.00,
time_action8=20,2,0,1270.599976,2.63,1437.23999,-0.05,7.55,0,1270.599976,2.63,1437.23999,-0.08,8.27,0,
time_action9=20,6.3,0,1294.08,2.20,1429.25,-0.01,5.00,0.00,1294.08,2.20,1429.25,-0.01,5.00,0.00,
time_action10=17,5,0,1157.14,2.63,1424.57,0.02,3.63,0.00,1157.14,2.63,1424.57,0.02,3.63,0.00,WUTIANLEI
time_action11=20,4,0,1157.140015,2.63,1424.569946,0.02,3.63,0,1172.76,7.08,1439.36,0.11,3.92,0.00,

