[system]
hide_weapon=1
enternpc=@1600 0 1200
gutname=JLmeizizz
taskname=JLmeizizz.ini
info=
teamtype=0
refertype=2
show_all_npc=1
wait_terrain=1
show_head_to_chat=0
recover_camera=0
restore_pos=1

[xumiaozhen]
resource=npc\monster620
movetype=0
pathtype=2
base_angle_y=0.0
enter_time=0
alpha_in=0
alpha_out=0
show_name=0
name=
size_x=100
size_y=100
size_z=100
time_action0=stop,13.5,10.71,18.31,0.00,-0.51,0.00,stand,0.5,true,,,,0,1.00,
time_action1=moveto,3.79,10.81,33.83,walk,8.5,true,,,,0,1.00,1,,0,0,0,0
time_action2=stop,-14.63,10.80,68.41,0.00,-0.52,0.00,stand,0.5,true,,,,0,1.00,
time_action3=moveto,-21.40,10.81,79.71,walk,6.0,true,,,,0,1.00,1,,0,0.00,-0.40,0.00
time_action4=moveto,-21.40,10.81,79.71,stand,0.8,true,,,,0,1.00,1,,0,-0.00,2.59,0.00
time_action5=stop,-21.40,10.81,79.71,-0.00,2.59,0.00,stand,0.2,true,,,,0,1.00,
time_action6=moveto,-21.40,10.81,79.71,qg_jump02,0.3,true,,,,1,1.00,1,,0,-0.00,2.70,0.00
time_action7=moveto,-18.64,10.81,74.17,qg_fastruning_s,1.2,true,,,,1,1.00,1,,0,-0.00,2.85,0.00
time_action8=stop,-18.64,10.81,74.17,-0.00,2.85,0.00,stand,0.3,true,,,,0,1.00,
time_action9=stop,-18.64,10.81,74.17,-0.00,2.85,0.00,ncd_01,2.8,true,,,,0,1.00,
time_action10=stop,-18.64,10.81,74.17,-0.00,2.85,0.00,wyc_01,2.0,true,,,effect_light_move_640c1|monster620_footL_01|2|1,0,1.00,
time_action11=stop,-18.64,10.81,74.17,0,2.85,0,stand,13.8,true,,,,0,1.00,

[scenario_camera]
pathtype=2
angletype=4
modetype=3
is_offset_angle=0
offset_angle_y=0.0
enter_time=0
time_action0=17,5,0,39.45,21.07,-8.86,0.41,5.23,0.00,18.07,15.39,2.68,0.27,5.47,0.00,player
time_action1=20,2.5,0,04.98,12.13,14.01,-0.02,5.84,0.00,05.30,12.13,14.13,-0.03,5.90,-0.20,
time_action2=20,3,0,-29.40,14.68,94.05,0.30,5.41,0.00,-179.19,5.70,96.67,0.36,1.67,0.00,
time_action3=17,6,0,-15.27,16.35,60.47,0.26,5.92,0.00,-19.97,13.26,75.03,0.23,6.03,0.00,xumiaozhen
time_action4=17,5,0,-19.974609,13.262768,75.032837,0.229813,6.028904,0,-23.62,13.22,85.27,0.12,9.06,0.00,xumiaozhen
time_action5=20,3,0,-23.619995,13.22,85.27002,0.12,9.06,0,-23.619995,13.22,85.27002,0.12,9.06,0,
time_action6=20,2,0,-23.619995,13.22,85.27002,0.12,9.06,0,-13.88,14.64,81.38,0.40,3.70,0.00,

[player]
resource=player
movetype=0
pathtype=2
base_angle_y=0.0
enter_time=0
alpha_in=0
alpha_out=0
size_x=100
size_y=100
size_z=100
show_name=0
name=
time_action0=stop,12.24,10.61,-1.58,0,-2.26,0,stand,0.5,true,,,,0,1.00,
time_action1=stop,12.24,10.61,-1.58,0,0,0,walk,0.3,true,,,,0,1.00,
time_action2=moveto,4.76,10.54,14.82,run,4,true,,,,1,1.00,1,,0,0,0,0
time_action3=stop,4.76,10.54,14.82,0,0,0,stand,0.2,true,,,,0,1.00,
time_action4=hide,0,0,0,0,2,
time_action5=stop,-172.90,1.85,97.08,-0.00,2.97,0.00,stand,1.0,true,,,,0,1.00,
time_action6=moveto,-172.90,1.85,97.08,stand,3.0,true,,,,0,1.00,1,,0,0,0,0
time_action7=stop,-15.77,10.80,67.66,0.00,-0.42,0.00,walk,0.8,true,,,,0,1.00,
time_action8=moveto,-18.3,10.81,73.19,walk,2.7,true,,,,1,1.00,1,,0,0.00,-0.29,0.00
time_action9=stop,-18.31,10.81,73.72,0.00,-0.69,0.00,stand,3.8,true,,,,0,1.00,
time_action10=stop,-18.31,10.81,73.72,0.00,-0.69,0.00,hurt_ncd_01,3.0,true,,,,0,0.80,
time_action11=moveto,-18.30,10.81,73.19,hurtout2,2.0,true,,,,1,1.00,1,,0,0.00,-0.33,0.00
time_action12=moveto,-18.30,10.81,73.19,hurtdownloop,0.3,true,,,,0,1.00,1,,0,0.00,-0.33,0.00
time_action13=moveto,-18.30,10.81,73.19,hurtdownup,0.5,true,,,,0,1.00,1,,0,0.00,-0.33,0.00
time_action14=moveto,-18.3,10.81,73.19,hurt_stun_1,12.8,true,,,,0,1.00,1,,0,0,0,0

[fade_section]
time_action0=7,4.0,2
time_action1=35,1.0,2
time_action2=36,1.0,1

[movie_talk_id]
r0=5,movie_7031_1,0,
r1=17,movie_7031_2,2,;;;
r2=24,movie_7031_3,2,
r3=27,movie_7031_4,2,
r4=32,,0,

