[scenario_camera]
pathtype=2
angletype=4
modetype=3
time_action0=20,8,0,1436.24,15.75,443.75,0.56,2.77,0.00,1436.24,15.75,443.75,0.56,2.77,0.00,
is_offset_angle=0
offset_angle_y=0.0
time_action1=17,1.5,0,1441.12,12.45,435.25,0.02,4.74,0.00,1441.03,12.44,435.55,0.01,4.11,0.00,DG
time_action2=17,2.7,0,1441.030029,12.44,435.549988,0.01,4.11,0,1441.03,12.44,435.55,0.05,5.11,0.00,DG
time_action3=20,1.3,0,1441.030029,12.44,435.549988,0.05,5.11,0,1441.05,12.44,435.71,-0.01,4.69,0.00,

[player]
resource=player
movetype=0
pathtype=2
base_angle_y=0.0
enter_time=0
alpha_in=0
alpha_out=0
size_x=100
size_y=100
size_z=100
show_name=0
name=
time_action0=stop,1441.52,10.87,435.42,0,-1.54,0,stand,0.5,true,,,,0,1.00,
time_action1=stop,1441.52,10.87,435.42,0,-1.54,0,interact287,2,true,,,,0,1.00,
time_action2=stop,1441.52,10.87,435.42,0,-1.54,0,stand,17,true,,,,0,1.00,

[fade_section]
time_action0=0,1.0,0
time_action1=18.6,1.0,1

[system]
enternpc=
gutname=JQ_DGxiangfa
taskname=JQ_DGxiangfa.ini
info=
teamtype=0
refertype=0
show_all_npc=0
wait_terrain=1
show_head_to_chat=0
recover_camera=1
esc_key=1
hide_weapon=1

[movie_talk_id]
r0=0,movie_9674_1,2,
r1=3,movie_9674_2,2,
r2=8,movie_9674_3,2,

[DG]
resource=npc\worldnpc1290
movetype=0
pathtype=2
base_angle_y=0.0
enter_time=0
alpha_in=0
alpha_out=0
show_name=0
name=
size_x=100
size_y=100
size_z=100
time_action0=stop,1437.06,11.4,435.41,0,1.54,0,stand,3,true,,,,0,1.00,
time_action1=stop,1437.06,11.4,435.41,0,1.54,0,ty_talk,2,true,,,,0,1.00,
time_action2=stop,1437.06,11.4,435.41,0,1.54,0,stand,3,true,,,,0,1.00,
time_action3=moveto,1437.14,11.4,435.27,h_walk11_1,0.2,true,,,,0,1.00,0,,0,0,0,0
time_action4=moveto,1437.2,11.4,433.97,h_walk11_1,1.2,true,,,,0,1.00,0,,0,0,0,0
time_action5=moveto,1437.25,11.4,434.35,h_walk11_1,0.4,true,,,,0,1.00,0,,0,0,0,0
time_action6=moveto,1437.33,11.4,437,h_walk11_1,2.4,true,,,,0,1.00,0,,0,0,0,0
time_action7=moveto,1437.31,11.4,436.68,h_walk11_1,0.3,true,,,,0,1.00,0,,0,0,0,0
time_action8=moveto,1437.37,11.4,435.64,h_walk11_1,1,true,,,,0,1.00,0,,0,0,0,0
time_action9=stop,1437.37,11.4,435.51,0,-1.61,0,h_walk11_1,1,true,,,,0,1.00,
time_action10=stop,1437.37,11.4,435.51,0,-1.61,0,h_stand_2,5,true,,,,0,1.00,

