[system]
hide_weapon=1
enternpc=
gutname=JQ_nadaochu
taskname=JQ_nadaochu.ini
info=
teamtype=0
refertype=0
show_all_npc=0
wait_terrain=1
show_head_to_chat=1
recover_camera=1
esc_key=1

[scenario_camera]
pathtype=2
angletype=4
modetype=3
time_action0=20,2,0,1521.11,10.53,551.25,0.09,5.51,0.00,1516.49,9.95,555.90,0.05,5.43,0.00,
is_offset_angle=0
offset_angle_y=0.0
time_action1=20,5,0,1516.48999,9.95,555.900024,0.05,5.43,0,1516.48999,9.95,555.900024,0.05,5.43,0,
time_action2=20,1,0,1516.48999,9.95,555.900024,0.05,5.43,0,1516.91,10.08,555.21,0.20,6.37,0.00,
time_action3=20,2,0,1516.914185,10.081396,555.20813,0.198353,6.374115,0,1518.45,10.14,554.28,0.05,6.30,0.00,
time_action4=20,4,0,1518.449951,10.14,554.280029,0.05,6.3,0,1518.449951,10.14,554.280029,0.05,6.3,0,
time_action5=20,4,0,1518.449951,10.14,554.280029,0.05,6.3,0,1518.50,10.10,588.24,0.03,6.59,0.00,
time_action5_vibrate=0,0.1,0.5,4,0
time_action6=20,2,0,1518.5,10.1,588.23999,0.03,6.59,0,1536.98,10.41,612.56,0.02,6.72,0.00,
time_action7=20,4,0,1536.97998,10.41,612.559998,0.02,6.72,0,1536.97998,10.41,612.559998,0.02,6.72,0,

[player]
resource=player
movetype=0
pathtype=2
base_angle_y=0.0
enter_time=0
alpha_in=0
alpha_out=0
size_x=100
size_y=100
size_z=100
show_name=0
name=
time_action0=stop,1518.02,8.4,553.6,0,-0.61,0,stand,25,true,,,,0,1.00,

[fade_section]
time_action0=24,1.0,1

[XYQ]
resource=npc\worldnpc1291
movetype=0
pathtype=2
base_angle_y=0.0
enter_time=0
alpha_in=0
alpha_out=0
show_name=0
name=
size_x=100
size_y=100
size_z=100
time_action0=stop,1494.03,8.4,574.44,0,-0.08,0,stand,0.5,true,,,,0,1.00,
time_action1=stop,1494.03,8.4,574.44,0,-0.08,0,ty_talk3,4,true,,,,0,1.00,
time_action2=moveto,1494.06,8.40,574.33,walk,0.5,true,,,,0,1.00,0,,0,-0.00,-3.06,0.00
time_action3=moveto,1493.93,8.4,547.79,walk,10,true,,,,0,1.00,0,,0,0,-3.14,0

[GONGNV]
resource=npc\worldnpc622
movetype=0
pathtype=2
base_angle_y=0.0
enter_time=0
alpha_in=0
alpha_out=0
show_name=0
name=
size_x=100
size_y=100
size_z=100
time_action0=stop,1494,8.4,577.4,0,-3.09,0,stand,0.5,true,,,,0,1.00,
time_action1=stop,1494,8.4,577.4,0,-3.09,0,ty_talk3,4,true,,,,0,1.00,
time_action2=stop,1494,8.4,577.4,0,-3.09,0,stand,1.0,true,,,,0,1.00,
time_action3=moveto,1494.05,8.40,577.63,walk,0.5,true,,,,0,1.00,0,,0,-0.00,0.95,0.00
time_action4=moveto,1523.73,8.4,599.6,run,8,true,,,,0,1.00,0,,0,0,0.96,0
time_action5=stop,1551.72,8.4,641.87,0,-0.02,0,ty_talk3,7,true,,,,0,1.00,
time_action6=moveto,1549.43,8.98,657.4,run,4,true,,,,0,1.00,0,,0,0,-0.03,0

[heiyiren]
resource=npc\fbboss00124
movetype=0
pathtype=2
base_angle_y=0.0
enter_time=0
alpha_in=0
alpha_out=0
show_name=0
name=
size_x=100
size_y=100
size_z=100
time_action0=stop,1553.54,8.4,645.23,0,-2.86,0,stand,21,true,,,,0,1.00,
time_action1=moveto,1549.98,8.98,660.29,run,4,true,,,,0,1.00,0,,0,0,-0.17,0

[heiyiren2]
resource=npc\fbboss00124
movetype=0
pathtype=2
base_angle_y=0.0
enter_time=0
alpha_in=0
alpha_out=0
show_name=0
name=
size_x=100
size_y=100
size_z=100
time_action0=stop,1552.17,8.4,645.59,0,-2.88,0,stand,21,true,,,,0,1.00,
time_action1=moveto,1548.54,8.98,659.90,run,4,true,,,,0,1.00,0,,0,0.00,-0.13,0.00

[heiyiren3]
resource=npc\fbboss00124
movetype=0
pathtype=2
base_angle_y=0.0
enter_time=0
alpha_in=0
alpha_out=0
show_name=0
name=
size_x=100
size_y=100
size_z=100
time_action0=stop,1551.19,8.4,645.74,0,-2.98,0,stand,21,true,,,,0,1.00,
time_action1=moveto,1547.04,8.98,659.68,run,4,true,,,,0,1.00,0,,0,0.00,-0.14,0.00

[heiyiren4]
resource=npc\fbboss00124
movetype=0
pathtype=2
base_angle_y=0.0
enter_time=0
alpha_in=0
alpha_out=0
show_name=0
name=
size_x=100
size_y=100
size_z=100
time_action0=stop,1549.74,8.4,646.05,0,-2.97,0,stand,21,true,,,,0,1.00,
time_action1=moveto,1545.17,8.98,659.65,run,4,true,,,,0,1.00,0,,0,0.00,-0.10,0.00

