[system]
esc_key=1
hide_weapon=1
enternpc=
gutname=JQ_TLhunshi
taskname=JQ_TLhunshi.ini
info=
teamtype=0
refertype=0
show_all_npc=0
wait_terrain=1
show_head_to_chat=0
recover_camera=1

[scenario_camera]
pathtype=2
angletype=4
modetype=3
time_action0=20,2,0,1754.99,19.69,436.12,0.07,4.68,0.00,1754.99,19.69,436.12,0.07,4.68,0.00,
is_offset_angle=0
offset_angle_y=0.0
time_action1=20,1,0,1754.98999,19.690001,436.119995,0.07,4.68,0,1749.19,23.72,442.44,0.51,2.44,0.00,
time_action2=20,1,0,1749.189941,23.719999,442.440002,0.51,2.44,0,1749.189941,23.719999,442.440002,0.51,2.44,0,
time_action3=20,3,0,1755.83,19.71,435.52,0.10,2.02,0.00,1755.83,19.71,435.52,0.10,2.02,0.00,
time_action4=20,3,0,1755.86,19.69,436.61,0.07,1.69,0.00,1755.86,19.69,436.61,0.07,1.69,0.00,
time_action5=20,3,0,1755.88,19.74,437.77,0.16,1.49,0.00,1755.88,19.74,437.77,0.16,1.49,0.00,
time_action6=20,3,0,1753.45,19.73,434.75,0.15,4.67,0.00,1753.45,19.73,434.75,0.15,4.67,0.00,
time_action7=20,3,0,1754.98999,19.690001,436.119995,0.07,4.68,0,1754.98999,19.690001,436.119995,0.07,4.68,0,
time_action8=20,3,0,1758.430054,19.76,433.279999,0.21,3.07,0,1758.430054,19.76,433.279999,0.21,3.07,0,
time_action9=20,2,0,1766.619995,21.82,440.540009,0.29,4.32,0,1766.619995,21.82,440.540009,0.29,4.32,0,

[player]
resource=player
movetype=0
pathtype=2
base_angle_y=0.0
enter_time=0
alpha_in=0
alpha_out=0
size_x=100
size_y=100
size_z=100
show_name=0
name=
time_action0=stop,1758.49,18.05,431.93,0,0,0,stand,19,true,,,,0,1.00,
time_action1=stop,1758.49,18.05,431.93,0,0,0,ty_talk4,3,true,,,,0,1.00,
time_action2=stop,1758.49,18.05,431.93,0,0,0,stand,4,true,,,,0,1.00,

[fade_section]
time_action0=0,1.0,2
time_action1=25,1.0,0

[movie_talk_id]
r0=2,movie_9673_1,2,
r1=4,movie_9673_2,2,
r2=7,movie_9673_3,2,
r3=10,movie_9673_4,2,
r4=13,movie_9673_5,2,
r5=16,movie_9673_6,2,
r6=19,movie_9673_7,2,

[wusan]
resource=npc\worldnpc1294
movetype=0
pathtype=2
base_angle_y=0.0
enter_time=0
alpha_in=0
alpha_out=0
show_name=0
name=
size_x=100
size_y=100
size_z=100
time_action0=stop,1757.14,18.09,435.01,0,-1.51,0,stand,4,true,,,,0,1.00,
time_action1=stop,1757.14,18.09,435.01,0,-1.51,0,ty_talk,3,true,,,,0,1.00,
time_action2=stop,1757.14,18.09,435.01,0,-1.51,0,stand,19,true,,,,0,1.00,

[shangguan]
resource=npc\worldnpc1416
movetype=0
pathtype=2
base_angle_y=0.0
enter_time=0
alpha_in=0
alpha_out=0
show_name=0
name=
size_x=100
size_y=100
size_z=100
time_action0=stop,1757.24,18.09,436.5,0,-1.51,0,stand,7,true,,,,0,1.00,
time_action1=stop,1757.24,18.09,436.5,0,-1.51,0,ty_talk,3,true,,,,0,1.00,
time_action2=stop,1757.24,18.09,436.5,0,-1.51,0,stand,16,true,,,,0,1.00,

[wenyic]
resource=npc\worldnpc1295
movetype=0
pathtype=2
base_angle_y=0.0
enter_time=0
alpha_in=0
alpha_out=0
show_name=0
name=
size_x=100
size_y=100
size_z=100
time_action0=stop,1753.47,18.1,436.02,0,1.57,0,ty_talk,2,true,,,,0,1.00,
time_action1=stop,1753.47,18.1,436.02,0,1.57,0,ty_talk,2,true,,,,0,1.00,
time_action2=stop,1753.47,18.1,436.02,0,1.57,0,stand,12,true,,,,0,1.00,
time_action3=stop,1753.47,18.1,436.02,0,1.57,0,ty_talk,3,true,,,,0,1.00,
time_action4=stop,1753.47,18.1,436.02,0,1.57,0,stand,7,true,,,,0,1.00,

[shangbup]
resource=npc\worldnpc1130
movetype=0
pathtype=2
base_angle_y=0.0
enter_time=0
alpha_in=0
alpha_out=0
show_name=0
name=
size_x=100
size_y=100
size_z=100
time_action0=stop,1757.4,18.09,437.93,0,-1.57,0,stand,10,true,,,,0,1.00,
time_action1=stop,1757.4,18.09,437.93,0,-1.57,0,ty_talk,3,true,,,,0,1.00,
time_action2=stop,1757.4,18.09,437.93,0,-1.57,0,stand,13,true,,,,0,1.00,

[SInan]
resource=npc\worldnpc1417
movetype=0
pathtype=2
base_angle_y=0.0
enter_time=0
alpha_in=0
alpha_out=0
show_name=0
name=
size_x=100
size_y=100
size_z=100
time_action0=stop,1752,18.1,434.65,0,1.53,0,stand,13,true,,,,0,1.00,
time_action1=stop,1752,18.1,434.65,0,1.53,0,ty_talk,3,true,,,,0,1.00,
time_action2=stop,1752,18.1,434.65,0,1.53,0,stand,10,true,,,,0,1.00,

