[player]
resource=player
movetype=0
pathtype=2
base_angle_y=0.0
enter_time=0
alpha_in=0
alpha_out=0
size_x=100
size_y=100
size_z=100
show_name=0
name=
time_action0=stop,1781.31,18.05,443.47,0,-2.83,0,stand,0.5,true,,,effect_npcitem024|Tpose_handR_01|0.5|0.5,0,1.00,
time_action1=moveto,1780.66,18.05,437.98,walk,2,true,,,effect_npcitem024|Tpose_handR_01|2|2,0,1.00,0,,0,0,0,0
time_action2=stop,1780.59,18.05,438,0,-1.63,0,stand,5,true,,,effect_npcitem024|Tpose_handR_01|5|5,0,1.00,
time_action3=moveto,1765.57,18.09,436.2,walk,5,true,,,effect_npcitem024|Tpose_handR_01|5|5,0,1.00,0,,0,0,0,0
time_action4=stop,1765.54,18.09,436.21,0,-1.74,0,stand,9,true,,,effect_npcitem024|Tpose_handR_01|9|9,0,1.00,

[system]
enternpc=
gutname=JQ_xyqVSdl
taskname=JQ_xyqVSdl.ini
info=
teamtype=0
refertype=0
show_all_npc=0
wait_terrain=1
show_head_to_chat=0
recover_camera=1
esc_key=1
hide_weapon=1

[scenario_camera]
pathtype=2
angletype=4
modetype=3
time_action0=20,2,0,1783.61,21.16,449.91,0.22,3.48,0.00,1783.61,21.16,449.91,0.22,3.48,0.00,
is_offset_angle=0
offset_angle_y=0.0
time_action1=20,2,0,1783.609985,21.16,449.910004,0.22,3.48,0,1765.84,20.49,436.51,0.08,4.35,0.00,
time_action2=20,2,0,1753.36,22.90,437.55,0.48,1.84,0.00,1753.36,22.90,437.55,0.48,1.84,0.00,

[WYC]
resource=npc\worldnpc1295
movetype=0
pathtype=2
base_angle_y=0.0
enter_time=0
alpha_in=0
alpha_out=0
show_name=0
name=
size_x=100
size_y=100
size_z=100
time_action0=stop,1756.24,18.10,434.44,-0.00,1.60,0.00,stand,1.0,true,,,,0,1.00,
time_action1=stop,1756.24,18.1,434.44,0,1.6,0,stand,4.5,true,,,,0,1.00,
time_action2=moveto,1761.61,18.09,434.79,run,1,true,,,,0,1.00,0,,0,0,1.55,0
time_action3=stop,1761.60,18.09,434.76,-0.00,1.56,0.00,st_fi_stand_1,4,true,,,,0,1.00,
time_action4=stop,1761.6,18.09,434.76,0,1.56,0,stand,11,true,,,,0,1.00,

[DL]
resource=npc\worldnpc1289
movetype=0
pathtype=2
base_angle_y=0.0
enter_time=0
alpha_in=0
alpha_out=0
show_name=0
name=
size_x=100
size_y=100
size_z=100
time_action0=stop,1780.74,18.05,442.03,0,-3.11,0,stand,0.5,true,,,,0,1.00,
time_action1=moveto,1779.34,18.05,438.53,walk,2,true,,,,0,1.00,0,,0,0.00,-1.60,0.00
time_action2=stop,1779.37,18.05,438.46,0,-1.63,0,stand,0.5,true,,,,0,1.00,
time_action3=moveto,1763.89,18.09,434.95,run,3.5,true,,,,0,1.00,0,,0,0,-1.85,0
time_action4=stop,1763.89,18.09,434.9,0,-1.66,0,stand,15,true,,,,0,1.00,

[SN]
resource=npc\worldnpc1417
movetype=0
pathtype=2
base_angle_y=0.0
enter_time=0
alpha_in=0
alpha_out=0
show_name=0
name=
size_x=100
size_y=100
size_z=100
time_action0=stop,1754.6,18.1,433.47,0,1.59,0,stand,15,true,,,,0,1.00,

[XYQ]
resource=npc\worldnpc1291
movetype=0
pathtype=2
base_angle_y=0.0
enter_time=0
alpha_in=0
alpha_out=0
show_name=0
name=
size_x=100
size_y=100
size_z=100
time_action0=stop,1760.06,18.09,433.68,0,-1.4,0,stand,3.5,true,,,,0,1.00,
time_action1=moveto,1760.16,18.09,433.66,walk,0.3,true,,,,0,1.00,0,,0,-0.00,1.43,0.00
time_action2=stop,1760.16,18.09,433.66,0,1.62,0,stand,18,true,,,,0,1.00,

[fade_section]
time_action0=0,1.0,0
time_action1=20.9,0.5,1
time_action2=21.4,1.0,2

[movie_talk_id]
r0=3,movie_9672_1,2,
r1=5,movie_9672_2,2,;;;
r2=7,movie_9672_3,2,
r3=9,movie_9672_4,2,
r4=11,movie_9672_5,2,
r5=13,movie_9672_6,2,
r6=17,movie_9672_7,2,

