[system]
esc_key=1
hide_weapon=1
enternpc=@1507 8 616
gutname=JQ_XYQtoutouchuqu
taskname=JQ_XYQtoutouchuqu.ini
info=
teamtype=0
refertype=2
show_all_npc=0
wait_terrain=1
show_head_to_chat=0
recover_camera=1

[player]
resource=player
movetype=0
pathtype=2
base_angle_y=0.0
enter_time=0
alpha_in=0
alpha_out=0
size_x=100
size_y=100
size_z=100
show_name=0
name=
time_action0=stop,8.32,0.52,-180.51,0.00,-1.59,0.00,stand,0.2,true,,,,0,1.00,
time_action1=moveto,-9.55,0.54,-180.89,walk,8,true,,,,0,1.00,1,,0,0,0,0
time_action2=stop,-9.65,0.54,-180.86,-0.00,0.09,0.00,stand,0.2,true,,,,0,1.00,
time_action3=stop,-9.65,0.54,-180.86,-0.00,0.09,0.00,ty_talk4,6,true,,,,0,1.00,
time_action4=moveto,-8.65,0.54,-166.56,run,2.8,true,,,,0,1.00,0,,0,0,0,0
time_action5=stop,-2.78,5.36,151.18,0,0.01,0,stand,0.2,true,,,,0,1.00,
time_action6=moveto,8.38,5.28,178.55,run,7,true,,,,0,1.00,0,,0,0.00,-0.35,0.00
time_action7=stop,8.38,5.28,178.55,0.00,-0.35,0.00,stand,1.0,true,,,,0,1.00,
time_action8=hide,0,0,0,0,23.299999,
time_action9=stop,68.22,6.75,274.12,0,-0.28,0,ty_talk4,5,true,,,,0,1.00,

[fade_section]
time_action0=0,1.0,0
time_action1=16.9,0.8,2
time_action2=34.9,1.0,2
time_action3=53.2,1.0,1

[movie_talk_id]
r0=8,movie_9671_1,2,;;;
r1=48,movie_9671_2,2,;;;

[scenario_camera]
pathtype=2
angletype=4
modetype=3
time_action0=20,6,0,20.49,6.99,-180.74,0.29,4.71,0.00,0.80,5.00,-180.42,0.26,4.69,0.00,
is_offset_angle=0
offset_angle_y=0.0
time_action1=20,1,0,0.800049,5,-180.420013,0.26,4.69,0,-2.23,3.68,-124.76,0.08,6.37,0.00,
time_action2=20,2,0,-2.22998,3.68,-124.76001,0.08,6.37,0,-2.22998,3.68,-124.76001,0.08,6.37,0,
time_action3=20,8,0,-5.66,3.77,-173.09,0.22,3.66,0.00,-5.66,3.77,-173.09,0.22,3.66,0.00,
time_action4=20,8,0,10.550049,7.99,170.200012,0.15,5.96,0,10.55,7.99,170.20,0.15,5.96,0.00,
time_action5=20,5,0,7.98,6.90,178.55,0.12,5.85,0.00,-1.37,6.93,187.78,0.02,6.28,0.00,
time_action6=20,5.6,0,-1.369995,6.93,187.780029,0.02,6.28,0,-1.40,7.03,199.61,0.06,6.28,0.00,
time_action7=20,2,0,33.09,6.90,238.51,0.12,0.82,0.00,30.40,6.84,243.30,-0.00,1.00,0.00,
time_action8=20,4,0,30.398071,6.842402,243.296021,-0.004129,0.996317,0,61.41,6.83,261.21,-0.06,0.89,0.00,
time_action9=20,2,0,61.410034,6.83,261.210022,-0.06,0.89,0,65.54,8.34,269.51,0.07,0.02,0.00,
time_action10=20,3,0,65.54,8.34,269.51,0.07,0.02,0.00,68.05,8.37,274.75,0.12,6.05,0.00,
time_action11=20,2,0,68.048462,8.37195,274.752869,0.120842,6.045039,0,68.048462,8.37195,274.752869,0.120842,6.045039,0,
time_action12=20,2,0,65.45,8.39,271.48,0.16,0.66,0.00,65.45,8.39,271.48,0.16,0.66,0.00,

[XiaYunQin]
resource=npc\worldnpc1291
movetype=0
pathtype=2
base_angle_y=0.0
enter_time=0
alpha_in=0
alpha_out=0
show_name=0
name=
size_x=100
size_y=100
size_z=100
time_action0=stop,10.04,0.43,-112.16,0.00,-1.58,0.00,stand,2.5,true,,,,0,1.00,
time_action1=moveto,-0.26,0.54,-112.09,walk,4,true,,,,1,1.00,0,,0,0.00,-1.55,0.00
time_action2=moveto,-0.13,0.54,-111.49,walk,0.3,true,,,,0,1.00,0,,0,-0.00,0.01,0.00
time_action3=moveto,-0.42,0.54,-95.13,walk,7,true,,,,0,1.00,0,,0,0.00,-0.02,0.00
time_action4=hide,0,0,0,0,3.2,
time_action5=stop,-1.54,5.36,179.08,-0.00,0.02,0.00,stand,0.2,true,,,,0,1.00,
time_action6=moveto,-1.84,5.36,220.36,walk,18,true,,,,0,1.00,0,,0,0,0,0
time_action7=hide,0,0,0,0,0.4,
time_action8=stop,65.3,6.75,269.05,0,-0.02,0,stand,0.2,true,,,,0,1.00,
time_action9=moveto,65.21,5.8,280.57,walk,5,true,,,,1,1.00,0,,0,0,0,0
time_action10=stop,65.76,5.46,292.24,0,-1.62,0,ty_talk3,13,true,,,,0,1.00,

[gongnv]
resource=npc\worldnpc622
movetype=0
pathtype=2
base_angle_y=0.0
enter_time=40.799999
alpha_in=0
alpha_out=0
show_name=0
name=
size_x=100
size_y=100
size_z=100
time_action0=stop,64.17,5.46,292.19,0,1.65,0,ty_talk3,13,true,,,,0,1.00,

