[system]
enternpc=@1250 13 1008
gutname=movie_6n_5465_mxm01
taskname=movie_qycity03_5465.ini
info=
teamtype=0
refertype=2
show_all_npc=0
wait_terrain=1
show_head_to_chat=0
recover_camera=0

[qiukui]
resource=npc\boss144
movetype=0
pathtype=2
base_angle_y=0.0
enter_time=0
alpha_in=0
alpha_out=0
show_name=0
name=
size_x=100
size_y=100
size_z=100
time_action0=stop,0.63,0.72,0.38,-0.00,1.83,0.00,ty_talk1,3,true,,,,0,1.00,
time_action1=stop,0.62,0.72,0.25,-0.00,1.77,0.00,stand,10,true,,,,0,1.00,
time_action2=stop,0.73,0.72,0.44,0,-1.1,0,stand,0.3,false,,,,0,1.00,
time_action3=moveto,-8.58,0.35,9.47,b_walk1_1,4,true,,,,0,1.00,0,,0,0,0,0

[zhanggui]
resource=npc\worldnpc162
movetype=0
pathtype=2
base_angle_y=0.0
enter_time=0
alpha_in=0
alpha_out=0
show_name=0
name=
size_x=100
size_y=100
size_z=100
time_action0=moveto,1.75,0.72,0.09,h_stand_1,3,true,,,,0,1.00,0,,0,0.00,-1.79,0.00
time_action1=moveto,10.79,0.82,2.82,b_walk1_3,4,true,,,,0,1.00,0,,0,0,0,0
time_action2=moveto,2.04,0.72,0.15,b_walk1_3,4,true,,,,0,1.00,0,,0,0,0,0
time_action3=stop,1.77,0.72,0.07,0,-1.69,0,beforetoast,1,true,,,,0,1.00,
time_action4=stop,1.94,0.72,0.09,0.00,-1.77,0.00,stand,7,true,,,,0,1.00,

[scenario_camera]
pathtype=2
angletype=4
modetype=3
time_action0=20,19,0,-2.72,3.60,9.30,0.21,2.79,0.00,-2.719971,3.6,9.299988,0.21,2.79,0,
is_offset_angle=0
offset_angle_y=0.0

[yao]
resource=npc\itemnpc666
movetype=0
pathtype=2
base_angle_y=0.0
enter_time=11
alpha_in=0
alpha_out=0
show_name=0
name=
size_x=100
size_y=100
size_z=100
time_action0=stop,1.50,1.74,0.15,-0.00,2.64,0.00,stand,1.0,true,,,,1,1.00,

[movie_talk_id]
r0=0,movie_5465_1,0,;;;
r1=2,movie_5465_2,0,;;;
r2=10,movie_5465_3,0,
r3=12,movie_5465_4,0,;;;

