[system]
enternpc=
gutname=jinwudong4_2
taskname=jinwudong4_2.ini
info=
teamtype=0
refertype=2
show_all_npc=0
wait_terrain=1
show_head_to_chat=0
recover_camera=1
esc_key=0
hide_weapon=0

[baifeifei]
resource=npc\boss092
movetype=0
pathtype=2
base_angle_y=0.0
enter_time=0
alpha_in=0
alpha_out=0
show_name=0
name=
size_x=100
size_y=100
size_z=100
time_action0=stop,93.45,26.73,64.54,0,-1.7,0,ty_interact237,6,true,,,effect_light_hold_160|main_model::Tpose|8|1,0,1.00,
time_action1=moveto,93.45,26.73,64.54,dk_situp1_1,1.5,true,,,,0,1.00,0,,0,0,0,0
time_action2=stop,93.45,26.73,64.54,0,-1.7,0,stand,0.5,true,,,,0,1.00,
time_action3=moveto,90.30,27.58,64.54,jump_f,1.0,true,,,,1,1.00,0,,0,0.00,-1.70,0.00
time_action4=moveto,81.21,26.70,62.51,qg_fastruning_s,2,false,,,,1,1.00,1,,0,-0.00,0.00,0.00

[scenario_camera]
pathtype=2
angletype=4
modetype=3
is_offset_angle=0
offset_angle_y=0.0
enter_time=0
time_action0=17,2,0,57.60,24.35,57.55,0.46,6.11,0.00,57.60,24.35,57.55,0.46,6.11,0.00,player
time_action1=20,0.5,0,57.600418,24.352825,57.549114,0.459056,6.105462,0,57.60,24.35,57.55,0.09,7.53,0.00,
time_action2=20,1,0,57.599998,24.35,57.549999,0.09,7.53,0,57.60,24.35,57.55,0.09,7.53,0.00,
time_action3=17,1,0,57.599998,24.35,57.549999,0.09,7.53,0,89.95,26.96,64.20,-0.05,7.82,0.00,baifeifei
time_action4=20,1.5,0,89.951118,26.956156,64.198494,-0.052547,7.821272,0,89.951118,26.956156,64.198494,-0.052547,7.821272,0,
time_action5=17,3,0,97.04,29.08,67.58,0.17,4.26,0.00,97.04,29.08,67.58,0.17,4.26,0.00,baifeifei
time_action6=17,2,0,97.040001,29.08,67.580002,0.174523,4.258369,0,82.55,28.54,63.00,0.00,0.00,0.00,baifeifei

[player]
resource=player
movetype=0
pathtype=2
base_angle_y=0.0
enter_time=0
alpha_in=0
alpha_out=0
size_x=100
size_y=100
size_z=100
show_name=0
name=
time_action0=stop,56.25,21.22,61.63,0,2.12,0,ty_talk5,11,true,,,,0,0.70,

[fade_section]
time_action0=0,0.5,0
time_action1=10.5,1,1

[movie_talk_id]
r0=0,movie_9529_1,2,
r1=6,movie_9529_2,2,

