[system]
esc_key=1
enternpc=5454@1905 25 220.6
gutname=daozunchuxian
taskname=movie_adv040_1604.ini
info=
teamtype=1
refertype=2
show_all_npc=0
wait_terrain=1
show_head_to_chat=0
recover_camera=1

[xigema]
resource=npc\monster304
movetype=0
pathtype=2
base_angle_y=0.0
enter_time=0
alpha_in=0
alpha_out=0
show_name=0
name=
size_x=100
size_y=100
size_z=100
time_action0=stop,0,0,0,0,0,0,stand,0.1,true,,,,0,1.00,
time_action1=stop,0,-0.1,-0.01,0,-2.71,0,bxjf_06,3.9,true,,,effect_npcitem061_pc_default|Model::H_objR_01|4|1.0,0,0.72,
time_action2=stop,0,-0.1,-0.01,0,-2.71,0,bxjf_04,2.0,true,,,effect_npcitem061_pc_default|Model::handR_01|2|1,0,0.88,
time_action3=stop,0,-0.1,-0.01,0,-2.71,0,bxjf_07,2.0,true,,,effect_npcitem061_pc_default|Model::handR_01|2|1,0,0.80,
time_action4=stop,0,-0.1,-0.01,0,-2.71,0,jgjf_07,3.0,true,,,effect_npcitem061_pc_default|Model::handR_01|3|1,0,0.76,

[scenario_camera]
pathtype=2
angletype=4
modetype=3
time_action0=20,4,0,-10.491943,10.396458,-11.079797,0.666738,0.511445,0,0.391113,11.948425,-14.398889,0.766766,0.196305,0,
is_offset_angle=0
offset_angle_y=0.0
time_action1=20,4,0,1.078125,11.221245,-1.254099,1.360179,0.051006,0,0.299561,13.678913,-4.061304,1.220553,0.041189,0,
time_action2=20,3,0,-1.022217,1.547733,-2.439462,0.459161,0.38496,0,-1.022217,2.457355,-2.439462,0.459161,0.38496,0,
time_action3=20,1,0,-4.062622,5.122627,-3.675974,0.60561,0.973852,0,-4.062622,5.122627,-3.675974,0.60561,0.973852,0,

[fade_section]
time_action0=0,1.0,0
time_action1=10.5,0.5,1
time_action2=11.,1,2

