[system]
esc_key=1
enternpc=@1675 1.6 408
gutname=kaishijingong
taskname=movie_adv040_1601.ini
info=
teamtype=0
refertype=2
show_all_npc=1
wait_terrain=1
show_head_to_chat=0
recover_camera=1

[scenario_camera]
pathtype=2
angletype=4
modetype=3
time_action0=20,3,0,-4.827515,4.271826,-5.509491,0.442215,4.971146,0,-10.286987,3.834218,-19.019623,0.264191,5.081102,0,
is_offset_angle=0
offset_angle_y=0.0
time_action1=20,3,0,-12.358398,5.03142,-2.694763,0.243248,2.59139,0,-20.722656,3.987538,-16.681152,0.166453,2.330247,0,
time_action2=20,3,0,9.286987,2.227709,-6.87793,0.313061,-0.552165,0,4.742188,2.287982,-0.397675,0.040789,-0.561982,0,
time_action3=20,3,0,-8.854492,1.295449,-9.406433,0.208341,0.486525,0,-6.428589,0.573506,-2.76535,0.023336,0.515977,0,

[124]
resource=npc\worldnpc_schoolwar_006
movetype=0
pathtype=2
base_angle_y=0.0
enter_time=0
alpha_in=0
alpha_out=0
show_name=0
name=
size_x=100
size_y=100
size_z=100
time_action0=stop,4.91,1.33,10.45,-0.00,0.70,0.00,stand,0.1,true,,,,0,1.00,

[fade_section]
time_action0=0,1.0,0
time_action1=11.,1.0,1

