[system]
esc_key=1
enternpc=1234@1759.4 24.6 261.1
gutname=taohuazhen
taskname=movie_adv040_1603.ini
info=
teamtype=1
refertype=2
show_all_npc=0
wait_terrain=1
show_head_to_chat=0
recover_camera=1

[scenario_camera]
pathtype=2
angletype=4
modetype=3
time_action0=20,3,0,-17.060767,33.349661,0.82337,0.382547,1.654264,0,16.804224,19.675417,-2.009454,0.382547,1.654264,0,
is_offset_angle=0
offset_angle_y=0.0
time_action1=20,4,0,127.108545,46.996687,-38.454187,1.318045,-1.628703,0,119.10293,16.22597,-6.544565,1.366915,-1.612995,0,
time_action2=20,4,0,82.186914,39.475974,-32.332635,0.497739,2.125506,0,135.408838,24.067454,0.548254,0.508211,2.133359,0,
time_action3=20,4,0,-22.31272,3.775113,-3.238123,0.269457,1.403847,0,-14.503271,0.450154,-1.947473,-1.047585,1.359673,0,
time_action4=20,0.5,0,-14.503271,0.450154,-1.947473,-1.047585,1.359673,0,-14.503271,0.450154,-1.947473,-1.047585,1.359673,0,

[fade_section]
time_action0=0,0.5,0
time_action1=2.5,0.5,1
time_action2=3,0.5,0
time_action3=6.4,0.6,1
time_action4=7.,0.5,0
time_action5=10.5,0.5,1
time_action6=11.,0.5,0
time_action7=14.5,1,1

[1234]
resource=npc\0b_movie_gb01
movetype=0
pathtype=2
base_angle_y=0.0
enter_time=0
alpha_in=0
alpha_out=0
show_name=0
name=
size_x=100
size_y=100
size_z=100
time_action0=stop,-22.47,0.79,-1.45,-0.00,1.64,0.00,stand,0.1,true,,,,0,1.00,

[movie_talk_id]
r0=2,movie_1603_1,2,