[ppfilter]
GammaEnable=false
GradualEnable=true
GradualStart=-0.200000
GradualEnd=1.000000
GradualExp=1.000000
GradualColor=255,91,140,183
HSIEnable=true
AdjustBaseColor=255,234,249,255
AdjustBrightness=52.000000
AdjustContrast=2.000000
AdjustSaturation=54.000000
AngleEnable=true
AngleStart=0.400000
AngleEnd=1.000000
AngleExp=1.000000
AngleColor=255,8,8,12

