[ppvolumelighting]
ppvolumelightingEnable=true
SunColor=255, 66,47,35
SunRadius=0.000000
SunLevel=10.000000
SunShineRadius=10.000000
SunShineUp=0.350000
SampleBias=0.026000
SampleDistance=1.811800

