[MainInfo]
FrameTime=0.033333
RulerStart=0.000000
RulerEnd=500.000000
CameraX=-147.494141
CameraY=63.181343
CameraZ=-1.503744
CameraRX=-0.105819
CameraRY=2.232783
CameraRZ=0.000000
CaptureAngleX=0.000000
CaptureAngleY=0.000000
CaptureAngleZ=0.000000
CapturePosX=0.000000
CapturePosY=0.000000
CapturePosZ=0.000000
CanBreak=1
ShowPlayer=0
ShowNpc=0
ShowWeapon=0
Player=npc_1

[npc_1]
WorldType=objects
ObjectType=Actor
Name=DD167CA0798C492F85B1E6A4C9A00A59
VisualType=Actor
PositionX=-140.336029
PositionY=61.893177
PositionZ=-5.130778
AngleX=0.000000
AngleY=-0.969995
AngleZ=0.000000
ScaleX=0.999822
ScaleY=1.000000
ScaleZ=0.999822
VisualConfig=ini\npc\b_banlvxinmo02.ini
Path=npc_1.xml

[npc_2]
WorldType=objects
ObjectType=Actor
Name=A0477BA9D89F49428460A63725F9B8D4
VisualType=Actor
PositionX=-152.514084
PositionY=61.892010
PositionZ=-1.571414
AngleX=0.000000
AngleY=-1.800002
AngleZ=0.000000
ScaleX=0.999860
ScaleY=1.000000
ScaleZ=0.999860
VisualConfig=ini\npc\worldnpc1190.ini
Path=npc_2.xml

[camera_1]
WorldType=objects
ObjectType=camera
Name=2CA094C501164C0D98CF4C7CD9E90B8C
VisualType=CameraWrapper
PositionX=-146.724442
PositionY=63.130047
PositionZ=-1.580510
AngleX=-0.065094
AngleY=2.092066
AngleZ=0.000000
ScaleX=1.000000
ScaleY=0.999996
ScaleZ=1.000000
VisualConfig=mdl\camera\camera01\camera.xmod
CameraType=free
Fovx=1.326379
Path=camera_1.xml

[camera_2]
WorldType=objects
ObjectType=camera
Name=DB050F6EC2CF4BBB8EF92E770C1A0795
VisualType=CameraWrapper
PositionX=-145.322037
PositionY=65.129562
PositionZ=3.657917
AngleX=0.199614
AngleY=-2.155630
AngleZ=0.000000
ScaleX=1.000000
ScaleY=1.000000
ScaleZ=1.000000
VisualConfig=mdl\camera\camera01\camera.xmod
CameraType=free
Fovx=1.326379
Path=camera_2.xml

[camera_3]
WorldType=objects
ObjectType=camera
Name=65C1F18E873F4F0EB6EE63A60AB2E2A3
VisualType=CameraWrapper
PositionX=-147.494141
PositionY=63.181343
PositionZ=-1.503744
AngleX=-0.105819
AngleY=2.232783
AngleZ=0.000000
ScaleX=1.000000
ScaleY=1.000000
ScaleZ=1.000000
VisualConfig=mdl\camera\camera01\camera.xmod
CameraType=free
Fovx=1.326379
Path=camera_3.xml

[camera_4]
WorldType=objects
ObjectType=camera
Name=C960F7B04AB243438123362A2E9CBEB2
VisualType=CameraWrapper
PositionX=-185.891571
PositionY=64.466225
PositionZ=-30.717726
AngleX=0.019263
AngleY=-2.221080
AngleZ=0.000000
ScaleX=0.999995
ScaleY=0.999997
ScaleZ=0.999992
VisualConfig=mdl\camera\camera01\camera.xmod
CameraType=free
Fovx=1.326379
Path=camera_4.xml

[camera_5]
WorldType=objects
ObjectType=camera
Name=A3538B4A260F4555846E0A9C342FFA2A
VisualType=CameraWrapper
PositionX=-178.415604
PositionY=61.178658
PositionZ=-18.529118
AngleX=-0.131999
AngleY=0.295468
AngleZ=0.000000
ScaleX=1.000000
ScaleY=1.000000
ScaleZ=1.000000
VisualConfig=mdl\camera\camera01\camera.xmod
CameraType=free
Fovx=1.326379
Path=camera_5.xml

[custom]
WorldType=global
ObjectType=custom
Name=
VisualType=
Path=custom.xml

[object_hsi]
WorldType=global
ObjectType=ppfilter_hsi
Name=
VisualType=
Path=object_hsi.xml

[school20_mingjiao]
WorldType=music
ObjectType=Music
Name=E0FEA29407C54B15A23575D50503FFE7
VisualType=Music
MusicConfig=mus\school20_mingjiao.ogg
MusicType=npc
Path=school20_mingjiao.xml

