[system]
esc_key=1
hide_weapon=1
enternpc=
gutname=9983juqing
taskname=9983juqing.ini
info=
teamtype=0
refertype=0
show_all_npc=0
wait_terrain=1
show_head_to_chat=0
recover_camera=1

[fade_section]
time_action0=0,1.0,0
time_action1=19,1.0,1

[player]
resource=player
movetype=0
pathtype=2
base_angle_y=0.0
enter_time=0
alpha_in=0
alpha_out=0
size_x=100
size_y=100
size_z=100
show_name=0
name=
time_action0=stop,162.85,225.83,207.18,0.00,-0.53,0.00,stand,0.1,true,,,,0,1.00,
time_action1=moveto,160.12,225.11,211.90,walk,3,true,,,,0,1.00,0,,0,0.00,-0.52,0.00
time_action2=stop,160.12,225.11,211.9,0,0,0,stand,17,true,,,,0,1.00,

[scenario_camera]
pathtype=2
angletype=4
modetype=3
time_action0=17,3,0,166.88,230.87,198.88,0.32,5.69,0.00,162.87,228.28,207.16,0.23,5.69,0.00,player
is_offset_angle=0
offset_angle_y=0.0
time_action1=20,1,0,162.869995,228.279999,207.160004,0.23,5.69,0,158.01,223.62,230.37,0.12,-1.47,0.00,

[xiaoshimei]
resource=npc\worldnpc1716
movetype=0
pathtype=2
base_angle_y=0.0
enter_time=0
alpha_in=0
alpha_out=0
show_name=0
name=
size_x=100
size_y=100
size_z=100
time_action0=moveto,150.28,220.81,234.57,ty_dance_zsw_1,20,true,,,,0,1.00,0,,0,0,2.85,0

[hongtong]
resource=npc\worldnpc1711
movetype=0
pathtype=2
base_angle_y=0.0
enter_time=0
alpha_in=0
alpha_out=0
show_name=0
name=
size_x=100
size_y=100
size_z=100
time_action0=moveto,148.2,220.81,233.34,ty_dance_zsw_1,20,true,,,,0,1.00,0,,0,0,2.63,0

[dashixiong]
resource=npc\worldnpc1706
movetype=0
pathtype=2
base_angle_y=0.0
enter_time=0.1
alpha_in=0
alpha_out=0
show_name=0
name=
size_x=100
size_y=100
size_z=100
time_action0=stop,151.20,220.71,229.41,0.00,-0.47,0.00,ty_musical_dizi,20,true,,,,0,1.00,

