[system]
esc_key=1
hide_weapon=0
enternpc=
gutname=9986juqing
taskname=9986juqing.ini
info=
teamtype=0
refertype=0
show_all_npc=0
wait_terrain=1
show_head_to_chat=0
recover_camera=1

[scenario_camera]
pathtype=2
angletype=4
modetype=3
time_action0=20,4,0,202.34,243.61,39.26,0.07,3.57,0.00,202.34,243.61,39.26,0.07,3.57,0.00,
is_offset_angle=0
offset_angle_y=0.0
time_action1=20,2,0,192.01,251.29,51.66,0.54,2.29,0.00,192.01,251.29,51.66,0.54,2.29,0.00,
time_action2=20,2,0,205.75,244.00,43.99,0.13,0.39,0.00,205.75,244.00,43.99,0.13,0.39,0.00,
time_action3=20,2,0,205.74,243.61,45.05,0.05,3.64,0.00,205.74,243.61,45.05,0.05,3.64,0.00,

[player]
resource=player
movetype=0
pathtype=2
base_angle_y=0.0
enter_time=0
alpha_in=0
alpha_out=0
size_x=100
size_y=100
size_z=100
show_name=0
name=
time_action0=stop,206.65,242.06,46.27,0,-2.56,0,stand,4,true,,,,0,1.00,
time_action1=stop,206.649994,242.059998,46.27,0,-2.56,0,grd_23h_parrying_up,8,true,,,,0,1.00,

[fade_section]
time_action0=0,1.0,0
time_action1=7,1.0,2
time_action2=8,2,0
time_action3=11,1.0,1

[zhanglao]
resource=npc\worldnpc1704
movetype=0
pathtype=2
base_angle_y=0.0
enter_time=0
alpha_in=0
alpha_out=0
show_name=0
name=
size_x=100
size_y=100
size_z=100
time_action0=stop,201.27,242.06,36.99,0,0.33,0,ty_angry2,4,true,,,,0,1.00,
time_action1=moveto,204.65,242.13,43.37,qg_W_run,2,true,,,,0,1.00,1,,0,-0.00,0.74,0.00
time_action2=stop,202.39,242.06,38.24,0,0.22,0,b_parry_hitdownloop_1,6,true,,,,0,1.00,

[gezhu]
resource=npc\worldnpc1702
movetype=0
pathtype=2
base_angle_y=0.0
enter_time=7
alpha_in=0
alpha_out=0
show_name=0
name=
size_x=100
size_y=100
size_z=100
time_action0=stop,204.21,242.13,42.71,0,-2.61,0,stand,5,true,,,,0,1.00,

[movie_talk_id]

