[system]
enternpc=
gutname=9987diany
taskname=9987diany.ini
info=
teamtype=0
refertype=0
show_all_npc=0
wait_terrain=1
show_head_to_chat=1
recover_camera=1
esc_key=1
hide_weapon=1

[scenario_camera]
pathtype=2
angletype=4
modetype=3
time_action0=20,6,0,361.71,-142.22,1528.22,-0.02,7.82,0.00,361.71,-142.22,1528.22,-0.02,7.82,0.00,
is_offset_angle=0
offset_angle_y=0.0
time_action1=20,3,0,361.709991,-142.220001,1528.219971,-0.02,7.82,0,356.90,-142.00,1528.18,0.12,7.83,0.00,
time_action2=20,2,0,356.899994,-142,1528.180054,0.12,7.83,0,356.899994,-142,1528.180054,0.12,7.83,0,

[player]
resource=player
movetype=0
pathtype=2
base_angle_y=0.0
enter_time=0
alpha_in=0
alpha_out=0
size_x=100
size_y=100
size_z=100
show_name=0
name=
time_action0=stop,361,-143.69,1528.28,0,0.03,0,interact585e,11,true,,,effect_sword_card_083|Tpose_handL_01|11|11,0,1.00,
time_action1=stop,361,-143.69,1528.28,0,0.03,0,interact585f,10,true,,,effect_sword_card_083|Tpose_handR_01|10|10,0,1.00,

[fade_section]
time_action0=0,1.0,0
time_action1=10,2,2
time_action2=12,1.0,0
time_action3=20,1.0,1

[tiejiang]
resource=npc\worldnpc178
movetype=0
pathtype=2
base_angle_y=0.0
enter_time=0
alpha_in=0
alpha_out=0
show_name=0
name=
size_x=100
size_y=100
size_z=100
time_action0=stop,362.86,-143.69,1528.12,0,-1.49,0,ty_talk4,11,true,,,,0,1.00,
time_action1=stop,362.86,-143.69,1528.12,0,-1.49,0,h_stand_2_2,10,true,,,,0,1.00,

[movie_talk_id]
r0=0,movie_9987_1,2,
r1=4,movie_9987_2,2,
r2=10,movie_9987_3,2,
r3=13,movie_9987_4,2,

