[system]
enternpc=
gutname=zyb_wuxian_002
taskname=zyb_wuxian_002.ini
info=
teamtype=0
refertype=0
show_all_npc=0
wait_terrain=1
show_head_to_chat=0
recover_camera=1
hide_weapon=1

[scenario_camera]
pathtype=2
angletype=4
modetype=3
time_action0=20,3,0,1631.86,18.33,1692.42,0.38,5.76,0.00,1613.76,19.07,1723.38,0.20,5.67,0.00,
is_offset_angle=0
offset_angle_y=0.0
time_action1=20,4,0,1613.76001,19.07,1723.380005,0.2,5.67,0,1652.94,47.06,1761.98,0.46,5.00,0.00,
time_action2=20,4,0,1652.939941,47.060001,1761.97998,0.46,5,0,1608.90,57.98,1815.82,0.71,3.74,0.00,

[player]
resource=player
movetype=0
pathtype=2
base_angle_y=0.0
enter_time=0
alpha_in=0
alpha_out=0
size_x=100
size_y=100
size_z=100
show_name=0
name=
time_action0=stop,1626.59,13.89,1699.32,0,1.31,0,stand,12,true,,,,0,1.00,

[fade_section]
time_action0=0,1.0,0
time_action1=11,1.0,1

[movie_talk_id]
r0=3,movie_9749_1,2,

