[system]
esc_key=0
hide_weapon=1
enternpc=
gutname=zyb_wuxian_003
taskname=zyb_wuxian_003.ini
info=
teamtype=0
refertype=0
show_all_npc=0
wait_terrain=1
show_head_to_chat=0
recover_camera=1

[scenario_camera]
pathtype=2
angletype=4
modetype=3
time_action0=20,2,0,1286.60,68.71,924.72,0.44,5.89,0.00,1267.63,59.51,967.55,0.54,5.76,0.00,
is_offset_angle=0
offset_angle_y=0.0
time_action1=20,7,0,1267.630005,59.509998,967.549988,0.54,5.76,0,1267.630005,59.509998,967.549988,0.54,5.76,0,
time_action2=20,2,0,1279.71,67.11,934.68,0.13,8.85,0.00,1279.71,67.11,934.68,0.13,8.85,0.00,

[player]
resource=player
movetype=0
pathtype=2
base_angle_y=0.0
enter_time=0
alpha_in=0
alpha_out=0
size_x=100
size_y=100
size_z=100
show_name=0
name=
time_action0=stop,1284.91,64.7,927.66,0,-0.44,0,stand,13,true,,,,0,1.00,

[fade_section]
time_action0=0,1.0,0
time_action1=12.,1.0,1

[nichangg1]
resource=npc\worldnpc572
movetype=0
pathtype=2
base_angle_y=0.0
enter_time=0
alpha_in=0
alpha_out=0
show_name=0
name=
size_x=100
size_y=100
size_z=100
time_action0=stop,1261.41,49.04,981.98,0,-0.96,0,stand,10,true,,,,0,1.00,

[nichanggong2]
resource=npc\worldnpc572
movetype=0
pathtype=2
base_angle_y=0.0
enter_time=0
alpha_in=0
alpha_out=0
show_name=0
name=
size_x=100
size_y=100
size_z=100
time_action0=stop,1260.25,48.64,982.95,-0.00,2.03,0.00,stand,1.0,true,,,,0,1.00,
time_action1=stop,1260.25,48.64,982.95,0,2.03,0,ty_talk1,5,true,,,,0,1.00,
time_action2=moveto,1259.3,48.33,983.46,walk,0.5,true,,,,1,1.00,0,,0,0,0,0
time_action3=moveto,1247.16,43.34,992.32,walk,6,true,,,,1,1.00,1,,0,0.00,-0.89,0.00

[nicahnggong3]
resource=npc\worldnpc572
movetype=0
pathtype=2
base_angle_y=0.0
enter_time=0
alpha_in=0
alpha_out=0
show_name=0
name=
size_x=100
size_y=100
size_z=100
time_action0=stop,1259.72,48.6,981.81,0,1.85,0,stand,6,true,,,,0,1.00,
time_action1=moveto,1258.45,48.14,982.29,walk,0.5,true,,,,1,1.00,0,,0,0,-1.3,0
time_action2=moveto,1246.34,43.65,990.62,walk,5,true,,,,1,1.00,1,,0,0.00,-0.87,0.00

[movie_talk_id]
r0=2,movie_9750_1,2,
r1=5,movie_9750_2,2,
r2=9,movie_9750_3,2,

