[MainInfo]
FrameTime=0.033333
RulerStart=0.000000
RulerEnd=420.000000
CameraX=1460.906982
CameraY=165.795837
CameraZ=1210.354248
CameraRX=0.020361
CameraRY=3.777840
CameraRZ=-0.000000
CaptureAngleX=0.000000
CaptureAngleY=0.000000
CaptureAngleZ=0.000000
CapturePosX=0.000000
CapturePosY=0.000000
CapturePosZ=0.000000
CanBreak=0
ShowPlayer=0
ShowNpc=0
ShowWeapon=0
Player=npc_2

[npc_2]
WorldType=objects
ObjectType=Actor
Name=C96A0BEB4C5842118467ABD6951E7048
VisualType=Actor
PositionX=1459.465698
PositionY=164.239090
PositionZ=1208.505493
AngleX=-0.000000
AngleY=0.489999
AngleZ=0.000000
ScaleX=1.000000
ScaleY=1.000000
ScaleZ=1.000000
VisualConfig=ini\npc\b_banlvxinmo02.ini
Path=npc_2.xml

[npc_1]
WorldType=objects
ObjectType=Actor
Name=F59D249E62664BE3AB4B24471BA45033
VisualType=Actor
PositionX=1463.108887
PositionY=164.239090
PositionZ=1211.994141
AngleX=0.000000
AngleY=-1.625000
AngleZ=0.000000
ScaleX=0.999980
ScaleY=1.000000
ScaleZ=0.999980
VisualConfig=ini\npc\worldnpc1688.ini
Path=npc_1.xml

[npc_3]
WorldType=objects
ObjectType=Actor
Name=E9EFF232A14A43ED875947FEC773A752
VisualType=Actor
PositionX=1460.353271
PositionY=164.239090
PositionZ=1213.552612
AngleX=-0.000000
AngleY=1.794998
AngleZ=0.000000
ScaleX=0.999977
ScaleY=1.000000
ScaleZ=0.999977
VisualConfig=ini\npc\worldnpc1696.ini
Path=npc_3.xml

[camera_1]
WorldType=objects
ObjectType=camera
Name=42C34CA15C2E46BA8F5760C0CF103828
VisualType=CameraWrapper
PositionX=1452.146484
PositionY=167.750275
PositionZ=1205.800903
AngleX=0.145443
AngleY=1.064944
AngleZ=0.000000
ScaleX=1.000000
ScaleY=1.000000
ScaleZ=1.000000
VisualConfig=mdl\camera\camera01\camera.xmod
CameraType=free
Fovx=1.655873
Path=camera_1.xml

[camera_2]
WorldType=objects
ObjectType=camera
Name=D123CC844CBD4398BF1242509B075EB2
VisualType=CameraWrapper
PositionX=1461.561401
PositionY=165.749680
PositionZ=1211.885010
AngleX=0.046541
AngleY=-0.118062
AngleZ=-0.000000
ScaleX=1.000000
ScaleY=1.000000
ScaleZ=1.000000
VisualConfig=mdl\camera\camera01\camera.xmod
CameraType=free
Fovx=1.655873
Path=camera_2.xml

[camera_3]
WorldType=objects
ObjectType=camera
Name=07D771FE3FA048578BF41D2CFF6F418C
VisualType=CameraWrapper
PositionX=1460.906982
PositionY=165.795837
PositionZ=1210.354248
AngleX=0.020361
AngleY=3.777840
AngleZ=-0.000000
ScaleX=1.000000
ScaleY=1.000000
ScaleZ=1.000000
VisualConfig=mdl\camera\camera01\camera.xmod
CameraType=free
Fovx=1.655873
Path=camera_3.xml

[custom]
WorldType=global
ObjectType=custom
Name=
VisualType=
Path=custom.xml

[object_hsi]
WorldType=global
ObjectType=ppfilter_hsi
Name=
VisualType=
Path=object_hsi.xml

