[Ocean]
ColorR=0.431373
ColorG=0.576471
ColorB=0.600000
SpecularColorR=0.768627
SpecularColorG=0.658824
SpecularColorB=0.733333
FogColorR=0.227451
FogColorG=0.337255
FogColorB=0.247059
TexScale=5.150000
AlphaPow=0.400000
Speed=0.920000
DirAngle=4.961200
ReflectPow=0.740000
FogPow=1.100000
HeightPow=0.090000
SharpPow=0.270000
BaseHeight=5.000000
CausticBrightness=1.200000
CausticScale=1.000000
CausticSpeed=0.200000
WhiteSpeed=0.100000
NormalPow=0.460000
Ambin=0.230000
Diffuse=0.320000
ReflectBright=1.000000
RefractBright=1.000000
SpecularPow=0.500000
WhitePow=0.720000
WhiteScale=2.000000
SpecularBright=0.720000
RainSpeed=0.130000
RainPow=0.100000
RainScale=5.150000
CausticColorR=0.458824
CausticColorG=0.686275
CausticColorB=0.482353
RefractPow=0.340000
ScatterColorR=0.176471
ScatterColorG=0.337255
ScatterColorB=0.235294
DeepOceanColorR=0.000000
DeepOceanColorG=0.100000
DeepOceanColorB=0.300000
ScatterPow=0.560000

