[MainInfo]
FrameTime=0.033333
RulerStart=0.000000
RulerEnd=200.000000
CameraX=0.201485
CameraY=11.649532
CameraZ=-28.823935
CameraRX=0.052358
CameraRY=-0.003272
CameraRZ=0.000000
CaptureAngleX=0.000000
CaptureAngleY=0.000000
CaptureAngleZ=0.000000
CapturePosX=0.000000
CapturePosY=0.000000
CapturePosZ=0.000000
CanBreak=1
ShowPlayer=0
ShowNpc=0
ShowWeapon=0
Player=

[npc_1]
WorldType=objects
ObjectType=action_obj
Name=731AF65EFD0B4AF98792C728F4822425
VisualType=Actor
PositionX=0.000000
PositionY=10.000000
PositionZ=0.000000
AngleX=-0.000000
AngleY=0.000000
AngleZ=0.000000
ScaleX=1.000000
ScaleY=1.000000
ScaleZ=1.000000
VisualConfig=ini\npc\b_huashan02.ini
Path=npc_1.xml

[camera_2]
WorldType=objects
ObjectType=camera
Name=7682A8EF6A854DEBB60D053ECDAEA49F
VisualType=CameraWrapper
PositionX=0.201485
PositionY=11.649532
PositionZ=-28.823935
AngleX=0.052358
AngleY=-0.003272
AngleZ=0.000000
ScaleX=1.000000
ScaleY=1.000000
ScaleZ=1.000000
VisualConfig=mdl\camera\camera01\camera.xmod
CameraType=free
Fovx=0.950021
Path=camera_2.xml

[light_move_1049b_1]
WorldType=objects
ObjectType=EffectModel
Name=BE219756727940918B0CA9E256ECBE04
VisualType=EffectModel
PositionX=0.000000
PositionY=9.999999
PositionZ=0.000000
AngleX=-0.000000
AngleY=-3.141593
AngleZ=0.000000
ScaleX=1.000000
ScaleY=1.000000
ScaleZ=1.000000
EffectConfig=ini\effect\model.ini
EffectName=light_move_1049b
Path=light_move_1049b_1.xml

