[system]
enternpc=
gutname=10055_gs
taskname=10055_gs.ini
info=
teamtype=0
refertype=0
show_all_npc=0
wait_terrain=1
show_head_to_chat=0
recover_camera=1
esc_key=1
hide_weapon=1

[scenario_camera]
pathtype=2
angletype=4
modetype=3
time_action0=20,2,0,1270.87,158.31,1330.02,0.45,3.88,0.00,1256.76,156.36,1314.08,-0.03,3.92,0.00,
is_offset_angle=0
offset_angle_y=0.0
time_action1=20,0.5,1,1256.76001,156.360001,1314.079956,-0.03,3.92,0,1222.78,171.81,1284.81,0.20,3.82,0.00,

[player]
resource=player
movetype=0
pathtype=2
base_angle_y=0.0
enter_time=0
alpha_in=0
alpha_out=0
size_x=100
size_y=100
size_z=100
show_name=0
name=
time_action0=stop,1259.13,152.6,1316.31,0,-2.41,0,stand,0.1,true,,,,0,1.00,
time_action1=moveto,1250,152.63,1306.87,run,3,true,,,,0,1.00,0,,0,0,-2.38,0
time_action2=stop,1250.00,152.63,1306.87,-0.00,-2.38,0.00,stand,5.9,true,,,,0,1.00,

[effect_section]
time_action0=0,10,fire_burn_1,true,1208.937744,166.149002,1254.995361,0.0,0.0,0.0,1

[effect_section1]
time_action0=0,10,fire_burn_1,true,1196.053711,161.028702,1263.224487,0,0,0,1

[effect_section2]
time_action0=0,10,fire_burn_1,true,1205.643311,163.345688,1220.099731,0,0,0,1

[effect_section3]
time_action0=0,10,fire_burn_1,true,1198.931519,153.242889,1217.345703,0,0,0,1

[effect_section4]
time_action0=0,10,fire_burn_1,true,1199.267456,153.387329,1256.437378,0,0,0,1.0

[effect_section5]
time_action0=0,10,fire_burn_1,true,1164.62561,165.070786,1222.536255,0,0,0,1.0

[1]
resource=npc\guildeffect001
movetype=0
pathtype=2
base_angle_y=0.0
enter_time=0
alpha_in=0
alpha_out=0
show_name=0
name=
size_x=200
size_y=200
size_z=200
time_action0=stop,1177.79,165.85,1211.27,0,2.76,0,stand,10,true,,,,0,1.00,

[2]
resource=npc\guildeffect001
movetype=0
pathtype=2
base_angle_y=0.0
enter_time=0
alpha_in=0
alpha_out=0
show_name=0
name=
size_x=200
size_y=200
size_z=200
time_action0=stop,1160.01,172.98,1221.56,0,-0.98,0,stand,10,true,,,,0,1.00,

[3]
resource=npc\guildeffect001
movetype=0
pathtype=2
base_angle_y=0.0
enter_time=0
alpha_in=0
alpha_out=0
show_name=0
name=
size_x=200
size_y=200
size_z=200
time_action0=stop,1162.14,163.67,1252.95,0.00,-0.71,0.00,stand,10,true,,,,0,1.00,

[4]
resource=npc\guildeffect001
movetype=0
pathtype=2
base_angle_y=0.0
enter_time=0
alpha_in=0
alpha_out=0
show_name=0
name=
size_x=200
size_y=200
size_z=200
time_action0=stop,1167.87,153.39,1254.51,0.00,-0.85,0.00,stand,10,true,,,,0,1.00,

[5]
resource=npc\guildeffect001
movetype=0
pathtype=2
base_angle_y=0.0
enter_time=0
alpha_in=0
alpha_out=0
show_name=0
name=
size_x=200
size_y=200
size_z=200
time_action0=stop,1161.01,156.64,1224.76,-0.00,-2.33,0.00,stand,10,true,,,,0,1.00,

[6]
resource=npc\guildeffect001
movetype=0
pathtype=2
base_angle_y=0.0
enter_time=0
alpha_in=0
alpha_out=0
show_name=0
name=
size_x=200
size_y=200
size_z=200
time_action0=stop,1174.28,156.64,1210.78,-0.00,-2.27,0.00,stand,10,true,,,,0,1.00,

[11]
resource=npc\worldnpc1190
movetype=0
pathtype=2
base_angle_y=0.0
enter_time=0
alpha_in=0
alpha_out=0
show_name=0
name=
size_x=100
size_y=100
size_z=100
time_action0=stop,1192.23,153.38,1245.33,-0.00,0.80,0.00,stand,3,true,,,,0,1.00,
time_action1=moveto,1212.86,153.24,1266.7,run,7,true,,,,0,1.00,0,,0,0,0,0

[12]
resource=npc\worldnpc1190
movetype=0
pathtype=2
base_angle_y=0.0
enter_time=0
alpha_in=0
alpha_out=0
show_name=0
name=
size_x=100
size_y=100
size_z=100
time_action0=stop,1191.42,153.38,1242.79,-0.00,0.82,0.00,stand,3,true,,,,0,1.00,
time_action1=moveto,1212.58,153.24,1264.23,run,7,true,,,,0,1.00,0,,0,0,0,0

[13]
resource=npc\worldnpc1190
movetype=0
pathtype=2
base_angle_y=0.0
enter_time=0
alpha_in=0
alpha_out=0
show_name=0
name=
size_x=100
size_y=100
size_z=100
time_action0=stop,1188.81,153.38,1242.44,-0.00,0.78,0.00,stand,3,true,,,,0,1.00,
time_action1=moveto,1210.13,153.24,1264.69,run,7,true,,,,0,1.00,0,,0,0,0,0

[fade_section]
time_action0=0,1.0,0
time_action1=9,1.0,1

