[system]
esc_key=0
hide_weapon=1
enternpc=
gutname=FengHuangJQ003
taskname=FengHuangJQ003.ini
info=
teamtype=0
refertype=0
show_all_npc=0
wait_terrain=1
show_head_to_chat=0
recover_camera=1

[player]
resource=player
movetype=0
pathtype=2
base_angle_y=0.0
enter_time=0
alpha_in=0
alpha_out=0
size_x=100
size_y=100
size_z=100
show_name=0
name=
time_action0=stop,508,23.14,608.64,0,1.57,0,stand,0.5,true,,,,0,1.00,
time_action1=moveto,512.54,23.14,608.78,walk,2.5,true,,,,0,1.00,0,,0,-0.00,1.54,0.00
time_action2=stop,512.54,23.14,608.78,0,1.54,0,hurt_stun_2,2,true,,,,0,1.00,
time_action3=stop,512.54,23.14,608.78,0,1.54,0,hurtdownloop,0.5,true,,,,0,1.00,
time_action4=stop,512.54,23.14,608.78,0,1.54,0,hurtdownup,1.0,true,,,,0,1.00,
time_action5=stop,512.54,23.14,608.78,0,1.54,0,hurt_stun_4,1.8,true,,,,0,1.00,
time_action6=stop,512.54,23.14,608.78,0,1.54,0,interact118,7,true,,,,0,1.00,

[scenario_camera]
pathtype=2
angletype=4
modetype=3
time_action0=20,5,0,507.68,29.75,602.53,0.84,0.26,0.00,507.68,29.75,602.53,0.84,0.26,0.00,
is_offset_angle=0
offset_angle_y=0.0
time_action1_vibrate=0,,,,0
time_action1=20,2,0,515.830017,26.280001,609.090027,0.66,4.65,0,515.830017,26.280001,609.090027,0.66,4.65,0,

[fade_section]
time_action0=0,1.0,0
time_action1=3.7,0.3,1
time_action2=4.,1.0,2
time_action3=5.,0.3,0
time_action4=14.4,1.0,1

[movie_talk_id]
r0=9,movie_9712_1,1,

[duwu]
resource=npc\itemnpc057_em02
movetype=0
pathtype=2
base_angle_y=0.0
enter_time=2.5
alpha_in=0
alpha_out=0
show_name=0
name=
size_x=100
size_y=100
size_z=100
time_action0=stop,513.62,23.14,609.11,0,-3.13,0,stand,2,true,,,,0,1.00,

[huayuyin]
resource=npc\worldnpc602
movetype=0
pathtype=2
base_angle_y=0.0
enter_time=0
alpha_in=0
alpha_out=0
show_name=0
name=
size_x=100
size_y=100
size_z=100
time_action0=stop,508.08,23.14,609.52,-0.00,1.57,0.00,stand,0.5,true,,,,0,1.00,
time_action1=moveto,513.00,23.14,609.65,walk,2.5,true,,,,0,1.00,0,,0,-0.00,1.56,0.00
time_action2=stop,512.76,23.14,609.69,0,1.54,0,stand,2,true,,,,0,1.00,

