[system]
esc_key=0
hide_weapon=1
enternpc=
gutname=FengHuangJQ002
taskname=FengHuangJQ002.ini
info=
teamtype=0
refertype=0
show_all_npc=0
wait_terrain=1
show_head_to_chat=0
recover_camera=1
restore_pos=1

[scenario_camera]
pathtype=2
angletype=4
modetype=3
time_action0=20,6,0,270.59,8.49,503.04,0.31,5.05,0.00,270.59,8.49,503.04,0.31,5.05,0.00,
is_offset_angle=0
offset_angle_y=0.0
time_action1=20,2,0,248.72,8.37,509.63,0.40,1.78,0.00,248.72,8.37,509.63,0.40,1.78,0.00,
time_action2=20,2,0,248.720001,8.37,509.630005,0.4,1.78,0,254.78,6.63,507.34,0.23,1.69,0.00,
time_action3=20,6,0,254.779999,6.63,507.339996,0.23,1.69,0,254.779999,6.63,507.339996,0.23,1.69,0,
time_action4=20,0.5,1,254.779999,6.63,507.339996,0.23,1.69,0,250.32,9.31,487.55,-0.11,3.06,0.00,
time_action5=20,2,0,250.320007,9.31,487.549988,-0.11,3.06,0,250.320007,9.31,487.549988,-0.11,3.06,0,
time_action6=20,2,0,269.04,7.61,502.70,0.32,-0.90,0.00,269.04,7.61,502.70,0.32,-0.90,0.00,
time_action7=20,3,0,265.84,7.27,515.62,0.26,3.54,0.00,265.84,7.27,515.62,0.26,3.54,0.00,

[player]
resource=player
movetype=0
pathtype=2
base_angle_y=0.0
enter_time=0
alpha_in=0
alpha_out=0
size_x=100
size_y=100
size_z=100
show_name=0
name=
time_action0=stop,263.38,4.08,506.07,0,-1.38,0,hurt_stun_1,33,true,,,,0,1.00,

[fade_section]
time_action0=0,1.0,0
time_action1=32,1.0,1

[movie_talk_id]
r0=0,movie_9711_1,2,
r1=3,movie_9711_2,2,
r2=4,movie_9711_3,2,
r3=8,movie_9711_4,2,
r4=12,movie_9711_5,2,
r5=14,movie_9711_6,2,
r6=15,movie_9711_7,2,
r7=21,movie_9711_8,2,
r8=24,movie_9711_9,2,
r9=26,movie_9711_10,2,

[huayuying]
resource=npc\worldnpc602
movetype=0
pathtype=2
base_angle_y=0.0
enter_time=0
alpha_in=0
alpha_out=0
show_name=0
name=
size_x=100
size_y=100
size_z=100
time_action0=stop,258.55,3.76,511.97,0,-2.95,0,stand,7,true,,,,0,1.00,
time_action1=moveto,261.55,3.89,508.51,walk,2.5,true,,,,0,1.00,0,,0,0,0,0
time_action2=stop,261.55,3.89,508.51,0,2.52,0,stand,24,true,,,,0,1.00,

[HuaPi]
resource=npc\worldnpc619
movetype=0
pathtype=2
base_angle_y=0.0
enter_time=0
alpha_in=0
alpha_out=0
show_name=0
name=
size_x=100
size_y=100
size_z=100
time_action0=stop,252.05,4.42,508.83,0,2.07,0,stand,0.5,true,,,,0,1.00,
time_action1=moveto,256.77,4.01,507.69,walk,2.3,true,,,,0,1.00,0,,0,0,0,0
time_action2=moveto,255.66,4.09,507.72,lst_jumpback03_1,1,true,,,,0,0.91,1,,0,0,0,0
time_action3=stop,255.66,4.09,507.72,-0.00,1.70,0.00,stand,1.0,true,,,,0,1.00,
time_action4=moveto,239.84,5.99,508.47,run,3,true,,,,0,1.00,0,,0,0,0,0

[HeiYiNvZi]
resource=npc\worldnpc756
movetype=0
pathtype=2
base_angle_y=0.0
enter_time=0
alpha_in=0
alpha_out=0
show_name=0
name=
size_x=100
size_y=100
size_z=100
time_action0=stop,271.76,11.75,498.75,0,-1.06,0,stand,0.5,true,,,,1,1.00,
time_action1=moveto,259.34,3.94,507.19,qg_jump02_f,2,true,,,,1,0.88,0,,0,0.00,-1.38,0.00
time_action2=moveto,257.13,3.99,507.61,CS_jh_yydld05,1.5,true,,,,0,1.00,0,,0,0.00,-1.38,0.00
time_action3=stop,257.13,3.99,507.61,0,-1.38,0,stand,2.5,true,,,,0,1.00,
time_action4=moveto,261.32,3.99,506.57,walk,2,true,,,,0,1.00,0,,0,-0.00,1.81,0.00
time_action5=stop,261.32,3.99,506.57,0,1.81,0,stand,15,true,,,,0,1.00,
time_action6=moveto,260.14,4.33,503.27,walk,2,true,,,,0,1.00,0,,0,-0.00,-2.78,0.00
time_action7=stop,260.14,4.33,503.27,-0.00,-2.78,0.00,stand,1.0,true,,,,0,1.00,
time_action8=moveto,255.72,6.88,488.84,walk,7,true,,,,0,1.00,0,,0,0,-2.87,0

[HeiYiRen]
resource=npc\worldnpc574
movetype=0
pathtype=2
base_angle_y=0.0
enter_time=15
alpha_in=0
alpha_out=0
show_name=0
name=
size_x=100
size_y=100
size_z=100
time_action0=stop,250.23,8.17,484.18,0,0.55,0,stand,18,true,,,,0,1.00,

