[system]
enternpc=
gutname=TianShanJQ004
taskname=TianShanJQ004.ini
info=
teamtype=0
refertype=0
show_all_npc=0
wait_terrain=1
show_head_to_chat=0
recover_camera=1
esc_key=0
hide_weapon=1

[scenario_camera]
pathtype=2
angletype=4
modetype=3
time_action0=20,3,0,17.57,78.48,497.64,0.45,4.92,0.00,17.57,78.48,497.64,0.45,4.92,0.00,
is_offset_angle=0
offset_angle_y=0.0
time_action1=20,2,0,17.57,78.480003,497.640015,0.45,4.92,0,14.311756,78.755325,504.77005,-0.015421,5.543408,0,

[player]
resource=player
movetype=0
pathtype=2
base_angle_y=0.0
enter_time=0
alpha_in=0
alpha_out=0
size_x=100
size_y=100
size_z=100
show_name=0
name=
time_action0=stop,5.96,71.18,500.05,0,-1.47,0,logoin_stand,4,true,,,,0,1.00,

[fade_section]
time_action0=0,1.0,0
time_action1=4.,1.0,1

[movie_talk_id]
r0=0,movie_9720_1,1,
r1=2,movie_9720_2,1,

[huogongtoutuo]
resource=npc\monster475
movetype=0
pathtype=2
base_angle_y=0.0
enter_time=0
alpha_in=0
alpha_out=0
show_name=0
name=
size_x=100
size_y=100
size_z=100
time_action0=stop,1.06,71.18,500.51,0,1.56,0,lst_debuff1_1,1.0,true,,,,0,1.00,
time_action1=moveto,0.65,78.32,512.66,qg_jump02_f,2,true,,,,1,1.00,0,,0,0,0,0
time_action2=moveto,-0.30,77.56,526.44,qg_fastruning_s,2,true,,,,1,1.00,0,,0,0.00,-0.01,0.00

