[system]
esc_key=0
hide_weapon=1
enternpc=
gutname=TianShanJQ003
taskname=TianShanJQ003.ini
info=
teamtype=0
refertype=2
show_all_npc=0
wait_terrain=1
show_head_to_chat=0
recover_camera=1

[player]
resource=player
movetype=0
pathtype=2
base_angle_y=0.0
enter_time=0
alpha_in=0
alpha_out=0
size_x=100
size_y=100
size_z=100
show_name=0
name=
time_action0=stop,36.09,67.36,493.76,0,3.09,0,interact076,7.5,true,,,,0,1.00,
time_action1=stop,-39.15,71.18,508.03,-0.00,1.66,0.00,stand,0.5,true,,,,0,1.00,
time_action2=stop,-39.15,71.18,508.03,0,1.66,0,interact076,7,true,,,,0,1.00,

[scenario_camera]
pathtype=2
angletype=4
modetype=3
time_action0=20,2,0,39.44,70.00,492.79,0.40,4.79,0.00,39.44,70.00,492.79,0.40,4.79,0.00,
is_offset_angle=0
offset_angle_y=0.0
time_action1=20,1,1,39.442875,69.996712,492.788208,0.400775,4.789901,0,28.07,73.46,499.21,0.43,4.99,0.00,
time_action2=20,5,0,28.067095,73.464386,499.208954,0.4309,4.991995,0,28.067095,73.464386,499.208954,0.4309,4.991995,0,
time_action3=20,2,0,-35.05,74.10,511.83,0.15,4.12,0.00,-35.05,74.10,511.83,0.15,4.12,0.00,

[fade_section]
time_action0=0,1.0,0
time_action1=6.8,0.5,1
time_action2=7.3,1.0,2
time_action3=8.3,0.5,0
time_action4=14.,1.0,1

[movie_talk_id]

[huayuying]
resource=npc\worldnpc602
movetype=0
pathtype=2
base_angle_y=0.0
enter_time=0
alpha_in=0
alpha_out=0
show_name=0
name=
size_x=100
size_y=100
size_z=100
time_action0=stop,22.13,69.58,501.15,0.00,-0.83,0.00,stand,2.3,true,,,,0,1.00,
time_action1=moveto,19.21,69.58,503.98,atkhit4,1.4,true,,,,0,0.83,0,,0,0.00,-0.73,0.00
time_action2=stop,19.21,69.58,503.98,0.00,-0.73,0.00,stand,1.0,true,,,,0,1.00,
time_action3=moveto,8.1,71.18,509.21,run,3,true,,,,1,1.00,0,,0,0,0,0
time_action4=hide,0,0,0,0,0.3,
time_action5=stop,-46.84,71.18,503.25,0.00,-1.52,0.00,stand,3,true,,,,0,1.00,
time_action6=moveto,-27.14,71.18,501.85,run,4,true,,,,1,1.00,0,,0,-0.00,1.64,0.00

[nan]
resource=npc\monster249
movetype=0
pathtype=2
base_angle_y=0.0
enter_time=0
alpha_in=0
alpha_out=0
show_name=0
name=
size_x=100
size_y=100
size_z=100
time_action0=stop,21.37,69.58,499.78,0,-0.96,0,b_fi_stand_1,4.7,true,,,,0,1.00,
time_action1=moveto,11.82,71.18,508.19,run,3,true,,,,1,1.00,0,,0,0,0,0
time_action2=hide,0,0,0,0,0.3,
time_action3=stop,-46.66,71.23,504.35,0.00,-1.52,0.00,stand,3,true,,,,0,1.00,
time_action4=moveto,-27.06,71.18,502.96,run,4,true,,,,0,1.00,0,,0,0,1.6,0

[es1]
resource=npc\monster472
movetype=0
pathtype=2
base_angle_y=0.0
enter_time=0
alpha_in=0
alpha_out=0
show_name=0
name=
size_x=100
size_y=100
size_z=100
time_action0=stop,20.15,69.58,502.88,0,2.25,0,stand,2.5,true,,,,0,1.00,
time_action1=moveto,17.60,69.58,505.68,ds_hurt_float_1,1.2,true,,,,1,1.00,1,,0,-0.00,2.38,0.00
time_action2=moveto,17.6,69.58,505.68,dc_hurtdownloop_1,11,true,,,,0,1.00,1,,0,0,0,0

[es2]
resource=npc\monster472
movetype=0
pathtype=2
base_angle_y=0.0
enter_time=0
alpha_in=0
alpha_out=0
show_name=0
name=
size_x=100
size_y=100
size_z=100
time_action0=stop,19.32,69.58,501.35,0,1.74,0,dc_hurtdownloop_1,10,true,,,,0,1.00,

[es3]
resource=npc\monster472
movetype=0
pathtype=2
base_angle_y=0.0
enter_time=0
alpha_in=0
alpha_out=0
show_name=0
name=
size_x=100
size_y=100
size_z=100
time_action0=stop,22.55,69.58,504.57,0,1.86,0,dc_hurtdownloop_1,10,true,,,,0,1.00,

[es4]
resource=npc\monster472
movetype=0
pathtype=2
base_angle_y=0.0
enter_time=0
alpha_in=0
alpha_out=0
show_name=0
name=
size_x=100
size_y=100
size_z=100
time_action0=stop,16.99,69.58,504.02,0,-1.28,0,dc_hurtdownloop_1,10,true,,,,0,1.00,

[es5]
resource=npc\monster472
movetype=0
pathtype=2
base_angle_y=0.0
enter_time=0
alpha_in=0
alpha_out=0
show_name=0
name=
size_x=100
size_y=100
size_z=100
time_action0=stop,17.48,69.58,500.14,0,0.29,0,dc_hurtdownloop_1,10,true,,,,0,1.00,

[fangzang]
resource=npc\worldnpc1308
movetype=0
pathtype=2
base_angle_y=0.0
enter_time=8
alpha_in=0
alpha_out=0
show_name=0
name=
size_x=100
size_y=100
size_z=100
time_action0=stop,-49.24,71.18,503.91,0,1.61,0,ty_stand,7,true,,,,0,1.00,

