[system]
enternpc=
gutname=TianShanJQ005
taskname=TianShanJQ005.ini
info=
teamtype=0
refertype=0
show_all_npc=0
wait_terrain=1
show_head_to_chat=0
recover_camera=1
esc_key=0
hide_weapon=1

[scenario_camera]
pathtype=2
angletype=4
modetype=3
time_action0=20,3,0,1391.88,25.18,952.82,0.43,2.02,0.00,1391.88,25.18,952.82,0.43,2.02,0.00,
is_offset_angle=0
offset_angle_y=0.0
time_action1=20,1,1,1391.875122,25.183529,952.821777,0.432263,2.019533,0,1384.01,22.17,944.88,0.21,3.88,0.00,

[player]
resource=player
movetype=0
pathtype=2
base_angle_y=0.0
enter_time=0
alpha_in=0
alpha_out=0
size_x=100
size_y=100
size_z=100
show_name=0
name=
time_action0=stop,1409.31,18.32,949.68,-0.00,-2.18,0.00,stand,0.5,true,,,,0,1.00,
time_action1=moveto,1401.39,18.32,944.51,walk,4,true,,,,0,1.00,0,,0,0,-2.19,0
time_action2=stop,1401.39,18.32,944.51,-0.00,-2.19,0.00,stand,1.0,true,,,,0,1.00,

[fade_section]
time_action0=0,1.0,0
time_action1=4.5,1.0,1

[baiyiduizhang]
resource=npc\worldnpc1324
movetype=0
pathtype=2
base_angle_y=0.0
enter_time=0
alpha_in=0
alpha_out=0
show_name=0
name=
size_x=100
size_y=100
size_z=100
time_action0=stop,1369.55,18.32,936.69,0,1.52,0,stand,0.5,true,,,,0,1.00,
time_action1=moveto,1377.93,18.32,936.89,walk,4,true,,,,0,1.00,0,,0,-0.00,1.54,0.00
time_action2=stop,1377.93,18.32,936.89,-0.00,1.54,0.00,stand,1.0,true,,,,0,1.00,

[baiyiren1]
resource=npc\monster259
movetype=0
pathtype=2
base_angle_y=0.0
enter_time=0
alpha_in=0
alpha_out=0
show_name=0
name=
size_x=100
size_y=100
size_z=100
time_action0=stop,1367.78,18.32,937.55,0,1.62,0,stand,0.5,true,,,,0,1.00,
time_action1=moveto,1376.55,18.32,937.67,walk,4,true,,,,0,1.00,0,,0,-0.00,1.59,0.00
time_action2=stop,1376.55,18.32,937.67,-0.00,1.59,0.00,stand,1.0,true,,,,0,1.00,

[baiyi2]
resource=npc\monster259
movetype=0
pathtype=2
base_angle_y=0.0
enter_time=0
alpha_in=0
alpha_out=0
show_name=0
name=
size_x=100
size_y=100
size_z=100
time_action0=stop,1367.51,18.32,935.84,0,1.48,0,stand,0.5,true,,,,0,1.00,
time_action1=moveto,1376.43,18.32,936.20,walk,4,true,,,,0,1.00,0,,0,-0.00,1.56,0.00
time_action2=stop,1376.43,18.32,936.20,-0.00,1.56,0.00,stand,1.0,true,,,,0,1.00,

[baiyi3]
resource=npc\monster259
movetype=0
pathtype=2
base_angle_y=0.0
enter_time=0
alpha_in=0
alpha_out=0
show_name=0
name=
size_x=100
size_y=100
size_z=100
time_action0=stop,1365.37,18.32,937.28,0,1.49,0,stand,0.5,true,,,,0,1.00,
time_action1=moveto,1374.23,18.32,937.65,walk,4,true,,,,0,1.00,0,,0,-0.00,1.56,0.00
time_action2=stop,1374.23,18.32,937.65,-0.00,1.56,0.00,stand,1.0,true,,,,0,1.00,

[baiyi4]
resource=npc\monster259
movetype=0
pathtype=2
base_angle_y=0.0
enter_time=0
alpha_in=0
alpha_out=0
show_name=0
name=
size_x=100
size_y=100
size_z=100
time_action0=stop,1365.45,18.32,935.54,0,1.49,0,stand,0.5,true,,,,0,1.00,
time_action1=moveto,1374.15,18.32,936.12,walk,4,true,,,,0,1.00,0,,0,-0.00,1.50,0.00
time_action2=stop,1374.15,18.32,936.12,-0.00,1.50,0.00,stand,1.0,true,,,,0,1.00,

