[ppfilter]
GammaEnable=false
GradualEnable=true
GradualStart=0.200000
GradualEnd=1.000000
GradualExp=1.000000
GradualColor=255,78,155,232
HSIEnable=false
AdjustBaseColor=255,254,255,249
AdjustBrightness=52.000000
AdjustContrast=2.000000
AdjustSaturation=52.000000
AngleEnable=true
AngleStart=0.400000
AngleEnd=1.000000
AngleExp=0.700000
AngleColor=255,8,8,12

