[MainInfo]
FrameTime=0.033333
RulerStart=0.000000
RulerEnd=340.000000
CameraX=1728.268066
CameraY=2.784680
CameraZ=477.628998
CameraRX=0.050977
CameraRY=1.993135
CameraRZ=-0.000000
CaptureAngleX=0.000000
CaptureAngleY=0.000000
CaptureAngleZ=0.000000
CapturePosX=0.000000
CapturePosY=0.000000
CapturePosZ=0.000000
CanBreak=0
ShowPlayer=0
ShowNpc=0
ShowWeapon=0
Player=npc_3

[npc_1]
WorldType=objects
ObjectType=Actor
Name=D5F018BD9E3D406BA8218C324D6CEA6F
VisualType=Actor
PositionX=1714.395020
PositionY=0.766279
PositionZ=494.364471
AngleX=0.000000
AngleY=-1.445005
AngleZ=0.000000
ScaleX=0.999438
ScaleY=0.999991
ScaleZ=0.999438
VisualConfig=ini\npc\worldnpc1190.ini
Path=npc_1.xml

[npc_2]
WorldType=objects
ObjectType=Actor
Name=454BF9AA64FC41EE80443653A327629A
VisualType=Actor
PositionX=1713.284668
PositionY=0.805421
PositionZ=494.681183
AngleX=-0.000000
AngleY=0.000000
AngleZ=0.000000
ScaleX=1.000000
ScaleY=1.000000
ScaleZ=1.000000
VisualConfig=ini\npc\cj_030250.ini
Path=npc_2.xml

[npc_3]
WorldType=objects
ObjectType=Actor
Name=B9855763710D4F508F3F6D79D1BA110D
VisualType=Actor
PositionX=1730.467407
PositionY=1.302820
PositionZ=476.363800
AngleX=0.000000
AngleY=-0.959986
AngleZ=0.000000
ScaleX=0.999831
ScaleY=1.000000
ScaleZ=0.999831
VisualConfig=ini\npc\b_banlvxinmo02.ini
Path=npc_3.xml

[camera_1]
WorldType=objects
ObjectType=camera
Name=AC576409286645228869C7CA1D4D48F9
VisualType=CameraWrapper
PositionX=1728.268066
PositionY=2.784680
PositionZ=477.628998
AngleX=0.050977
AngleY=1.993135
AngleZ=-0.000000
ScaleX=1.000000
ScaleY=1.000000
ScaleZ=1.000000
VisualConfig=mdl\camera\camera01\camera.xmod
CameraType=free
Fovx=1.809219
Path=camera_1.xml

[camera_2]
WorldType=objects
ObjectType=camera
Name=99C593D94C894C3E94F3A4850A403A6F
VisualType=CameraWrapper
PositionX=1728.484985
PositionY=3.127581
PositionZ=474.973969
AngleX=0.231328
AngleY=-0.179801
AngleZ=-0.000000
ScaleX=0.999895
ScaleY=0.999909
ScaleZ=0.999841
VisualConfig=mdl\camera\camera01\camera.xmod
CameraType=free
Fovx=1.809219
Path=camera_2.xml

[custom]
WorldType=global
ObjectType=custom
Name=
VisualType=
Path=custom.xml

[blast_move_4_1]
WorldType=objects
ObjectType=EffectModel
Name=7EE6F47F08A64E7A83C3FB00DD08976E
VisualType=EffectModel
PositionX=1722.392578
PositionY=1.042319
PositionZ=488.355072
AngleX=-0.000000
AngleY=0.000000
AngleZ=0.000000
ScaleX=1.000000
ScaleY=1.000000
ScaleZ=1.000000
EffectConfig=ini\effect\model.ini
EffectName=blast_move_4
Path=blast_move_4_1.xml

[object_hsi]
WorldType=global
ObjectType=ppfilter_hsi
Name=
VisualType=
Path=object_hsi.xml

[city02_suzhou]
WorldType=music
ObjectType=Music
Name=1D58BE3D8C724BC491C97BA07C5C9AF8
VisualType=Music
MusicConfig=mus\city02_suzhou.ogg
MusicType=npc
Path=city02_suzhou.xml

