[MainInfo]
FrameTime=0.033333
RulerStart=0.000000
RulerEnd=500.000000
CameraX=770.232849
CameraY=17.617439
CameraZ=997.998657
CameraRX=0.228419
CameraRY=1.442002
CameraRZ=0.000000
CaptureAngleX=0.000000
CaptureAngleY=0.000000
CaptureAngleZ=0.000000
CapturePosX=0.000000
CapturePosY=0.000000
CapturePosZ=0.000000
CanBreak=0
ShowPlayer=0
ShowNpc=0
ShowWeapon=0
Player=npc_3

[npc_1]
WorldType=objects
ObjectType=Actor
Name=32D8185BB35846F08AA8DF72B99D5821
VisualType=Actor
PositionX=779.524292
PositionY=15.025043
PositionZ=998.365479
AngleX=0.000000
AngleY=-1.433181
AngleZ=0.000000
ScaleX=0.999913
ScaleY=1.000000
ScaleZ=0.999913
VisualConfig=ini\npc\worldnpc011.ini
Path=npc_1.xml

[npc_2]
WorldType=objects
ObjectType=Actor
Name=03275B6E629E450DBA14CF080032DCB7
VisualType=Actor
PositionX=776.930847
PositionY=14.983407
PositionZ=998.165161
AngleX=-0.000000
AngleY=1.099989
AngleZ=0.000000
ScaleX=0.999973
ScaleY=1.000000
ScaleZ=0.999973
VisualConfig=ini\npc\worldnpc169.ini
Path=npc_2.xml

[npc_3]
WorldType=objects
ObjectType=Actor
Name=06FCC3DDEA4247608A453DC0384B6398
VisualType=Actor
PositionX=777.277161
PositionY=14.983407
PositionZ=1000.316528
AngleX=-0.000000
AngleY=2.419992
AngleZ=0.000000
ScaleX=0.999964
ScaleY=1.000000
ScaleZ=0.999964
VisualConfig=ini\npc\b_banlvxinmo02.ini
Path=npc_3.xml

[npc_4]
WorldType=objects
ObjectType=Actor
Name=44BDBDF0A4704490AB765FF13927D724
VisualType=Actor
PositionX=781.231323
PositionY=14.983406
PositionZ=1000.064392
AngleX=-0.000000
AngleY=-2.359998
AngleZ=0.000000
ScaleX=0.999975
ScaleY=1.000000
ScaleZ=0.999975
VisualConfig=ini\npc\worldnpc1684.ini
Path=npc_4.xml

[camera_1]
WorldType=objects
ObjectType=camera
Name=9D69AA8B2DD84F458DB1C8A304F42A8B
VisualType=CameraWrapper
PositionX=770.232849
PositionY=17.617439
PositionZ=997.998657
AngleX=0.228419
AngleY=1.442002
AngleZ=0.000000
ScaleX=1.000000
ScaleY=1.000000
ScaleZ=1.000000
VisualConfig=mdl\camera\camera01\camera.xmod
CameraType=free
Fovx=1.809219
Path=camera_1.xml

[camera_2]
WorldType=objects
ObjectType=camera
Name=3E5F2A29186244D49B3F34F0C93A2D42
VisualType=CameraWrapper
PositionX=778.374390
PositionY=16.545816
PositionZ=998.524475
AngleX=0.091702
AngleY=1.512361
AngleZ=0.000000
ScaleX=1.000000
ScaleY=1.000000
ScaleZ=1.000000
VisualConfig=mdl\camera\camera01\camera.xmod
CameraType=free
Fovx=1.809219
Path=camera_2.xml

[camera_3]
WorldType=objects
ObjectType=camera
Name=0BEB25FB3751453E9B998E13959F8A1B
VisualType=CameraWrapper
PositionX=778.278809
PositionY=16.485891
PositionZ=998.522217
AngleX=0.077157
AngleY=-1.447608
AngleZ=0.000000
ScaleX=1.000000
ScaleY=1.000000
ScaleZ=1.000000
VisualConfig=mdl\camera\camera01\camera.xmod
CameraType=free
Fovx=1.809219
Path=camera_3.xml

[camera_4]
WorldType=objects
ObjectType=camera
Name=59B24C98E34D4B9592F576CBFB49D088
VisualType=CameraWrapper
PositionX=779.629761
PositionY=16.461779
PositionZ=1000.147522
AngleX=0.082975
AngleY=1.518906
AngleZ=-0.000000
ScaleX=1.000000
ScaleY=1.000000
ScaleZ=1.000000
VisualConfig=mdl\camera\camera01\camera.xmod
CameraType=free
Fovx=1.809219
Path=camera_4.xml

[custom]
WorldType=global
ObjectType=custom
Name=
VisualType=
Path=custom.xml

[object_hsi]
WorldType=global
ObjectType=ppfilter_hsi
Name=
VisualType=
Path=object_hsi.xml

