[ppfilter]
GammaEnable=false
GradualEnable=true
GradualStart=0.200000
GradualEnd=1.000000
GradualExp=1.000000
GradualColor=255,79,105,142
HSIEnable=false
AdjustBaseColor=255,208,232,242
AdjustBrightness=60.000000
AdjustContrast=5.000000
AdjustSaturation=55.000000
AngleEnable=true
AngleStart=0.400000
AngleEnd=1.000000
AngleExp=0.700000
AngleColor=255,122,134,178

