[pphdr]
BloomEnable=true
MaxBrightness=0.000000
GlowWeight=0.200000
Dither=0.010000
Gamma=1.500000
HDREnable=true
HDRExposure=3.000000
HDRGaussianScale=7.500000
HDRExposureAdd=0.200000

