[ppvolumelighting]
ppvolumelightingEnable=false
SunColor=255, 163,196,221
SunRadius=0.000000
SunLevel=2.000000
SunShineRadius=2.000000
SunShineUp=0.500000
SampleBias=0.025000
SampleDistance=1.750000

