[ssao]
SSAOEnable=true
AoRadius=0.500000
AoDepthScale=2.000000
AoContrast=1.750000
AoBlurSharpness=16.000000

