[system]
enternpc=
gutname=loulandiany8_1
taskname=loulandiany8_1.ini
info=
teamtype=0
refertype=2
show_all_npc=0
wait_terrain=1
show_head_to_chat=0
recover_camera=1
esc_key=0

[huoqilin]
resource=npc\boss090
movetype=0
pathtype=2
base_angle_y=0.0
enter_time=8
alpha_in=0
alpha_out=0
show_name=0
name=
size_x=100
size_y=100
size_z=100
time_action0=stop,1339.33,0.7,1675.17,0,2.15,0,stand,2,true,,,,0,1.00,
time_action1=moveto,1356.55,-12.80,1678.23,jump,1,true,,,,1,1.00,0,,0,-0.00,1.59,0.00
time_action2=moveto,1356.55,-12.8,1678.23,jumpdown,0.5,true,,,,0,1.00,0,,0,0,0,0
time_action3=stop,1356.55,-12.8,1678.23,0,0,0,openfire1,3,true,,,,0,1.00,

[scenario_camera]
pathtype=2
angletype=4
modetype=3
is_offset_angle=0
offset_angle_y=0.0
enter_time=0
time_action0=20,4,0,1356.44,-8.23,1705.28,0.06,6.22,0.00,1360.79,-8.87,1689.57,0.25,6.01,0.00,
time_action1=20,4,0,1360.790039,-8.87,1689.569946,0.25,6.01,0,1360.790039,-8.87,1689.569946,0.25,6.01,0,
time_action2=20,2,0,1360.790039,-8.87,1689.569946,0.25,6.01,0,1360.790039,-8.87,1689.569946,0.25,6.01,0,
time_action2_vibrate=0,0.05,0.01,2.0,0
time_action3=20,0.5,0,1360.790039,-8.87,1689.569946,0.25,6.01,0,1360.79,-8.87,1689.57,0.25,3.57,0.00,
time_action4=20,4,0,1360.790039,-8.87,1689.569946,0.25,3.57,0,1360.790039,-8.87,1689.569946,0.25,3.57,0,

[xiangjiuchen]
resource=npc\worldnpc053
movetype=0
pathtype=2
base_angle_y=0.0
enter_time=0
alpha_in=0
alpha_out=0
show_name=0
name=
size_x=100
size_y=100
size_z=100
time_action0=stop,1356.49,-9.65,1713.2,0,-3.14,0,stand,0.5,true,,,,0,1.00,
time_action1=moveto,1357.76,-12.04,1697.45,run,3.5,true,,,,1,1.00,0,,0,-0.00,2.70,0.00
time_action2=stop,1357.76,-12.04,1698.43,0,-3.14,0,stand,1.0,true,,,,0,1.00,
time_action3=stop,1357.76,-12.04,1698.43,0,-3.14,0,ty_talk5,3,true,,,,0,1.00,
time_action4=stop,1357.76,-12.04,1698.43,0,-3.14,0,k_fi_stand_1,4,true,,,,0,1.00,

[mudieying]
resource=npc\worldnpc745
movetype=0
pathtype=2
base_angle_y=0.0
enter_time=0
alpha_in=0
alpha_out=0
show_name=0
name=
size_x=100
size_y=100
size_z=100
time_action0=stop,1355.17,-9.65,1713.29,0,3.14,0,stand,0.5,true,,,,0,1.00,
time_action1=moveto,1356.16,-12.04,1698.15,run,3.5,true,,,,1,1.00,0,,0,0,0,0
time_action2=stop,1356.16,-12.04,1698.15,0,3.14,0,stand,0.5,true,,,,0,1.00,
time_action3=stop,1356.16,-12.04,1698.15,0,3.14,0,ty_angry2,3.5,true,,,,0,1.00,
time_action4=stop,1356.16,-12.04,1698.15,0,3.14,0,k_fi_stand_1,4,true,,,,0,1.00,

[player]
resource=player
movetype=0
pathtype=2
base_angle_y=0.0
enter_time=0.0
alpha_in=0
alpha_out=0

[fade_section]
time_action0=0,1.0,0
time_action1=14.,1.0,1

[movie_talk_id]
r0=4,movie_9532_1,2,
r1=6,movie_9532_2,2,
r2=8,movie_9532_3,2,
r3=10,movie_9532_4,2,

