[system]
esc_key=1
hide_weapon=0
enternpc=
gutname=minkudianyin001
taskname=minkudianyin001.ini
info=
teamtype=0
refertype=2
show_all_npc=1
wait_terrain=1
show_head_to_chat=0
recover_camera=0

[men]
resource=npc\itemnpc1359
movetype=0
pathtype=2
base_angle_y=0.0
enter_time=0
alpha_in=0
alpha_out=0
show_name=0
name=
size_x=100
size_y=100
size_z=100
time_action0=stop,1355.89,11.05,1843.94,-0.00,0.00,0.00,stand,7.5,true,,,,0,1.00,

[player]
resource=player
movetype=0
pathtype=2
base_angle_y=0.0
enter_time=0
alpha_in=0
alpha_out=0
size_x=100
size_y=100
size_z=100
show_name=0
name=
time_action0=stop,1355.96,11.21,1839.96,0,3.12,0,stand,0.5,true,,,,0,1.00,
time_action1=moveto,1355.89,11.36,1835.76,walk,2.0,true,,,,0,1.00,1,,0,-0.00,-3.11,0.00
time_action2=moveto,1355.71,11.36,1836.20,stand,1.0,true,,,,0,1.00,1,,0,-0.00,-3.13,0.00
time_action3=moveto,1355.71,11.36,1836.20,walk,1.0,true,,,,0,1.00,0,,0,-0.00,0.70,0.00
time_action4=moveto,1355.71,11.36,1836.2,stand,3.0,true,,,,0,1.00,1,,0,0,0,0

[scenario_camera]
pathtype=2
angletype=4
modetype=3
time_action0=17,4,0,1355.81,13.37,1842.70,0.45,3.15,0.00,1355.72,14.26,1839.14,0.50,3.13,0.00,player
is_offset_angle=0
offset_angle_y=0.0
time_action1=20,0.7,0,1355.719971,14.26,1839.140015,0.5,3.13,0,1357.05,13.51,1836.99,0.03,6.20,0.00,

[movie_talk_id]

[fade_section]
time_action0=0,0.5,0
time_action1=6,1.0,1
time_action2=7,1.0,2

