[Ocean]
ColorR=0.231373
ColorG=0.454902
ColorB=0.576471
SpecularColorR=0.482353
SpecularColorG=0.615686
SpecularColorB=0.776471
FogColorR=0.227451
FogColorG=0.337255
FogColorB=0.247059
TexScale=2.450000
AlphaPow=0.280000
Speed=1.160000
DirAngle=4.647200
ReflectPow=0.250000
FogPow=2.180000
HeightPow=0.360000
SharpPow=0.540000
BaseHeight=4.750000
CausticBrightness=1.200000
CausticScale=1.000000
CausticSpeed=0.200000
WhiteSpeed=0.200000
NormalPow=0.100000
Ambin=0.280000
Diffuse=0.460000
ReflectBright=0.660000
RefractBright=0.740000
SpecularPow=0.500000
WhitePow=1.620000
WhiteScale=1.980000
SpecularBright=0.600000
RainSpeed=0.130000
RainPow=0.100000
RainScale=5.150000
CausticColorR=0.458824
CausticColorG=0.686275
CausticColorB=0.482353
RefractPow=0.340000
ScatterColorR=0.066667
ScatterColorG=0.470588
ScatterColorB=0.619608
DeepOceanColorR=0.000000
DeepOceanColorG=0.100000
DeepOceanColorB=0.300000
ScatterPow=0.680000



