[ppvolumelighting]
ppvolumelightingEnable=true
SunColor=255, 188,126,100
SunRadius=0.200000
SunLevel=1.500000
SunShineRadius=10.000000
SunShineUp=0.200000
SampleBias=0.026000
SampleDistance=1.835800

