[system]
enternpc=FunnpcClone013001[cao]@618 -11 -368
gutname=tanglanshoushang
taskname=movie_clone013_761.ini
info=
teamtype=0
refertype=2
esc_key=1
hide_weapon=1
music=clone003_fight
show_all_npc=0
wait_terrain=1
show_head_to_chat=0
recover_camera=0

[tl]
resource=npc\fbfunnpc00241
movetype=0
pathtype=2
base_angle_y=0.0
enter_time=0
alpha_in=0
alpha_out=0
time_action0=stop,-26.49,2.87,1.46,0,1.73,0,ty_lie_talk,11.5,true,,,,0,1.00
time_action1=stop,-26.49,2.87,1.46,0,1.73,0,ty_lie_talk,11,true,,,,0,1.00,
size_x=100
size_y=100
size_z=100

[player]
resource=player
movetype=0
pathtype=2
base_angle_y=0.0
enter_time=0
alpha_in=0
alpha_out=0
time_action0=stop,-14.39,2.87,1.43,0.00,-1.61,0.00,stand,1.0,true,,,,0,1.00
time_action1=moveto,-25.39,2.87,1.18,fi_0h_run,2.5,true,,,,0,1.00
time_action2=stop,-25.39,2.87,1.18,0.00,-1.80,0.00,stand,0.2,true,,,,0,1.00
time_action3=stop,-25.39,2.87,1.18,0,-1.8,0,interact086,7.8,true,,,,0,1.00,
time_action4=stop,-24.1,2.87,1.17,0,-1.33,0,stand,11,true,,,,0,1.00,
size_x=100
size_y=100
size_z=100

[scenario_camera]
pathtype=2
angletype=4
modetype=3
time_action0=20,2.5,0,-17.670715,5.540235,1.086517,0.264867,4.747094,0,-17.670715,5.540235,1.086517,0.264867,4.747094,0,
time_action1=20,2.2,0,-17.670715,5.540235,1.086517,0.264867,4.747094,0,-24.358704,3.957258,0.939178,0.347702,4.796172,0,
time_action2=20,0.5,0,-24.358704,3.957258,0.939178,0.347702,4.796172,0,-24.358704,3.957258,0.939178,0.347702,4.796172,0,
time_action3=20,3.3,0,-26.304749,3.489678,0.949829,-0.265892,7.567162,0,-26.304749,3.489678,0.949829,-0.265892,7.567162,0,
time_action4=20,3,0,-24.358704,3.957258,0.939178,0.347702,4.796172,0,-24.358704,3.957258,0.939178,0.347702,4.796172,0,
time_action5=20,11,0,-25.453003,3.578563,1.153595,0.350773,4.506139,0,-25.453003,3.578563,1.153595,0.350773,4.506139,0,

[fade_section]
time_action0=0,1.0,0
time_action1=21,1.0,1
time_action2=22,1.0,2

[movie_talk_id]
r0=5,movie_761_1,2,
r1=12,movie_761_2,2,

