[system]
enternpc=FunnpcClone013002[sb]@441 41 182
gutname=tangaochengqingwuhui
taskname=movie_clone013_762.ini
info=
teamtype=0
refertype=2
esc_key=1
hide_weapon=1
music=clone013
show_all_npc=0
wait_terrain=1

[tangao]
resource=npc\fbboss00243_m
movetype=0
pathtype=2
base_angle_y=0.0
enter_time=0
alpha_in=0
alpha_out=0
time_action0=stop,6.17,0.38,6.33,0,-2.9,0,b_debuff1_1,17,true,,,,1,1.00

[scenario_camera]
pathtype=2
angletype=4
modetype=3
time_action0=20,2,0,4.26593,2.014908,3.630798,0.240323,2.938222,0,4.26593,2.014908,3.630798,0.240323,2.938222,0,
time_action1=65,13,0,3.740204,3.701736,2.302338,6.292114,1.317093,6.536575,0.1,0.1,0.5,0,tangao
time_action2=20,2,0,5.374969,1.827564,2.633957,0.056247,-2.652289,0,5.374969,1.827564,2.633957,0.056247,-2.652289,0,

[player]
resource=player
movetype=0
pathtype=2
base_angle_y=0.0
enter_time=0
alpha_in=0
alpha_out=0
time_action0=stop,4.71,0.38,1.39,0,0.27,0,logoin_stand_2,15,true,,,,1,1.00
time_action1=stop,4.71,0.38,1.39,0,0.27,0,interact284,2,true,,,,1,1.00

[fade_section]
time_action0=0,1.0,0
time_action1=16.1,0.9,1

[movie_talk_id]
r0=1,movie_762_1,1,
r1=2.5,movie_762_2,0,
r2=15.5,movie_762_3,1,

