[system]
enternpc=FunnpcClone013005[sb]@536.5 -8 -369
gutname=juezhan
taskname=movie_clone013_765.ini
info=
teamtype=0
refertype=2
esc_key=1
music=clone007_fight
hide_weapon=1
show_all_npc=0
wait_terrain=1
show_head_to_chat=0
recover_camera=0

[xtzh]
resource=npc\fbboss00242a
movetype=0
pathtype=2
base_angle_y=0.0
enter_time=0
alpha_in=0
alpha_out=0
time_action0=stop,-2.22,0.17,1.01,0.00,1.88,0.00,ty_lie_talk,24,true,,,,0,1.00,
time_action1=stop,-2.22,0.17,1.01,0,1.88,0,ty_lie_talk,8,true,,,effect_dam_xue_2|fbboss00242_head_01|3|1,0,1.00,

[player]
resource=player
movetype=0
pathtype=2
base_angle_y=0.0
enter_time=0
alpha_in=0
alpha_out=0
time_action0=stop,4.49,-0.07,0.15,0,-1.54,0,fi_3h_stand,32.4,true,,,,0,1.00,

[fade_section]
time_action0=0,1.0,0
time_action1=30.4,1.0,1
time_action2=31.4,1.0,2

[movie_talk_id]
r0=2,movie_765_1,0,
r1=10,movie_765_2,0,
r2=13,movie_765_3,2,
r3=26,movie_765_4,1,
r4=28,movie_765_5,0,

[scenario_camera]
pathtype=2
angletype=4
modetype=3
time_action0=20,1.5,0,-2.424438,2.479402,0.685242,0.979703,7.952499,0,-2.424438,2.479402,0.685242,0.979703,7.952499,0,
time_action1=20,0.2,0,-2.424438,2.479402,0.685242,0.979703,7.952499,0,-1.609863,1.220789,0.602783,1.160713,8.006495,0,
time_action2=20,3.3,0,-1.609863,1.220789,0.602783,1.160713,8.006495,0,-1.609863,1.220789,0.602783,1.160713,8.006495,0,
time_action3=20,3,0,3.440552,3.180521,5.271332,0.453788,-2.281839,0,-0.30957,1.558465,1.99469,0.582943,-2.266566,0,
time_action4=20,1.5,0,-0.30957,1.558465,1.99469,0.582943,-2.266566,0,-0.30957,1.558465,1.99469,0.582943,-2.266566,0,
time_action5=20,4,0,2.61377,1.636987,-0.861206,0.289411,1.168627,0,2.61377,1.636987,-0.861206,0.289411,1.168627,0,
time_action6=20,14,0,0.42395,1.859042,-1.182831,0.565489,-0.994659,0,-0.239258,1.332397,1.940643,0.499166,-2.358198,0,
time_action7=20,4.9,0,2.61377,1.636987,-0.861206,0.289411,1.168627,0,2.61377,1.636987,-0.861206,0.289411,1.168627,0,

[box]
resource=npc\itemboxnpc002
movetype=0
pathtype=2
base_angle_y=0.0
enter_time=0
alpha_in=0
alpha_out=0
time_action0=stop,-1.32,0.17,0.48,0,-1.52,0,stand,0.2,true,,,,0,1.00
time_action1=stop,-1.32,0.17,0.48,0,-1.52,0,Tpose,28,true,,,,0,1.00

