[system]
enternpc=FunnpcClone013005[sb]@525 -9 -194
gutname=tangmeijiao
taskname=movie_clone013_770.ini
info=
teamtype=0
refertype=2
show_all_npc=0
wait_terrain=0
esc_key=1
hide_weapon=1
music=clone013

[fade_section]
time_action0=0,1.0,0
time_action1=9.6,0.7,1
time_action2=10.3,0.7,2
time_action3=11.,0.6,0
time_action4=26.8,0.5,1
time_action5=27.3,0.5,2
time_action6=27.8,0.5,0

[movie_talk_id]
r0=1,movie_770_1,1,
r1=3.2,movie_770_2,0,
r2=14,movie_770_3,0,
r3=17,movie_770_4,1,
r4=18.5,movie_770_6,2,
r5=23,movie_770_5,1,
r6=25,movie_770_7,1,

[player]
resource=player
movetype=0
pathtype=2
base_angle_y=0.0
enter_time=10
alpha_in=0
alpha_out=0
time_action0=stop,0.44,-0.49,13.24,0.00,3.21,0.00,stand,0.1,true,,,,0,1.00
time_action1=moveto,0.13,-0.49,-3.14,run,3.5,true,,,,0,1.00,0
time_action2=stop,0.13,-0.49,-3.14,0.00,-3.05,0.00,interact284,2.7,true,,,,0,1.00
time_action3=stop,0.13,-0.49,-3.14,0,-3.05,0,logoin_stand_2,6,true,,,,0,1.00
time_action4=stop,0.13,-0.49,-3.14,0,-3.05,0,interact322,2,true,,,,0,1.00

[scenario_camera]
pathtype=2
angletype=4
modetype=3
time_action0=20,3,0,-1.974365,2.15734,-12.393066,0.483156,0.591878,0,-1.974365,2.15734,-12.393066,0.483156,0.591878,0,
time_action1=20,1.5,0,1.733459,1.359616,-7.743256,0.12258,3.964096,0,-1.49884,1.000093,-10.366852,0.142215,4.035272,0,
time_action2=20,3.5,0,-1.49884,1.000093,-10.366852,0.142215,4.035272,0,-1.49884,1.000093,-10.366852,0.142215,4.035272,0,
time_action3=20,2.5,0,-2.047668,4.057153,-3.375214,0.530312,2.847361,0,-2.047668,4.057153,-3.375214,0.530312,2.847361,0,
time_action4=20,5.8,0,0.456665,1.254002,-10.031021,0.124522,-0.004606,0,0.456665,1.254002,-10.031021,0.124522,-0.004606,0,
time_action5=20,2,0,0.667847,1.37093,-1.821747,0.194702,3.392236,0,0.667847,1.37093,-1.821747,0.194702,3.392236,0,
time_action6=20,4,0,0.215271,1.144754,-7.64386,0.135797,3.301429,0,0.215271,1.144754,-7.64386,0.135797,3.301429,0,
time_action7=20,2,0,0.249268,1.033367,-4.282776,0.079089,-0.092965,0,0.249268,1.033367,-4.282776,0.079089,-0.092965,0,
time_action8=20,2,0,0.338501,1.22633,-6.100754,0.265724,3.240067,0,0.338501,1.22633,-6.100754,0.265724,3.240067,0,
time_action9=20,1,0,0.338501,1.22633,-6.100754,0.265724,3.240067,0,0.338501,1.22633,-6.100754,0.265724,3.240067,0,

[tmj]
resource=npc\fbboss00246
movetype=0
pathtype=2
base_angle_y=0.0
enter_time=0
alpha_in=0
alpha_out=0
time_action0=stop,0.01,-0.49,-8.23,0,-3.39,0,ty_nod,10.3,true,,,,0,1.00
time_action1=stop,0.07,-0.49,-8.71,0,-31.31,0,stand,0.5,true,,,,0,1.00
time_action2=stop,0.07,-0.49,-8.71,0,-31.31,0,stand,5.5,true,,,,0,1.00
time_action3=stop,0.07,-0.49,-8.71,0,-31.31,0,stand,8,true,,,,0,1.00
time_action4=stop,0.07,-0.49,-8.71,0,-31.31,0,ty_nod,2,true,,,,0,1.00
time_action5=stop,0.07,-0.49,-8.71,0,-31.31,0,s_atk1_1,1.0,true,,,effect_demo_effect_1|fbboss00246_body_01|1|0.5,0,1.00

[qbf]
resource=npc\fbboss00242a
movetype=0
pathtype=2
base_angle_y=0.0
enter_time=0
alpha_in=0
alpha_out=0
time_action0=stop,0.34,-0.49,-10.35,0,-1.37,0,b_diedownloop1_1,11,true,,,,0,1.00

[tangchen]
resource=npc\fbboss00243
movetype=0
pathtype=2
base_angle_y=0.0
enter_time=1.6
alpha_in=0
alpha_out=0
time_action0=stop,-2.94,-0.49,-12.16,-0.00,0.56,0.00,b_stand_4,6.4,true,,,,0,1.00,
time_action1=moveto,-0.07,-0.49,-11.30,walk,2,true,,,,0,1.00,0
time_action2=stop,-0.07,-0.49,-11.3,0,-4.9,0,stand,1.0,true,,,,0,1.00
size_x=100
size_y=100
size_z=100

