[system]
enternpc=FunnpcClone013005[sb]@818 10 76
gutname=jiuzhesiweilu
taskname=movie_clone013_771.ini
info=
teamtype=0
refertype=2
show_all_npc=0
wait_terrain=1
esc_key=1
hide_weapon=0
music=clone013_fight
show_head_to_chat=0
recover_camera=1

[qbf]
resource=npc\fbboss00242a
movetype=0
pathtype=2
base_angle_y=0.0
enter_time=0
alpha_in=0
alpha_out=0
time_action0=stop,-5.44,0,30.41,0,3.02,0,b_fi_stand_4,6,true,,,,0,1.00,
time_action1=moveto,-12.54,0,47.36,run,5,true,,,,0,1.00,0
time_action2=stop,-12.54,0,47.36,0,5.9,0,stand,0.1,true,,,,0,1.00
size_x=100
size_y=100
size_z=100

[scenario_camera]
pathtype=2
angletype=4
modetype=3
time_action0=20,1,0,9.802246,1.748053,4.284454,0.15708,-1.653262,0,9.802246,1.748053,4.284454,0.15708,-1.653262,0,
time_action1=20,2,0,9.802246,1.748053,4.284454,0.15708,-1.653262,0,2.344116,1.586778,-6.718811,0.10472,-0.208129,0,
time_action2=20,0.7,0,2.344116,1.586778,-6.718811,0.10472,-0.208129,0,-4.779663,2.113926,26.708443,0.233874,-0.153151,0,
time_action3=20,2.3,0,-4.779663,2.113926,26.708443,0.233874,-0.153151,0,-4.779663,2.113926,26.708443,0.233874,-0.153151,0,
time_action4=20,5.5,0,-2.569153,3.162353,-2.287231,0.206606,6.251595,0,-2.569153,3.162353,-2.287231,0.206606,6.251595,0,
time_action5=20,4.8,0,-3.898926,2.082332,40.406738,0.155771,3.456064,0,-3.898926,2.082332,40.406738,0.155771,3.456064,0,
time_action6=20,1,0,-2.057922,3.436805,45.512512,0.235409,4.786338,0,-2.057922,3.436805,45.512512,0.235409,4.786338,0,
time_action7=20,2.8,0,-2.057922,3.436805,45.512512,0.235409,4.786338,0,-20.467163,1.80055,46.732742,0.274679,4.658713,0,
time_action8=20,0.5,0,-20.467163,1.80055,46.732742,0.274679,4.658713,0,-23.44812,1.880589,46.142998,0.050841,3.316174,0,
time_action9=20,1,0,-23.44812,1.880589,46.142998,0.050841,3.316174,0,-23.44812,1.880589,46.142998,0.050841,3.316174,0,
time_action10=20,0.5,0,-23.44812,1.880589,46.142998,0.050841,3.316174,0,-23.44812,1.880589,46.142998,0.003717,6.357139,0,
time_action11=20,1,0,-23.44812,1.880589,46.142998,0.003717,6.357139,0,-23.44812,1.880589,46.142998,0.003717,6.357139,0,
time_action12=20,2.9,0,-23.259583,1.520844,46.422615,0.053751,1.541662,0,-23.259583,1.520844,46.422615,0.053751,1.541662,0,

[player]
resource=player
movetype=0
pathtype=2
base_angle_y=0.0
enter_time=0
alpha_in=0
alpha_out=0
time_action0=stop,5.07,0,2.31,0,-1.67,0,stand,1,true,,,,0,1.00,
time_action1=moveto,-0.52,0.00,-0.35,run,1.6,true,,,,0,1.00,0,
time_action2=stop,-0.52,0,-0.35,0,-0.09,0,stand,0.1,true,,,,0,1.00,
time_action3=stop,-0.52,0,-0.35,0,-0.09,0,stand,3.3,true,,,,0,1.00,
time_action4=moveto,-7.32,0,40.63,run,10,true,,,,0,1.00,0,fi_
time_action5=stop,-7.32,0,40.63,0,6.66,0,stand,0.1,true,,,,0,1.00
time_action6=stop,-9.36,0.00,45.71,0.00,4.94,0.00,stand,0.3,true,,,,0,1.00
time_action7=moveto,-22.26,0,46.5,run,3.3,true,,,,0,1.00,0
size_x=100
size_y=100
size_z=100
time_action8=stop,-22.26,0.00,46.50,0.00,5.33,0.00,stand,1.0,true,,,,0,1.00
time_action9=stop,-22.08,0.00,46.50,0.00,61.25,0.00,stand,1.0,true,,,,0,1.00
time_action10=stop,-22.08,0,46.5,0,61.25,0,stand,4.3,true,,,,0,1.00,

[fade_section]
time_action0=0,1.0,2
time_action1=1,0.5,0
time_action2=15.,1,1
time_action3=16,1.0,2
time_action4=17,0.4,0
time_action5=25,1.0,1
time_action6=26,1.0,2

[movie_talk_id]
r0=7,movie_771_1,0,
r1=10, ,2,
r2=24,movie_771_2,1,

[screen_section]
time_action0=3,0.7,3,0.0,0.0
time_action1=20.1,0.5,3,0.0,0.0
time_action2=21.6,0.5,3,0.0,0.0

