[system]
enternpc=FunnpcClone013005[sb]@400 40 288
gutname=tangxinya
taskname=movie_clone013_773.ini
info=
teamtype=0
refertype=2
show_all_npc=0
wait_terrain=0
esc_key=1
hide_weapon=1
music=clone013
show_head_to_chat=0
recover_camera=0

[txy]
resource=npc\fbboss00245
movetype=0
pathtype=2
base_angle_y=0.0
enter_time=0
alpha_in=0
alpha_out=0
time_action0=stop,-26.64,2.11,0.77,0,7.99,0,b_stand_1,2,true,,,,0,1.00
time_action1=stop,-26.64,2.11,0.77,0,7.99,0,b_stand_1,3,true,,,,0,1.00
time_action2=stop,-26.64,2.11,0.77,0,7.99,0,h_stand_1,10,true,,,,0,1.00
time_action3=stop,-26.64,2.11,0.77,0,7.99,0,ty_nod,4.2,true,,,,0,1.00
time_action4=stop,-26.64,2.11,0.77,0,7.99,0,h_stand_1,2.5,true,,,,0,1.00

[scenario_camera]
pathtype=2
angletype=4
modetype=3
time_action0=20,2,0,-12.69931,6.44627,-1.861664,0.408035,4.965166,0,-12.69931,6.44627,-1.861664,0.408035,4.965166,0,
time_action1=20,2.5,0,-28.879791,3.502453,-2.298065,0.092568,7.015534,0,-28.879791,3.502453,-2.298065,0.092568,7.015534,0,
time_action2=20,10.7,0,-19.407104,3.664501,0.837799,0.112573,1.558494,0,-19.407104,3.664501,0.837799,0.112573,1.558494,0,
time_action3=20,2,0,-24.117767,3.884796,1.691132,0.3324,4.354033,0,-24.117767,3.884796,1.691132,0.3324,4.354033,0,
time_action4=20,0.5,0,-24.117767,3.884796,1.691132,0.3324,4.354033,0,-20.732361,3.382572,1.029144,0.09678,1.651776,0,
time_action5=20,2,0,-20.732361,3.382572,1.029144,0.09678,1.651776,0,-20.732361,3.382572,1.029144,0.09678,1.651776,0,
time_action6=20,2,0,-25.18335,3.674225,0.647614,0.198882,4.800735,0,-25.18335,3.674225,0.647614,0.198882,4.800735,0,

[player]
resource=player
movetype=0
pathtype=2
base_angle_y=0.0
enter_time=0
alpha_in=0
alpha_out=0
time_action0=stop,-18.24,2.1,0.84,0,4.66,0,logoin_stand_2,4.5,true,,,,0,1.00
time_action1=stop,-18.24,2.1,0.84,0,4.66,0,interact284,2.7,true,,,,0,1.00
time_action2=stop,-18.24,2.1,0.84,0,4.66,0,logoin_stand_2,10,true,,,,0,1.00
time_action3=stop,-18.24,2.1,0.84,0,4.66,0,logoin_stand_2,4.5,true,,,,0,1.00

[fade_section]
time_action0=0,1.0,0
time_action1=20.7,1.0,1

[movie_talk_id]
r0=3.5,movie_773_1,1,
r1=5,movie_773_2,0,
r2=16,movie_773_3,1,
r3=18,movie_773_4,1,
r4=20,movie_773_5,1,

[screen_section]
time_action0=17.2,0.5,3,0.0,0.0

