[system]
esc_key=1
hide_weapon=1
enternpc=FunnpcClone013003[sb]@569 -11 -452
gutname=tanqingtaopao
taskname=movie_clone013_779.ini
info=
teamtype=0
refertype=2
show_all_npc=0
wait_terrain=0
music=clone013_fight

[tq]
resource=npc\fbboss00241_m
movetype=0
pathtype=2
base_angle_y=0.0
enter_time=0
alpha_in=0
alpha_out=0
time_action0=stop,13.18,0.02,7.59,0,-2.85,0,stand,2,true,,,,0,1.00
time_action1=stop,13.18,0.02,7.59,0,-2.85,0,stand,6,true,,,,0,1.00
time_action2=stop,13.18,0.02,7.59,0,-2.85,0,stand,0.2,true,,,effect_fog_move_16|fbboss00241_footR_01|3|1,0,1.00
time_action3=moveto,13.26,14,30,b_jumpback03_1,1.5,true,,,,1,1.00,1
time_action4=stop,13.26,14,30,0,0,0,stand,0.1,true,,,,0,1.00

[tl]
resource=npc\fbfunnpc00241
movetype=0
pathtype=2
base_angle_y=0.0
enter_time=0
alpha_in=0
alpha_out=0
time_action0=stop,4.06,-0.01,-4.71,0,-11.16,0,ty_lieloop,18.4,true,,,,0,1.00

[scenario_camera]
pathtype=2
angletype=4
modetype=3
time_action0=20,2,0,18.551331,2.472716,9.406494,0.208181,-2.221032,0,18.551331,2.472716,9.406494,0.208181,-2.221032,0,
time_action1=20,6.3,0,12.4198,1.899493,3.42569,0.183257,6.441216,0,12.4198,1.899493,3.42569,0.183257,6.441216,0,
time_action2=20,0.5,0,12.4198,1.899493,3.42569,0.183257,6.441216,0,12.386902,2.876816,3.216553,-0.260493,6.438762,0,
time_action3=20,1,0,12.386902,2.876816,3.216553,-0.260493,6.438762,0,12.386902,2.876816,3.216553,-0.260493,6.438762,0,
time_action4=20,3.5,0,15.356323,2.510419,1.119812,0.308923,4.310827,0,15.356323,2.510419,1.119812,0.308923,4.310827,0,
time_action5=20,5.1,0,5.415955,0.504851,-4.590759,0.367828,4.404088,0,5.415955,0.504851,-4.590759,0.367828,4.404088,0,

[player]
resource=player
movetype=0
pathtype=2
base_angle_y=0.0
enter_time=0
alpha_in=0
alpha_out=0
time_action0=stop,11.48,-0.03,-0.72,0,-0.26,0,fi_3h_stand,10,true,,,,0,1.00
time_action1=stop,11.48,-0.03,-0.72,0.00,-0.26,0.00,stand,0.2,true,,,,0,1.00
time_action2=moveto,6.5,-0.03,-4,run,2,true,,,,0,1.00,0
time_action3=stop,6.5,-0.03,-4,0,-1.61,0,stand,0.2,true,,,,0,1.00
time_action4=stop,6.5,-0.03,-4,0,-1.61,0,offact333,6,true,,,,0,1.00

[fade_section]
time_action0=0,1.0,0
time_action1=17.4,1.0,1

[movie_talk_id]
r0=2.5,movie_779_1,0,
r1=14,movie_779_2,0,

[xue]
resource=npc\itemnpc162
movetype=0
pathtype=2
base_angle_y=0.0
enter_time=0
alpha_in=0
alpha_out=0
time_action0=stop,4.01,-0.03,-5.21,0.00,-20.81,0.00,stand,18.4,true,,,,0,1.00

[xue2]
resource=npc\itemnpc162
movetype=0
pathtype=2
base_angle_y=0.0
enter_time=0
alpha_in=0
alpha_out=0
time_action0=stop,4.20,-0.03,-4.78,0.00,-20.81,0.00,stand,18.4,true,,,,0,1.00

