[system]
esc_key=1
enternpc=FunnpcClone007005[cangyudaozhang]@573 20.1 356
gutname=shafushouren
taskname=movie_clone002_437.ini
info=
teamtype=0
refertype=2
music=fight1
hide_weapon=1
show_all_npc=0
wait_terrain=1

[biluba]
resource=npc\fbfunnpc00023
movetype=0
pathtype=2
base_angle_y=0.0
enter_time=10
alpha_in=0
alpha_out=0
time_action0=stop,-1.82,0.23,13.03,0,2.58,0,b_stand_4,1.5,true,,,,0,1.00
time_action1=stop,-1.82,0.23,13.03,0,2.58,0,da_diedown1_2,2,true,,,,0
time_action2=stop,-1.82,0.23,13.03,0,2.58,0,da_diedownloop1_2,0.5,true,,,,0

[hehu]
resource=npc\fbboss00024_m
movetype=0
pathtype=2
base_angle_y=0.0
enter_time=0
alpha_in=0
alpha_out=0
time_action0=stop,-1.74,0.08,14.33,0,-3.04,0,stand,11,true,,,effect_npcitem318|fbboss00024_H_objR_01|30|1,0,1.00,
time_action1=stop,-1.74,0.08,14.33,-0.00,-3.04,0.00,atkhit1,1.0,true,,,,0
time_action2=stop,-1.74,0.08,14.33,0,-3.04,0,stand,3,true,,,,0
time_action3=stop,-1.74,0.08,14.33,0,-3.04,0,stand,5,true,,,,0
time_action4=stop,-1.74,0.08,14.33,0,-3.04,0,b_fi_stand_1,3,true,,,,0,1.00,

[bilu]
resource=npc\fbfunnpc00032_m
movetype=0
pathtype=2
base_angle_y=0.0
enter_time=0
alpha_in=0
alpha_out=0
time_action0=stop,0.31,1.04,3.21,0,-0.35,0,stand,20,true,,,,0,1.00
time_action1=moveto,-1.5,0.23,13.04,b_fi_run1_1,3,true,,,effect_npcitem153|fbfunnpc00032_H_objR_01|3,0

[zhujianzhi]
resource=npc\fbfunnpc00029
movetype=0
pathtype=2
base_angle_y=0.0
enter_time=0
alpha_in=0
alpha_out=0
time_action0=stop,-0.56,0.92,2.5,0,-0.54,0,stand,20,true,,,,0,1.00
time_action1=stop,-0.56,0.92,2.5,0,-0.54,0,fi_stand,3,true,,,,0

[player]
resource=player
movetype=0
pathtype=2
base_angle_y=0.0
enter_time=0
alpha_in=0
alpha_out=0
time_action0=stop,1.23,1.11,2.73,0,-0.16,0,stand,20,true,,,,0,1.00
time_action1=stop,1.23,1.11,2.73,0,-0.16,0,fi_2h_stand,3,true,,,,0

[fade_section]
time_action0=0,1.0,0
time_action1=9,1.0,1
time_action2=10,5,3
time_action3=15,1.0,0
time_action4=22,1.0,1
time_action5=23,1.0,2

[movie_talk_id]
r0=15,movie_437_1,2,

[scenario_camera]
pathtype=2
angletype=4
modetype=3
time_action0=20,5,0,-3.899292,2.015232,16.397217,-0.006981,8.986145,0,-0.847595,2.008252,16.22226,0.048869,9.669005,0,
time_action1=20,4,0,-1.426575,2.995421,7.810425,0.04912,2.779324,0,-0.059448,2.823195,4.387482,0.108461,2.857863,0,
time_action2=20,1,0,-0.059448,2.823195,4.387482,0.108461,2.857863,0,-0.059448,2.823195,4.387482,0.108461,2.857863,0,
time_action3=20,5,0,-0.80896,1.339657,11.179932,-0.094021,-0.518041,0,-0.80896,1.339657,11.179932,-0.094021,-0.518041,0,
time_action4=20,5,0,0.928772,3.525248,0.159546,0.240855,-0.120109,0,0.928772,3.525248,0.159546,0.240855,-0.120109,0,
time_action5=20,1.5,0,4.212769,3.806808,10.046356,0.267826,3.713575,0,4.212769,3.806808,10.046356,0.267826,3.713575,0,
time_action6=20,1.5,0,-0.60,2.56,11.07,0.36,5.97,0.00,4.28,6.75,1.49,0.51,5.83,0.00,

