[system]
esc_key=1
enternpc=FunnpcClone007005[cangyudaozhang]@933 22 599
gutname=liangbaijushang
taskname=movie_clone002_440.ini
info=
teamtype=0
refertype=2
music=clone017
hide_weapon=1
show_all_npc=0
wait_terrain=1

[changyanxiao]
resource=npc\fbboss00022_m
movetype=0
pathtype=2
base_angle_y=0.0
enter_time=0
alpha_in=0
alpha_out=0
time_action0=stop,-4.5,0.76,3.37,0,-1.59,0,ty_think,15,true,,,,0,1.00,
time_action1=stop,-4.50,0.76,3.37,0.00,1.50,0.00,stand,0.5,true,,,,0,1.00
time_action2=moveto,4.72,0.77,2.38,walk,7,true,,,,0,1.00,0,

[caotian]
resource=npc\fbboss00027_m
movetype=0
pathtype=2
base_angle_y=0.0
enter_time=0
alpha_in=0
alpha_out=0
time_action0=stop,-4.5,0.76,4.27,0,-1.64,0,ty_stand,9,true,,,,0,1.00,
time_action1=stop,-4.5,0.76,4.27,0,-1.64,0,ty_talk,6,true,,,,0,1.00,
time_action2=stop,-4.5,0.76,4.27,0,-1.64,0,ty_stand,7.5,true,,,,0,1.00,

[scenario_camera]
pathtype=2
angletype=4
modetype=3
time_action0=20,5,0,-18.06958,13.332657,-34.580811,0.288396,0.835322,0,-17.196411,8.748106,2.192322,0.490854,1.452731,0,
time_action1=20,1,0,-17.196411,8.748106,2.192322,0.490854,1.452731,0,-17.196411,8.748106,2.192322,0.490854,1.452731,0,
time_action2=20,3,0,-9.888,4.090662,2.618652,0.230385,1.345843,0,-9.888,4.090662,2.618652,0.230385,1.345843,0,
time_action3=20,7,0,-5.642334,2.689085,1.833374,0.080287,0.630258,0,-5.642334,2.689085,1.833374,0.080287,0.630258,0,
time_action4=20,6.5,0,8.726318,3.5434,-0.322205,0.275764,-1.19143,0,8.726318,3.5434,-0.322205,0.275764,-1.19143,0,

[movie_talk_id]
r0=4,movie_440_1,2,
r1=9,movie_440_2,2,
r2=14,movie_440_3,2,

[fade_section]
time_action0=0,1.0,0
time_action1=21,1.0,1
time_action2=22,2.0,2

