[system]
esc_key=1
enternpc=FunnpcClone007005[cangyudaozhang]@-96 10 622
gutname=kaichangjieshao
taskname=movie_clone002_444.ini
info=
teamtype=0
refertype=2
music=clone002_feizhandou
hide_weapon=1
show_all_npc=0
wait_terrain=1

[player]
resource=player
movetype=0
pathtype=2
base_angle_y=0.0
enter_time=0
alpha_in=0
alpha_out=0
time_action0=stop,636.35,11.46,-280.64,0,1.94,0,stand,45,true,,,,0

[movie_talk_id]
r0=1,movie_444_1,1,
r1=7,movie_444_2,1,
r2=13,movie_444_3,1,
r3=19,movie_444_4,1,
r4=24.5,movie_444_5,0,

[fade_section]
time_action0=0,2,2
time_action1=2,1.0,0
time_action2=5,1.0,1
time_action3=6,3,2
time_action4=11,1.0,1
time_action5=12,3,2
time_action6=17,1.0,1
time_action7=18,3,2

[scenario_camera]
pathtype=2
angletype=4
modetype=3
time_action0=20,6,0,140.326771,-4.67397,194.144714,-0.145828,-1.017056,0,140.326771,-4.67397,194.144714,-0.145828,-1.017056,0,
time_action1=20,6,0,357.150482,43.109287,221.822327,-0.010837,0.828627,0,357.150482,43.109287,221.822327,-0.010837,0.828627,0,
time_action2=20,6,0,267.558853,10.143476,-32.406799,0.167104,3.226545,0,267.558853,10.143476,-32.406799,0.167104,3.226545,0,
time_action3=20,5,0,992.945679,-2.471432,-22.072693,-0.343493,1.56545,0,992.945679,-2.471432,-22.072693,-0.343493,1.56545,0,
time_action4=20,15,2,992.945679,-2.471432,-22.072693,-0.343493,1.56545,0,637.977234,20.397024,-239.686279,0.046138,2.588927,0,
time_action5=20,3,0,637.977234,20.397024,-239.686279,0.046138,2.588927,0,637.977234,20.397024,-239.686279,0.046138,2.588927,0,
time_action6=20,0.5,0,637.977234,20.397024,-239.686279,0.046138,2.588927,0,642.141357,20.397024,-246.289764,0.202604,3.374326,0,
time_action7=20,2.5,0,642.141357,20.397024,-246.289764,0.202604,3.374326,0,632.621643,14.11614,-279.216827,0.244806,1.935984,0,
time_action8=20,1,0,632.621643,14.11614,-279.216827,0.244806,1.935984,0,632.621643,14.11614,-279.216827,0.244806,1.935984,0,

