[system]
esc_key=1
enternpc=FunnpcClone007005[canyudaozhang]@330 58 946
gutname=shangyijiuyuan
taskname=movie_clone002_448.ini
info=
teamtype=0
refertype=2
show_all_npc=0
wait_terrain=1
hide_weapon=1
music=fight2

[qiuwuyan]
resource=npc\fbfunnpc00021_m
movetype=0
pathtype=2
base_angle_y=0.0
enter_time=0
alpha_in=0
alpha_out=0
time_action0=stop,-1.31,0.55,3.28,0,-2,0,s_stand_2,33,true,,,,1,1.00,

[tiebi]
resource=npc\monster190y
movetype=0
pathtype=2
base_angle_y=0.0
enter_time=0
alpha_in=0
alpha_out=0
time_action0=stop,-3.88,0.6,2.78,0,2.1,0,h_stand_5,7.1,true,,,,1,1.00,
time_action1=stop,-3.88,0.6,2.78,0,1.93,0,ds_nod_1,2.9,true,,,,1,1.00,
time_action2=stop,-3.88,0.6,2.78,0,1.66,0,ty_turn_l_talk,5.5,true,,,,1,1.00,
time_action3=stop,-3.88,0.6,2.78,0,2.1,0,stand,11.4,true,,,,1,1.00,
time_action4=stop,-3.88,0.6,2.78,0,2.1,0,ty_smile4,2,true,,,,1,1.00,
time_action5=stop,-3.88,0.6,2.78,0,2.1,0,ty_nod2,4.1,true,,,,1,1.00,

[mazeilouluo]
resource=npc\fbnpc00035
movetype=0
pathtype=2
base_angle_y=0.0
enter_time=0
alpha_in=0
alpha_out=0
time_action0=stop,3.87,0.47,-3.6,0,-1.04,0,stand,15.9,true,,,,0,1.00,
time_action1=moveto,0,0.6,0,run,3.1,true,,,,1,1.00,0,
time_action2=stop,0,0.6,0,0,-1.03,0,stand,14,true,,,,1,1.00,

[scenario_camera]
pathtype=2
angletype=4
modetype=3
time_action0=20,7,0,-2.257172,1.850563,-1.231018,0.077721,6.184515,0,-2.257172,1.850563,-1.231018,0.077721,6.184515,0,
time_action1=20,7,0,0.003418,1.986599,2.628784,0.117604,-1.360221,0,0.003418,1.986599,2.628784,0.117604,-1.360221,0,
time_action2=20,4,0,-1.845032,2.067459,2.458618,0.12374,0.603275,0,-1.845032,2.067459,2.458618,0.12374,0.603275,0,
time_action3=20,1,0,-1.845032,2.067459,2.458618,0.12374,0.603275,0,-1.887512,1.673843,2.515747,0.062381,2.517682,0,
time_action4=20,7,0,-1.887512,1.673843,2.515747,0.062381,2.517682,0,-1.887512,1.673843,2.515747,0.062381,2.517682,0,
time_action5=20,7,0,0.430939,3.768509,-4.925598,0.321057,5.951347,0,0.430939,3.768509,-4.925598,0.321057,5.951347,0,

[movie_talk_id]
r0=1,movie_448_1,2,
r1=7,movie_448_2,2,
r2=14,movie_448_3,2,
r3=18,movie_448_4,2,
r4=26,movie_448_5,2,

[fade_section]
time_action0=0,1.0,0
time_action1=32,1.0,1
time_action2=33,1.0,2

[player]
resource=player
movetype=0
pathtype=2
base_angle_y=0.0
enter_time=0
alpha_in=0
alpha_out=0
time_action0=stop,-3.62,0.5,0.53,0,6.88,0,stand,33,true,,,,0,1.00,

