[system]
esc_key=1
enternpc=FunnpcClone007005[cangyudaozhang]@583 21 316
gutname=tanbao
taskname=movie_clone002_450.ini
info=
teamtype=0
refertype=2
music=clone017
hide_weapon=1
show_all_npc=0
wait_terrain=1

[player]
resource=player
movetype=0
pathtype=2
base_angle_y=0.0
enter_time=0
alpha_in=0
alpha_out=0
time_action0=stop,9.56,7.49,-30.5,0,0.23,0,logoin_stand_2,24,true,,,,0,1.00
time_action1=stop,9.56,7.49,-30.5,0,0.23,0,stand,2,true,,,,0,1.00
time_action2=stop,9.56,7.49,-30.5,0,0.23,0,interact288,2,true,,,,0,1.00
time_action3=moveto,5.98,7.49,-26.3,walk,4,true,,,,0
time_action4=stop,5.98,7.49,-26.30,0.00,-0.24,0.00,stand,0.1,true,,,,0,1.00
time_action5=stop,5.98,7.49,-26.3,0,-0.24,0,stand,6.9,true,,,,0
time_action6=moveto,5.28,7.49,-21.98,walk,3,true,,,,0,1.00,0,

[dongchangmitan]
resource=npc\monster454
movetype=0
pathtype=2
base_angle_y=0.0
enter_time=0
alpha_in=0
alpha_out=0
time_action0=stop,10.69,7.49,-30.63,0.00,0.16,0.00,b_stand_4,19,true,,,,0,1.00
time_action1=stop,10.69,7.49,-30.63,0,0.16,0,bow,2,true,,,,0
time_action2=stop,10.69,7.49,-30.63,0.00,-0.74,0.00,b_stand_4,0.3,true,,,,0
time_action3=moveto,8.08,7.49,-28.07,b_walk1_3,2.7,true,,,,0

[fade_section]
time_action0=0,1.0,0
time_action1=40,1.0,1
time_action2=41,1.0,2

[movie_talk_id]
r0=0,movie_450_1,2,
r1=9,movie_450_2,2,
r2=19,movie_450_3,2,
r3=23,movie_450_4,2,
r4=31,movie_450_5,2,

[scenario_camera]
pathtype=2
angletype=4
modetype=3
time_action0=20,5,0,2.227051,11.996208,-29.315369,0.404916,8.931589,0,2.227051,11.996208,-29.315369,0.439823,7.840753,0,
time_action1=20,6,0,12.418701,9.593166,-25.14859,0.257861,3.843964,0,12.418701,9.593166,-25.14859,0.257861,3.843964,0,
time_action2=20,7,0,9.53,9.24,-32.05,0.22,6.62,0.00,9.53,9.24,-32.05,0.22,6.62,0.00,
time_action3=20,7,0,10.780151,9.33128,-27.968445,0.302302,9.688023,0,10.780151,9.33128,-27.968445,0.302302,9.688023,0,
time_action4=20,6,0,12.04,9.59,-25.49,0.38,3.78,0.00,12.04,9.59,-25.49,0.38,3.78,0.00,
time_action5=20,11,0,3.70,9.10,-26.93,0.21,7.66,0.00,3.70,9.10,-26.93,0.21,7.66,0.00,

[jiating]
resource=npc\fbboss00023_m
movetype=0
pathtype=2
base_angle_y=0.0
enter_time=0
alpha_in=0
alpha_out=0
time_action0=stop,11.45,7.49,-26.13,0,0.19,0,h_stand_2,42,true,,,,0,1.00,

