[system]
esc_key=1
enternpc=FunnpcClone007005[cangyudaozhang]@229 11 686
gutname=dejiu
taskname=movie_clone002_451.ini
info=
teamtype=1
refertype=2
music=clone002_feizhandou
show_all_npc=0
wait_terrain=1
hide_weapon=1

[movie_talk_id]
r0=3,movie_451_1,0,
r1=18,movie_451_2,2,

[xiaole]
resource=npc\monster040
movetype=0
pathtype=2
base_angle_y=0.0
enter_time=0
alpha_in=0
alpha_out=0
time_action0=stop,2.8,-9.22,-7.92,0,-1.98,0,stand,21,true,,,,0
time_action1=stop,2.8,-9.22,-7.92,0,-1.98,0,standfree01,2,true,,,,0
time_action2=stop,2.8,-9.22,-7.92,0,-1.98,0,stand,3,true,,,,0

[tiebi]
resource=npc\monster190y
movetype=0
pathtype=2
base_angle_y=0.0
enter_time=0
alpha_in=0
alpha_out=0
time_action0=stop,1.76,-9.24,-11.29,0,-1.21,0,h_stand_3,21,true,,,,0
time_action1=stop,1.76,-9.24,-11.29,0,-1.21,0,ty_bow,3,false,,,,0
time_action2=stop,1.76,-9.24,-11.29,0,-1.21,0,h_stand_3,2,true,,,,0

[qiuwuyan]
resource=npc\fbfunnpc00021_m
movetype=0
pathtype=2
base_angle_y=0.0
enter_time=0
alpha_in=0
alpha_out=0
time_action0=stop,0.45,-9.19,-9.52,0,-1.48,0,s_stand_2,26,true,,,,0,1.00,

[scenario_camera]
pathtype=2
angletype=4
modetype=3
time_action0=20,2,0,-9.26358,-3.344382,-7.72406,-0.142037,1.239589,0,-9.26358,-3.344382,-7.72406,-0.142037,1.239589,0,
time_action1=20,8,0,-9.26358,-3.344382,-7.72406,-0.142037,1.239589,0,-6.732819,-7.80469,-11.541748,0.049659,1.049394,0,
time_action2=20,8,0,-6.732819,-7.80469,-11.541748,0.049659,1.049394,0,-6.732819,-7.80469,-11.541748,0.049659,1.049394,0,
time_action3=20,4,0,0.338028,-7.529499,-10.882202,0.132118,-0.855585,0,0.338028,-7.529499,-10.882202,0.132118,-0.855585,0,
time_action4=20,4,0,-3.553894,-8.234501,-18.728516,-0.036743,0.273425,0,-3.553894,-8.234501,-18.728516,-0.036743,0.273425,0,

[team_member0]
resource=player
movetype=0
pathtype=2
base_angle_y=0.0
enter_time=0
alpha_in=0
alpha_out=0
time_action0=stop,-2.92,-9.2,-8.78,0,1.58,0,logoin_stand_2,18,true,,,,0,1.00
time_action1=stop,-2.92,-9.2,-8.78,0,1.58,0,interact284,5.5,false,,,,0
time_action2=stop,-2.92,-9.2,-8.78,0,1.58,0,logoin_stand_2,2.5,true,,,,0,1.00

[team_member1]
resource=player
movetype=0
pathtype=2
base_angle_y=0.0
enter_time=0
alpha_in=0
alpha_out=0
time_action0=stop,-3.99,-9.09,-6.75,0,1.29,0,logoin_stand_2,21,true,,,,0,1.00
time_action1=stop,-3.99,-9.09,-6.75,0,1.29,0,interact284,2,false,,,,0
time_action2=stop,-3.99,-9.09,-6.75,0,1.29,0,logoin_stand_2,3,true,,,,0,1.00

[team_member2]
resource=player
movetype=0
pathtype=2
base_angle_y=0.0
enter_time=0
alpha_in=0
alpha_out=0
time_action0=stop,-4.12,-9.25,-8.73,0,1.29,0,logoin_stand_2,21,true,,,,0,1.00
time_action1=stop,-4.12,-9.25,-8.73,-0.00,1.29,0.00,interact284,2,false,,,,0
time_action2=stop,-4.12,-9.25,-8.73,0,1.29,0,logoin_stand_2,3,true,,,,0,1.00

[fade_section]
time_action0=0,1.0,0
time_action1=24,1.0,1
time_action2=25,1.0,2

