[system]
esc_key=1
enternpc=FunnpcClone007005[cangyudaozhang]@573 21 355
gutname=mimi
taskname=movie_clone002_454.ini
info=
teamtype=0
refertype=2
music=clone017
hide_weapon=1
show_all_npc=0
wait_terrain=1

[simahuifeng]
resource=npc\fbfunnpc00028_m
movetype=0
pathtype=2
base_angle_y=0.0
enter_time=0
alpha_in=0
alpha_out=0
time_action0=stop,-20.16,0.48,10.2,0,-0.07,0,b_stand_4,11,true,,,,0
time_action1=stop,-20.16,0.48,10.16,0,3.11,0,b_stand_4,0.5,true,,,,0
time_action2=stop,-20.16,0.48,10.16,0,3.11,0,b_stand_4,6.5,true,,,,0,1.00,

[player]
resource=player
movetype=0
pathtype=2
base_angle_y=0.0
enter_time=0
alpha_in=0
alpha_out=0
time_action0=stop,-1.24,0.67,1.43,0,-1.21,0,stand,18,true,,,,0,1.00,

[scenario_camera]
pathtype=2
angletype=4
modetype=3
time_action0=20,4,0,-0.25,3.07,-4.62,0.14,6.14,0.00,3.801147,2.531267,1.461243,0.237367,4.985943,0,
time_action1=20,0.5,0,3.801147,2.531267,1.461243,0.237367,4.985943,0.00,3.801147,2.531267,1.461243,0.237367,4.985943,0,
time_action2=20,7,0,-16.011414,2.068119,8.938446,0.066421,5.090664,0,-16.011414,2.068119,8.938446,0.066421,5.090664,0,
time_action3=20,1.5,0,-19.412598,1.277769,8.168945,-0.270273,5.982873,0,-19.412598,1.277769,8.168945,-0.270273,5.982873,0,
time_action4=20,3,0,-18.21,6.81,9.54,0.74,2.67,0.00,-18.21,6.81,9.54,-0.09,2.69,0.00,
time_action5=20,2,0,-18.210083,6.807072,9.535522,-0.086195,2.694021,0,-18.210083,6.807072,9.535522,-0.086195,2.694021,0,

[movie_talk_id]
r0=5,movie_454_1,2,
r1=11,movie_454_2,2,

[fade_section]
time_action0=0,1.0,0
time_action1=16,1.0,1
time_action2=17,1.0,2

