[system]
esc_key=1
enternpc=FunnpcClone007005[cangyudaozhang]@945 22 591
gutname=jimou
taskname=movie_clone002_456.ini
info=
teamtype=0
refertype=2
music=clone017
hide_weapon=1
show_all_npc=0
wait_terrain=1

[changyanxiao]
resource=npc\fbboss00022_m
movetype=0
pathtype=2
base_angle_y=0.0
enter_time=0
alpha_in=0
alpha_out=0
time_action0=stop,-4.49,0.81,9.76,0,-1.61,0,ty_think,20.5,true,,,,0,1.00,
time_action1=stop,-4.49,0.81,9.76,0,-3.13,0,stand,0.5,true,,,,0
time_action2=stop,-4.49,0.81,9.76,0,-3.13,0,stand,18,true,,,,0,1.00,

[caotian]
resource=npc\fbboss00027_m
movetype=0
pathtype=2
base_angle_y=0.0
enter_time=0
alpha_in=0
alpha_out=0
time_action0=stop,-4.38,0.81,8.7,0,-1.58,0,stand,10.5,true,,,,0,1.00,
time_action1=stop,-4.38,0.81,8.7,0,-0.25,0,stand,0.5,true,,,,0
time_action2=stop,-4.38,0.81,8.7,0,-0.25,0,ty_bukuai_guard,22,true,,,,0,1.00,
time_action3=stop,-4.38,0.81,8.7,0,-1.58,0,stand,0.5,true,,,,0,1.00,
time_action4=stop,-4.38,0.81,8.7,0,-1.58,0,h_stand_2,5.5,true,,,,0,1.00,

[scenario_camera]
pathtype=2
angletype=4
modetype=3
time_action0=20,4,2,-56.85,47.76,6.52,0.79,1.59,0.00,-7.76593,2.275675,9.443604,0.106978,1.500372,0,
time_action1=20,6.5,0,-7.76593,2.275675,9.443604,0.106978,1.500372,0,-7.76593,2.275675,9.443604,0.106978,1.500372,0,
time_action2=20,12.5,0,-5.741272,2.313362,10.593201,-0.048088,2.287905,0,-5.741272,2.313362,10.593201,-0.048088,2.287905,0,
time_action3=20,10,0,-2.263611,2.182991,9.257141,-0.026393,4.703576,0,-2.263611,2.182991,9.257141,-0.026393,4.703576,0,
time_action4=20,6,0,-7.76593,2.275675,9.443604,0.106978,1.500372,0,-7.76593,2.275675,9.443604,0.106978,1.500372,0,

[movie_talk_id]
r0=5,movie_456_1,2,
r1=11,movie_456_2,2,
r2=21,movie_456_3,2,
r3=29,movie_456_4,2,
r4=34,movie_456_5,2,

[fade_section]
time_action0=0,1.0,0
time_action1=38,1.0,1
time_action2=39,1.0,2

[player]
resource=player
movetype=0
pathtype=2
base_angle_y=0.0
enter_time=0
alpha_in=0
alpha_out=0
time_action0=stop,0.00,-17.70,0.00,0.00,5.28,0.00,stand,1.0,true,,,,0,1.00

