[system]
esc_key=1
hide_weapon=1
enternpc=28movienpc459[hewt]@270 0 709
gutname=459chuansongyuBOSS
taskname=movie_qyclone002_459.ini
info=
teamtype=0
refertype=2
show_all_npc=0
wait_terrain=1
music=clone002

[scenario_camera]
pathtype=2
angletype=4
modetype=3
enter_time=0
time_action0=20,1,0,-26.41394,1.286334,9.383301,0.043805,-1.27429,0,-26.41394,1.286334,9.383301,0.043805,-1.27429,0,
time_action1=20,6,0,-26.41394,1.286334,9.383301,0.043805,-1.27429,0,-16.077805,1.473167,6.073303,0.029842,-1.315741,0,
time_action2=20,4,0,-16.077805,1.473167,6.073303,0.029842,-1.315741,0,-13.169281,1.326226,6.962341,0.347492,-3.848649,0,
time_action3=20,4,0,-13.169281,1.326226,6.962341,0.347492,-3.848649,0,-11.15094,1.240013,5.80426,0.022861,-4.199896,0,
time_action4=20,7,0,4.735962,3.964501,-2.840271,-0.10821,1.554213,0,1.398102,4.337262,-1.766235,-0.900591,-5.684542,0,
time_action5=20,6,0,1.398102,4.337262,-1.766235,-0.900591,-5.684542,0,-0.256439,2.221369,-1.213196,-0.10123,-5.712898,0,
time_action6=20,2,0,2.74231,2.560506,2.475098,0.052359,-2.25498,0,2.74231,2.560506,2.475098,0.052359,-2.25498,0,
time_action7=20,4,0,12.987885,6.561936,22.482422,0.031415,0.718628,0,15.672546,6.561936,20.828613,0.094247,0.297567,0,
time_action8=20,2,0,17.476746,5.54638,28.241028,-0.027926,0.461192,0,17.695435,5.567643,28.683533,0.041887,0.437194,0,
time_action9=20,3,0,3.635559,2.628459,3.803162,0.110318,3.980223,0,5.85321,3.367546,7.923157,0.141734,3.86241,0,
time_action10=20,6,0,16.39798,4.460403,24.51355,-0.175915,6.665854,0,17.924744,5.119543,28.431824,-0.758856,6.746578,0,
time_action11=20,1,0,17.924744,5.119543,28.431824,-0.758856,6.746578,0,17.924744,5.119543,28.431824,-0.758856,6.746578,0,

[player]
resource=player
movetype=0
pathtype=2
base_angle_y=0.0
enter_time=0
alpha_in=0
alpha_out=0
time_action0=stop,-30.97,-0.2,10.7,0,1.93,0,stand,1,true,,,,1,1.00,
time_action1=moveto,-4.69,-0.20,1.52,swim_walk,14,true,,,,1,1.00,0,
time_action2=stop,0.59,0.98,0.99,-0.00,0.58,0.00,stand,1.0,true,,,,0,1.00,
time_action3=stop,0.59,0.98,0.99,0,0.59,0,logoin_stand_2,9,true,,,,0,1.00,
time_action4=stop,0.59,0.98,0.99,0,0.59,0,interact133,3,true,,,,0,1.00,
time_action5=stop,0.59,0.98,0.99,0,0.59,0,logoin_stand_2,8,true,,,,0,1.00,
time_action6=moveto,2.85,1.56,4.47,walk,3,true,,,,0,1.00,0,

[BOSS]
resource=npc\worldnpc360
movetype=0
pathtype=2
base_angle_y=0.0
enter_time=21
alpha_in=0
alpha_out=0
time_action0=stop,18.35,4.71,29.33,-0.00,2.54,0.00,stand,1.0,true,,,,0,1.00,
time_action1=stop,18.35,4.71,29.33,0,2.54,0,ty_sitground_drink,15,true,,,,0,0.50,
time_action2=stop,18.36,4.67,29.2,0,-2.71,0,h_sitloop1_1,2,true,,,,0,1.00,
time_action3=stop,18.36,4.67,29.2,0,-2.71,0,h_situp1_1,3,true,,,,0,0.89,
time_action4=stop,18.36,4.67,29.2,0,-2.71,0,ty_bukuai_guard,4,true,,,,0,1.00,

[movie_talk_id]
r0=7,movie_459_1,2,
r1=22,movie_459_2,2,
r2=28,movie_459_3,2,
r3=31,movie_459_4,2,
r4=37,movie_459_5,2,
r5=39,movie_459_6,2,

[fade_section]
time_action0=0,1.0,2
time_action1=1,1.0,0
time_action2=45,1.0,1
time_action3=46,1.0,2

[sound_section]
r0=1,footstep\youyong1.wav
r1=4,footstep\youyong1.wav
r2=7,footstep\youyong1.wav
r3=10,footstep\youyong1.wav
r4=13,footstep\youyong1.wav

