[system]
enternpc=FunnpcClone007005[cangyudaozhang]@274 11 1164
gutname=beixinqiyi
taskname=movie_clone002_461.ini
info=
teamtype=1
refertype=2
esc_key=1
music=clone002_fight01
hide_weapon=1
show_all_npc=0
wait_terrain=1

[hebiao]
resource=npc\fbboss00024_m
movetype=0
pathtype=2
base_angle_y=0.0
enter_time=0
alpha_in=0
alpha_out=0
time_action0=stop,12.32,3.5,0.09,0,-1.48,0,stand,20,true,,,,0,1.00,

[team_member0]
resource=player
movetype=0
pathtype=2
base_angle_y=0.0
enter_time=0
alpha_in=0
alpha_out=0
time_action0=stop,0.9,0.82,0.67,0,1.48,0,stand,15,true,,,,0,1.00,
time_action1=stop,0.9,0.82,0.67,0,0.30,0,fi_1h_stand,0.3,true,,,,0
time_action2=stop,0.9,0.82,0.67,0,0.3,0,fi_1h_stand,4.7,true,,,,0

[team_member1]
resource=player
movetype=0
pathtype=2
base_angle_y=0.0
enter_time=0
alpha_in=0
alpha_out=0
time_action0=stop,0.47,0.83,2.06,0,1.8,0,stand,15,true,,,,0,1.00,
time_action1=stop,0.47,0.83,2.06,0,-1.55,0,fi_1h_stand,0.5,true,,,,0
time_action2=stop,0.47,0.83,2.06,0,-1.55,0,fi_1h_stand,4.5,true,,,,0

[team_member2]
resource=player
movetype=0
pathtype=2
base_angle_y=0.0
enter_time=0
alpha_in=0
alpha_out=0
time_action0=stop,0,0.82,-0.61,0,1.73,0,stand,15,true,,,,0,1.00,
time_action1=stop,0,0.82,-0.61,0,-1.93,0,fi_1h_stand,0.5,true,,,,0
time_action2=stop,0,0.82,-0.61,0,-1.93,0,fi_1h_stand,4.5,true,,,,0

[scenario_camera]
pathtype=2
angletype=4
modetype=3
time_action0=20,6,0,-21.964905,19.32449,-11.935059,-0.618539,7.413494,0,-21.96,19.32,-11.94,0.43,7.47,0.00,
time_action1=20,9,0,7.388489,5.978821,-0.897949,0.372413,7.634387,0,7.388489,5.978821,-0.897949,0.372413,7.634387,0,
time_action2=20,5,0,9.794006,7.247049,11.18457,0.516607,3.972468,0,9.794006,7.247049,11.18457,0.516607,3.972468,0,

[fade_section]
time_action0=0,1.0,0
time_action1=19,1.0,1
time_action2=20,1.0,2

[movie_talk_id]
r0=6,movie_461_1,2,
r1=15,movie_461_2,2,

[yi]
resource=npc\fbnpc00035
movetype=0
pathtype=2
base_angle_y=0.0
enter_time=0
alpha_in=0
alpha_out=0
time_action0=stop,5.5,0.76,5,0,-2.24,0,stand,18,true,,,,0,1.00,
time_action1=stop,5.5,0.76,5,0,-2.24,0,fi_stand,2,true,,,,0,1.00,

[er]
resource=npc\fbnpc00035
movetype=0
pathtype=2
base_angle_y=0.0
enter_time=0
alpha_in=0
alpha_out=0
time_action0=stop,3.74,0.75,7.79,0,-2.59,0,stand,18,true,,,,0,1.00,
time_action1=stop,3.74,0.75,7.79,0,-2.59,0,fi_stand,2,true,,,,0,1.00,

[san]
resource=npc\fbnpc00035
movetype=0
pathtype=2
base_angle_y=0.0
enter_time=0
alpha_in=0
alpha_out=0
time_action0=stop,-2.98,0.82,-1.71,0,1.5,0,stand,18,true,,,,0,1.00,
time_action1=stop,-2.98,0.82,-1.71,0,1.5,0,fi_stand,2,true,,,,0,1.00,

[si]
resource=npc\fbnpc00035
movetype=0
pathtype=2
base_angle_y=0.0
enter_time=0
alpha_in=0
alpha_out=0
time_action0=stop,-2.66,0.82,0.41,0,1.61,0,stand,18,true,,,,0,1.00,
time_action1=stop,-2.66,0.82,0.41,0,1.61,0,fi_stand,2,true,,,,0,1.00,

[wu]
resource=npc\fbnpc00035
movetype=0
pathtype=2
base_angle_y=0.0
enter_time=0
alpha_in=0
alpha_out=0
time_action0=stop,-2.27,0.86,2.53,0,1.82,0,stand,18,true,,,,0,1.00,
time_action1=stop,-2.27,0.86,2.53,0,1.82,0,fi_stand,2,true,,,,0,1.00,

