[system]
enternpc=dhnpcClone025119[caokun]@1250 13 -2
gutname=5119nishuibeijiu
taskname=movie_clone002_465.ini
info=
teamtype=0
refertype=2
show_all_npc=0
wait_terrain=1
hide_weapon=1
esc_key=0
music=FBdonghua06_xuanyi

[player]
resource=player
movetype=0
pathtype=2
base_angle_y=0.0
enter_time=0
alpha_in=0
alpha_out=0
time_action0=stop,0.25,-8.14,-0.08,0.00,0.54,0.00,sitdownfree01,1,true,,,,0,1.00,
time_action1=moveto,32.03,-8.06,53.16,sitdownfree01,5,true,,,,1,1.00,1,

[scenario_camera]
pathtype=2
angletype=4
modetype=3
enter_time=0
time_action0=17,6,0,-6.275635,-0.930166,-10.517258,0.615317,0.537989,0,25.75647,-0.852291,42.652157,0.615317,0.537989,0,mache
time_action0_ctrl1=22.749146,4.194727,-35.851685
time_action0_ctrl2=35.622314,4.062628,-47.683777

[fade_section]
time_action0=5,1.0,1
time_action1=6,1.0,2

[movie_talk_id]

[mache]
resource=npc\mache001
movetype=0
pathtype=2
base_angle_y=0.0
enter_time=0
alpha_in=0
alpha_out=0
time_action0=stop,0.00,-11.14,0.00,0.00,0.54,0.00,stand,1.0,true,,,,0,1.00,
time_action1=moveto,32.03,-11.06,53.16,run,5,true,,,,0,1.00,1,

[chefu]
resource=npc\funcnpc008
movetype=0
pathtype=2
base_angle_y=0.0
enter_time=0
alpha_in=0
alpha_out=0
time_action0=stop,0.00,-8.14,0.00,0.00,3.54,0.00,1_stand,1.0,true,,,,0,1.00,
time_action1=moveto,32.88,-8.10,55.28,1_stand,5,true,,,,1,1.00,1,

