[system]
enternpc=dhnpcClone025119[caokun]@350 3 633
gutname=5119nishuibeijiu
taskname=movie_clone002_466.ini
info=
teamtype=0
refertype=2
show_all_npc=0
wait_terrain=1
hide_weapon=1
esc_key=0
music=FBdonghua06_xuanyi

[player]
resource=player
movetype=0
pathtype=2
base_angle_y=0.0
enter_time=0
alpha_in=0
alpha_out=0
time_action0=stop,46.50,-5.00,-60.80,0.00,3.62,0.00,sitdownfree01,1,true,,,,0,1.00,
time_action1=moveto,62.36,-5,-70.78,sitdownfree01,5,true,,,,1,1.00,1,

[scenario_camera]
pathtype=2
angletype=4
modetype=3
enter_time=0
time_action0=17,6,0,17.625244,5.107595,-68.589844,0.666181,1.639431,0,18.608002,5.071339,-68.657349,0.665521,1.639431,0,mache
time_action0_ctrl1=22.749146,4.194727,-35.851685
time_action0_ctrl2=35.622314,4.062628,-47.683777

[fade_section]
time_action0=5,1.0,1
time_action1=6,1.0,2

[movie_talk_id]

[mache]
resource=npc\mache001
movetype=0
pathtype=2
base_angle_y=0.0
enter_time=0
alpha_in=0
alpha_out=0
time_action0=stop,46.32,-7.99,-61.03,0.00,2.15,0.00,stand,1.0,true,,,,0,1.00,
time_action1=moveto,62.33,-8.71,-70.9,run,5,true,,,,0,1.00,1,

[chefu]
resource=npc\funcnpc008
movetype=0
pathtype=2
base_angle_y=0.0
enter_time=0
alpha_in=0
alpha_out=0
time_action0=stop,48.36,-5.01,-62.32,0.00,3.76,0.00,1_stand,1.0,true,,,,1,1.00,
time_action1=moveto,64.94,-5,-70.96,1_stand,5,true,,,,1,1.00,1,

