[system]
enternpc=5655WAWQG[hewt]@148 48 768
gutname=4100juyingchuxian
taskname=movie_wssz_4100.ini
info=
teamtype=0
refertype=2
show_all_npc=0
wait_terrain=1
show_head_to_chat=0
recover_camera=0
esc_key=1
hide_weapon=1
music=clone009_fight

[juyin]
resource=npc\fbboss00361
movetype=0
pathtype=2
base_angle_y=0.0
enter_time=0
alpha_in=0
alpha_out=0
size_x=500
size_y=500
size_z=500
time_action0=stop,12.61,5.86,5.83,0,-1.84,0,stand,6.5,true,,,,0,1.00,
time_action1=moveto,-84.37,25.46,-6.91,run,6,true,,,,0,1.00,0,
time_action2=stop,-84.37,25.46,-6.91,0,-1.68,0,stand,1.0,true,,,,0,1.00,

[xiaonanhai]
resource=npc\worldnpc436
movetype=0
pathtype=2
base_angle_y=0.0
enter_time=0
alpha_in=0
alpha_out=0
size_x=100
size_y=100
size_z=100
time_action0=stop,-0.47,1.12,0.05,0,-1.73,0,ty_stand,0.1,true,,,,0,1.00,
time_action1=moveto,-49.67,15.26,-3.11,h_run1_1,10,true,,,,0,1.00,0,
time_action2=stop,-49.67,15.26,-3.11,0,-1.64,0,stand,0.1,true,,,,0,1.00,

[scenario_camera]
pathtype=2
angletype=4
modetype=3
time_action0=20,4,0,-2.928116,2.981117,-4.832825,-0.184695,5.098948,0,-2.928116,2.981117,-4.832825,-0.184695,5.098948,0,
time_action1=20,1,0,8.009491,-0.896179,5.668396,-0.1079,9.217904,0,8.009491,-0.896179,5.668396,-0.1079,9.217904,0,
time_action2=20,1,0,8.009491,-0.896179,5.668396,-0.1079,9.217904,0,8.009491,-0.896179,5.668396,-0.355737,10.851976,0,
time_action3=20,2,0,8.009491,-0.896179,5.668396,-0.355737,10.851976,0,8.009491,-0.896179,5.668396,-0.355737,10.851976,0,
time_action4=20,3,0,-39.478241,30.789848,0.036438,0.918329,4.574187,0,-39.478241,30.789848,0.036438,0.918329,4.574187,0,
time_action5=20,4,0,-27.393158,9.322002,-2.368713,0.0765,1.268953,0,-27.393158,9.322002,-2.368713,0.0765,1.268953,0,

[player]
resource=player
movetype=0
pathtype=2
base_angle_y=0.0
enter_time=0
alpha_in=0
alpha_out=0
size_x=100
size_y=100
size_z=100
time_action0=stop,20.77,-4.18,3.31,0,-1.63,0,stand,3,true,,,,0,1.00,
time_action1=moveto,-25.18,8.14,-1.6,run,9,true,,,,0,1.00,0,
time_action2=stop,-25.18,8.14,-1.6,0,-1.63,0,fi_3h_stand,3,true,,,,0,1.00,

[movie_talk_id]
r0=10,movie_4100_1,2,
r1=12,movie_4100_2,2,

[fade_section]
time_action0=0,1.0,0
time_action1=14.,1.0,1
time_action2=15.,1.0,0

[sound_section]
r0=6.,npc\4105_17.wav

