[system]
hide_weapon=1
esc_key=1
enternpc=4109WAWQG6[hewt]@638.390 53.936 935.956
gutname=4109WSSZweijijiechu
taskname=movie_wssz_4109.ini
info=
teamtype=0
refertype=2
show_all_npc=0
wait_terrain=1
show_head_to_chat=0
recover_camera=0
music=fight2

[suzhan]
resource=npc\fbfunnpc00002_m
movetype=0
pathtype=2
base_angle_y=0.0
enter_time=0
alpha_in=0
alpha_out=0
size_x=100
size_y=100
size_z=100
time_action0=stop,-5.13,-3.04,-34.34,-0.00,-2.20,0.00,h_debuff1_2,1,true,,,,0,1.00,
time_action1=moveto,-12.61,2.21,-40.19,qg_jump02,1.2,true,,,,1,1.00,0,
time_action2=moveto,-13.52,0.6,-41.21,jumpdowning,0.2,true,,,,1,1.00,0,
time_action3=stop,-13.52,0.6,-41.21,0,-2.42,0,jumpdown,0.4,true,,,,0,1.00,
time_action4=moveto,-9.29,6.73,-44.07,qg_jump03_f,0.7,true,,,,1,1.00,0,
time_action5=moveto,-8.61,5.51,-44.48,jumpdowning,0.2,true,,,,1,1.00,0,
time_action6=stop,-8.61,5.5100,-44.48,0,2.55,0,jumpdown,1.0,true,,,,1,1.00,
time_action7=stop,-8.61,5.5100,-44.48,0,0.32,0,h_walk1_1,0.5,true,,,,1,1.00,
time_action8=stop,-8.61,5.5100,-44.48,0,0.32,0,ty_bukuai_guard,5.3,true,,,,1,1.00,
time_action9=stop,-8.61,5.5100,-44.48,0,1.88,0,h_walk1_1,0.5,true,,,,1,1.00,
time_action10=moveto,-3.27,6.37,-45.72,h_run1_1,1.0,true,,,,1,1.00,0,
time_action11=moveto,8.54,15.76,-60.18,jump_f,1.5,true,,,,1,0.85,0,
time_action12=stop,8.54,15.76,-60.18,-0.00,2.56,0.00,jumpdown,0.4,true,,,,0,1.00,
time_action13=moveto,16.76,19.44,-68.67,qg_swim_waterw_f,1.0,true,,,,1,1.00,0,

[scenario_camera]
pathtype=2
angletype=4
modetype=3
time_action0=20,2,0,-9.769822,-2.090514,-38.098395,-0.835523,0.880951,0,-9.769822,-2.090514,-38.098395,-0.835523,0.880951,0,
time_action1=20,9,0,-6.007126,0.118329,-32.114142,-0.288654,3.426951,0,-6.007126,0.118329,-32.114142,-0.288654,3.426951,0,
time_action2=20,2.5,0,-6.007126,0.118329,-32.114142,-0.288654,3.426951,0,-6.007126,0.118329,-32.114142,-0.282836,2.868989,0,
time_action3=20,2,0,16.111404,20.00549,-67.991583,0.217492,5.511543,0,16.111404,20.00549,-67.991583,0.217492,5.511543,0,

[player]
resource=player
movetype=0
pathtype=2
base_angle_y=0.0
enter_time=0
alpha_in=0
alpha_out=0
size_x=100
size_y=100
size_z=100
time_action0=stop,5.29,0,-0.36,0,-3.08,0,fi_3h_stand,15,true,,,,0,1.00,

[fade_section]
time_action0=0,1.0,2
time_action1=1,0.5,0
time_action2=14.8,2,2

[movie_talk_id]
r0=5,movie_4109_1,2,

[sound_section]
r0=1.3,fight\other\fight_qg_edt_02.wav
r1=2.8,fight\other\fight_qg_edt_01.wav
r2=12.1,fight\other\fight_qg_edt_02.wav
r3=13.9,fight\other\fight_qg_edt_01.wav

