[system]
esc_key=1
restore_pos=1
enternpc=16WZHGN5954[caokun]@392 12 358
gutname=water
taskname=movie_qyschool02_5653.ini
info=
teamtype=0
refertype=0
show_all_npc=0
wait_terrain=1
hide_weapon=1

[player]
resource=player
movetype=0
pathtype=2
base_angle_y=0.0
enter_time=0
alpha_in=1
alpha_out=1
time_action0=stop,390.10,12.78,355.72,0,0.878988,0,ng_state_1,15,true,,,,0,1.00,
time_action1=stop,390.10,12.78,355.72,0,0.878988,0,xl_ng_succeed_01,8,false,,,,0,1.00,
time_action2=stop,390.10,12.78,355.72,0,0.878988,0,stand,4,true,,,,0,1.00,
time_action3=stop,390.10,12.78,355.72,0,0.878988,0,interact288,3,true,,,,0,1.00,
time_action4=stop,390.10,12.78,355.72,0,0.878988,0,stand,1.0,true,,,,0,1.00,

[xiuxingzhe]
resource=npc\fbboss00169
movetype=0
pathtype=2
base_angle_y=0.0
enter_time=0
alpha_in=1
alpha_out=1
time_action0=stop,392.33,12.91,358.36,0,-2.075001,0,ty_dazuoloop,13,true,,,,0,1.00,
time_action1=stop,392.33,12.91,358.36,0,-2.075001,0,1_stand_free01,4,true,,,,0,1.00,
time_action2=stop,392.33,12.91,358.36,0,-2.075001,0,walk,1.0,true,,,,0,1.00,
time_action3=stop,392.33,12.91,358.36,0,-2.075001,0,ty_nod,5,true,,,,0,1.00,
time_action4=stop,392.33,12.91,358.36,0,-2.075001,0,ty_talk,3,true,,,,0,1.00,
time_action5=stop,392.33,12.91,358.36,0,-2.075001,0,ty_nod,5,true,,,,0,1.00,

[fade_section]
time_action0=30,1.0,1
time_action1=31,1.0,2

[movie_talk_id]
r0=0,movie_5113_1,2,;;;
r1=5,movie_5113_2,2,
r2=10,movie_5113_3,2,
r3=15,movie_5113_4,2,
r4=20,movie_5113_5,2,
r5=25,movie_5113_6,2,

[scenario_camera]
pathtype=2
angletype=4
modetype=3
enter_time=0
time_action0=33,8,0,388.803772,19.263563,307.955414,0.181248,0.100137,0,392.110962,15.398819,347.892426,0.08351,0.034687,0,player
time_action1=33,10,0,392.110962,15.398819,347.892426,0.08351,0.034687,0,384.371124,15.093326,353.417877,0.216155,1.031706,0,player
time_action2=20,2,0,384.371124,15.093326,353.417877,0.170776,1.044796,0,386.349609,14.731851,354.551514,0.097473,1.005527,0,
time_action1_ctrl1=388.971313,15.398819,348.147705
time_action1_ctrl2=385.515778,15.093326,352.010742
time_action0_ctrl1=391.577209,16.689676,332.57724
time_action0_ctrl2=391.903137,15.900333,341.904877
time_action3=17,5,0,390.635834,14.501936,357.065582,0.219912,0.844078,0,390.635834,14.501936,357.065582,0.219912,0.844078,0,xiuxingzhe
time_action4=17,5,0,393.514648,14.97108,358.718475,0.376991,3.883131,0,393.514648,14.97108,358.718475,0.376991,3.883131,0,player

