[system]
hide_weapon=1
esc_key=1
enternpc=5655WAWQG[hewt]@549.055 19.378 342.391
gutname=5655GB4neizuihoutongdie
taskname=movie_qyschool02_5655.ini
info=
teamtype=0
refertype=2
show_all_npc=0
wait_terrain=1
show_head_to_chat=0
recover_camera=0
music=FBdonghua04_jiliezhengchao

[GBdizi]
resource=npc\worldnpc081
movetype=0
pathtype=2
base_angle_y=0.0
enter_time=0
alpha_in=0
alpha_out=0
size_x=100
size_y=100
size_z=100
time_action0=stop,8.18,-2.35,10.28,0,-2.72,0,stand,5,true,,,,0,1.00,
time_action1=moveto,5.98,0.00,6.21,h_run1_1,1.1,true,,,,1,1.00,0,
time_action2=moveto,5.26,0.00,-2.36,h_run1_1,2.1,true,,,,0,1.00,0,
time_action3=stop,5.26,0,-2.36,0,-3.11,0,ty_talk6,5,true,,,,0,1.00,
time_action4=stop,5.26,0,-2.36,0,-3.11,0,b_stand_4,12,true,,,,0,1.00,

[xiaotianfang]
resource=npc\worldnpc032
movetype=0
pathtype=2
base_angle_y=0.0
enter_time=0
alpha_in=0
alpha_out=0
size_x=100
size_y=100
size_z=100
time_action0=stop,5.26,0.3,-6.66,0,-0.05,0,ty_bukuai_guard,25,true,,,,0,1.00,

[scenario_camera]
pathtype=2
angletype=4
modetype=3
time_action0=20,5,0,4.382683,1.468514,-3.698526,0.039768,2.638813,0,4.149773,1.487746,-3.275033,0.039768,2.638813,0,
time_action1=20,7,0,5.318901,1.837902,-8.052438,0.182886,-0.022819,0,6.388359,2.576166,-8.788644,0.329493,-0.236622,0,
time_action2=20,5,0,5.509697,1.543761,-5.04133,-0.075423,-2.972432,0,5.509697,1.543761,-5.04133,-0.075423,-2.972432,0,
time_action3=20,4,0,5.042534,1.437472,-4.15043,0.028625,2.248274,0,5.042534,1.437472,-4.15043,0.028625,2.248274,0,
time_action4=20,4,0,5.454705,3.977129,1.224173,0.499864,3.149302,0,5.458184,4.220534,1.669852,0.499864,3.149302,0,

[player]
resource=player
movetype=0
pathtype=2
base_angle_y=0.0
enter_time=0
alpha_in=0
alpha_out=0
size_x=100
size_y=100
size_z=100
time_action0=stop,6.01,0,-5.15,0,-2.63,0,interact322,6,true,,,,0,1.00,
time_action1=stop,6.01,0,-5.15,0,-0.256254,0,stand_turnright,1.0,true,,,,0,1.00,
time_action2=stop,6.01,0,-5.15,0,-0.256254,0,logoin_stand_2,9,true,,,,0,1.00,
time_action3=stop,6.01,0.00,-5.15,0.00,-0.26,0.00,interact339,5,true,,,,0,1.00,
time_action4=stop,6.01,0,-5.15,0,-0.26,0,logoin_stand_2,4,true,,,,0,1.00,

[fade_section]
time_action0=0,1.0,0
time_action1=24,1.0,1
time_action2=25,1.0,2

[movie_talk_id]
r0=6,movie_5655_1,2,
r1=12,movie_5655_2,2,
r2=17,movie_5655_3,2,
r3=21,movie_5655_4,2,

