[system]
hide_weapon=1
esc_key=1
enternpc=5656WAWQG[hewt]@-136.092 131.946 481.869
gutname=5656GB4neiBJHshenmiao
taskname=movie_qyschool02_5656.ini
info=
teamtype=0
refertype=2
show_all_npc=0
wait_terrain=1
show_head_to_chat=0
recover_camera=0
music=FBdonghua04_jiliezhengchao

[BJH]
resource=npc\worldnpc619
movetype=0
pathtype=2
base_angle_y=0.0
enter_time=0
alpha_in=0
alpha_out=0
size_x=100
size_y=100
size_z=100
time_action0=stop,0,0,0,0,-3.13,0,h_debuff1_2,39,true,,,,0,1.00,
time_action1=stop,0,0,0,0,-3.13,0,b_atk1_1,1,true,,,,0,1.00,

[yanwu]
resource=npc\fbmac004012
movetype=0
pathtype=2
base_angle_y=0.0
enter_time=39.6
alpha_in=0
alpha_out=0
time_action0=stop,-0.20,-0.28,-0.68,-0.00,-2.87,0.00,stand,2,true,,,effect_fog_move_16|Model::Point01|2|1,1,1.00,
size_x=100
size_y=100
size_z=100

[scenario_camera]
pathtype=2
angletype=4
modetype=3
time_action0=20,6,0,-0.477595,1.148131,-0.329876,0.082702,-3.413518,0,-0.833781,1.258025,0.947345,0.082702,-3.413518,0,
time_action1=20,9,0,-0.503825,1.162124,-2.951123,0.047795,-6.129681,0,-0.584422,1.0101,-3.622906,-0.001074,-6.101317,0,
time_action2=20,6,0,-0.427852,1.177886,-1.450268,-0.022018,-3.638224,0,-0.427852,1.177886,-1.450268,-0.022018,-3.638224,0,
time_action3=20,9,0,-0.523845,1.170898,-0.902203,-0.070887,-5.983505,0,-0.523845,1.170898,-0.902203,-0.070887,-5.983505,0,
time_action4=20,4,0,-0.427852,1.177886,-1.450268,-0.022018,-3.638224,0,-0.427852,1.177886,-1.450268,-0.022018,-3.638224,0,
time_action5=20,10,0,-0.799006,1.12683,-2.00697,0.100155,-5.894058,0,-0.799006,1.12683,-2.00697,0.100155,-5.894058,0,
time_action6=20,5,0,0.074803,1.246184,1.851245,-0.018775,3.118227,0,0.091496,1.334899,1.368305,-0.109532,3.120409,0,

[player]
resource=player
movetype=0
pathtype=2
base_angle_y=0.0
enter_time=0
alpha_in=0
alpha_out=0
size_x=100
size_y=100
size_z=100
time_action0=stop,0,0,-2.28,0,0,0,tl_gb_04_state,34,true,,,,0,1.00,
time_action1=stop,0,0,-3.33,0,0,0,tl_gb_04_state,7,true,,,,0,1.00,
time_action2=moveto,0.07,-0.00,0.51,fi_0h_run,1.0,true,,,,0,1.00,0,
time_action3=stop,0.07,0,0.51,0,0.03,0,logoin_stand_2,2,true,,,,0,1.00,
time_action4=stop,0.07,0,0.51,0,0.03,0,logoin_stand_2,5,true,,,,0,1.00,

[movie_talk_id]
r0=1,movie_5656_1,2,
r1=6,movie_5656_2,2,
r2=15,movie_5656_3,2,
r3=21,movie_5656_4,2,
r4=30,movie_5656_5,2,
r5=34,movie_5656_6,2,
r6=44,movie_5656_7,2,

[sound_section]
r0=39.6,fight\attack\att_0H_007.wav

[fade_section]
time_action0=0,1.0,2
time_action1=1,1.0,0
time_action2=48,1.0,1
time_action3=49,1.0,2

