[system]
hide_weapon=0
enternpc=
gutname=cfyygb
taskname=cfyygb.ini
info=
teamtype=0
refertype=2
show_all_npc=0
wait_terrain=1
show_head_to_chat=0
recover_camera=1
esc_key=0

[scenario_camera]
pathtype=2
angletype=4
modetype=3
time_action0=20,1.5,0,553.87,20.64,349.53,0.01,3.12,0.00,553.91,20.22,351.04,-0.04,3.18,0.00,
is_offset_angle=0
offset_angle_y=0.0
time_action1=20,7.6,0,553.92,22.58,366.99,0.21,3.15,0.00,563.42,22.58,356.40,0.23,4.48,0.00,
time_action2=20,2.9,0,553.64,19.72,350.21,0.40,0.01,0.00,553.64,19.72,350.21,0.40,0.01,0.00,
time_action3=20,4.1,0,553.88,21.43,351.34,0.29,3.15,0.00,553.88,21.43,351.34,0.29,3.15,0.00,
time_action4=20,4,0,563.419983,22.58,356.399994,0.23,4.48,0,563.419983,22.58,356.399994,0.23,4.48,0,

[fade_section]
time_action0=0,0.5,0
time_action1=20,1.0,1

[movie_talk_id]
r0=2,movie_9665_1,2,
r1=5,movie_9665_2,2,
r2=8,movie_9665_3,2,
r3=12,movie_9665_4,2,
r4=16,movie_9665_5,2,

[xiaotianfang]
resource=npc\worldnpc032
movetype=0
pathtype=2
base_angle_y=0.0
enter_time=0
alpha_in=0
alpha_out=0
show_name=0
name=
size_x=100
size_y=100
size_z=100
time_action0=stop,553.91,19.37,347.14,0,-0.01,0,stand,20,true,,,,0,1.00,

[guozhanglao]
resource=npc\fbboss00201
movetype=0
pathtype=2
base_angle_y=0.0
enter_time=0
alpha_in=0
alpha_out=0
show_name=0
name=
size_x=100
size_y=100
size_z=100
time_action0=stop,553.58,17.02,357.98,-0.00,3.13,0.00,stand,1.5,true,,,,0,1.00,
time_action1=moveto,553.49,17.02,355.14,walk,1,true,,,,0,1.00,0,,0,0,3.12,0
time_action2=stop,553.49,17.02,355.14,0,3.12,0,ty_talk,13.6,true,,,,0,1.00,
time_action3=moveto,554.11,17.02,368.35,walk,5,true,,,,0,1.00,0,,0,0,0,0

[zl1]
resource=npc\fbboss00202
movetype=0
pathtype=2
base_angle_y=0.0
enter_time=0
alpha_in=0
alpha_out=0
show_name=0
name=
size_x=100
size_y=100
size_z=100
time_action0=stop,550.83,17.02,353.33,0,1.56,0,stand,20,true,,,,0,1.00,

[zl2]
resource=npc\worldnpc062
movetype=0
pathtype=2
base_angle_y=0.0
enter_time=0
alpha_in=0
alpha_out=0
show_name=0
name=
size_x=100
size_y=100
size_z=100
time_action0=stop,558.15,17.02,353.76,0,-1.56,0,stand,20,true,,,,0,1.00,

[zl3]
resource=npc\fbfunnpc00221
movetype=0
pathtype=2
base_angle_y=0.0
enter_time=0
alpha_in=0
alpha_out=0
show_name=0
name=
size_x=100
size_y=100
size_z=100
time_action0=stop,558.65,17.02,356.66,0,-1.56,0,stand,20,true,,,,0,1.00,

[zl5]
resource=npc\worldnpc059
movetype=0
pathtype=2
base_angle_y=0.0
enter_time=0
alpha_in=0
alpha_out=0
show_name=0
name=
size_x=100
size_y=100
size_z=100
time_action0=stop,550.83,17.02,356.33,0,1.55,0,stand,20,true,,,,0,1.00,

[zl6]
resource=npc\worldnpc492
movetype=0
pathtype=2
base_angle_y=0.0
enter_time=0
alpha_in=0
alpha_out=0
show_name=0
name=
size_x=100
size_y=100
size_z=100
time_action0=stop,559.51,16.89,360.53,0,-1.25,0,stand,20,true,,,,0,1.00,

[zl4]
resource=npc\fbboss00205
movetype=0
pathtype=2
base_angle_y=0.0
enter_time=0
alpha_in=0
alpha_out=0
show_name=0
name=
size_x=100
size_y=100
size_z=100
time_action0=stop,551.22,17.02,360.01,0,1.59,0,stand,20,true,,,,0,1.00,

