[MainInfo]
FrameTime=0.033333
RulerStart=0.000000
RulerEnd=200.000000
CameraX=2.064541
CameraY=12.167356
CameraZ=-18.728449
CameraRX=0.130899
CameraRY=-0.070358
CameraRZ=0.000000
CaptureAngleX=0.000000
CaptureAngleY=0.000000
CaptureAngleZ=0.000000
CapturePosX=0.000000
CapturePosY=0.000000
CapturePosZ=0.000000
CanBreak=1
ShowPlayer=0
ShowNpc=0
ShowWeapon=0
Player=

[npc_1]
WorldType=objects
ObjectType=action_obj
Name=731AF65EFD0B4AF98792C728F4822425
VisualType=Actor
PositionX=0.000000
PositionY=10.000000
PositionZ=0.000000
AngleX=-0.000000
AngleY=0.000000
AngleZ=0.000000
ScaleX=1.000000
ScaleY=1.000000
ScaleZ=1.000000
VisualConfig=ini\npc\b_huashan02.ini
Path=npc_1.xml

[camera_1]
WorldType=objects
ObjectType=camera
Name=0FCD37BB6C0842749B0B937BAE3966D1
VisualType=CameraWrapper
PositionX=2.064541
PositionY=12.167356
PositionZ=-18.728449
AngleX=0.130899
AngleY=-0.070358
AngleZ=0.000000
ScaleX=1.000000
ScaleY=1.000000
ScaleZ=1.000000
VisualConfig=mdl\camera\camera01\camera.xmod
CameraType=free
Fovx=1.510192
Path=camera_1.xml

[light_move_1049a_1]
WorldType=objects
ObjectType=EffectModel
Name=F87853D2BF744F7E8277FBF366B556CD
VisualType=EffectModel
PositionX=0.000000
PositionY=9.999999
PositionZ=0.000000
AngleX=-0.000000
AngleY=-3.141593
AngleZ=0.000000
ScaleX=1.000000
ScaleY=1.000000
ScaleZ=1.000000
EffectConfig=ini\effect\model.ini
EffectName=light_move_1049a
Path=light_move_1049a_1.xml

