[system]
enternpc=
gutname=gumumidong_xd4
taskname=gumumidong_xd4.ini
info=
teamtype=0
refertype=2
show_all_npc=0
wait_terrain=1
show_head_to_chat=0
recover_camera=1
esc_key=0
hide_weapon=1

[liyanshuang]
resource=npc\monster356_02
movetype=0
pathtype=2
base_angle_y=0.0
enter_time=0
alpha_in=0
alpha_out=0
show_name=0
name=
size_x=100
size_y=100
size_z=100
time_action0=stop,-218.96,9.84,231.64,0,2.14,0,stand,0.5,true,,,,0,1.00,
time_action1=moveto,-205.32,10.42,226.41,run,4,true,,,,0,1.00,0,,0,-0.00,1.62,0.00
time_action2=stop,-205.32,10.42,226.41,0,2.14,0,ty_talk,2,true,,,,0,1.00,
time_action3=stop,-205.32,10.42,226.41,-0.00,0.56,0.00,stand,0.5,true,,,,0,1.00,
time_action4=stop,-205.32,10.42,226.41,0,0.56,0,ty_talk1,7,true,,,,0,1.00,

[scenario_camera]
pathtype=2
angletype=4
modetype=3
is_offset_angle=0
offset_angle_y=0.0
enter_time=0
time_action0=20,4.5,0,-211.96,12.97,228.54,0.31,5.24,0.00,-200.21,15.48,222.85,0.50,-0.78,0.00,
time_action1=20,2,0,-200.210007,15.48,222.850006,0.5,-0.78,0,-200.210007,15.48,222.850006,0.5,-0.78,0,
time_action2=20,3,0,-204.44,15.19,225.43,0.71,7.53,0.00,-204.44,15.19,225.43,0.71,7.53,0.00,
time_action3=20,4.5,0,-208.07,14.84,229.95,0.79,2.22,0.00,-208.07,14.84,229.95,0.79,2.22,0.00,

[player]
resource=player
movetype=0
pathtype=2
base_angle_y=0.0
enter_time=0
alpha_in=0
alpha_out=0
size_x=100
size_y=100
size_z=100
show_name=0
name=
time_action0=stop,-204.20,10.67,228.02,-0.00,-2.41,0.00,stand,6.5,true,,,,0,1.00,
time_action1=stop,-204.20,10.67,228.02,-0.00,-2.11,0.00,stand,0.5,true,,,,0,1.00,
time_action2=stop,-204.2,10.67,228.02,0,-2.11,0,stand,7,true,,,,0,1.00,

[fade_section]
time_action0=0,1.0,0
time_action1=13,1.0,1

[movie_talk_id]
r0=4,movie_9549_1,2,
r1=10,movie_9549_2,2,

[yangchirui]
resource=npc\worldnpc242
movetype=0
pathtype=2
base_angle_y=0.0
enter_time=0
alpha_in=0
alpha_out=0
show_name=0
name=
size_x=100
size_y=100
size_z=100
time_action0=stop,-207.9,10.21,223.95,0,-1.54,0,s_hurtdownloop_1,14,true,,,,0,1.00,

