[liyanshuang]
resource=npc\monster356_02
movetype=0
pathtype=2
base_angle_y=0.0
enter_time=0
alpha_in=0
alpha_out=0
show_name=0
name=
size_x=100
size_y=100
size_z=100
time_action0=stop,-257.73,9.78,260.88,0,-2.56,0,stand,0.1,true,,,,0,1.00,
time_action1=moveto,-264.74,9.73,249.69,run,3,true,,,,0,1.00,0,,0,0.00,-1.76,0.00
time_action2=stop,-264.74,9.73,249.69,0,-2.56,0,stand,0.1,true,,,,0,1.00,
time_action3=stop,-264.74,9.73,249.69,0.00,-1.63,0.00,stand,0.1,true,,,,0,1.00,
time_action4=stop,-264.74,9.73,249.69,0,-1.63,0,stand,1.0,true,,,,0,1.00,
time_action5=stop,-264.74,9.73,249.69,0,-1.63,0,stand,1.0,true,,,,0,1.00,
time_action6=stop,-264.74,9.73,249.69,0,-1.63,0,stand,3,true,,,,0,1.00,
time_action7=stop,-264.74,9.73,249.69,0,-1.63,0,dk_fi_stand_1,3,true,,,,0,1.00,

[scenario_camera]
pathtype=2
angletype=4
modetype=3
time_action0=20,3,0,-260.43,11.60,256.40,0.21,6.83,0.00,-266.73,12.47,244.75,0.29,6.80,0.00,
is_offset_angle=0
offset_angle_y=0.0
time_action1=20,2.3,0,-266.730011,12.47,244.75,0.29,6.8,0,-266.730011,12.47,244.75,0.29,6.8,0,
time_action2=20,2,0,-276.34,12.97,248.12,0.04,4.57,0.00,-276.34,12.97,248.12,0.04,4.57,0.00,
time_action3=20,4,0,-262.75,14.63,253.84,0.60,3.92,0.00,-262.75,14.63,253.84,0.60,3.92,0.00,

[player]
resource=player
movetype=0
pathtype=2
base_angle_y=0.0
enter_time=0
alpha_in=0
alpha_out=0
size_x=100
size_y=100
size_z=100
show_name=0
name=
time_action0=stop,-271.21,10.03,248.87,0,1.47,0,stand,5.3,true,,,,0,1.00,
time_action1=stop,-271.21,10.03,248.87,0,1.47,0,stand,3,true,,,,0,1.00,
time_action2=stop,-271.21,10.03,248.87,0,1.47,0,fi_0h_stand,3,true,,,,0,1.00,

[fade_section]
time_action0=0,1.0,0
time_action1=10.3,1.0,1

[movie_talk_id]
r0=3,movie_9546_1,2,
r1=8,movie_9546_2,2,

[system]
enternpc=
gutname=gumumidong_xd1
taskname=gumumidong_xd1.ini
info=
teamtype=0
refertype=2
show_all_npc=0
wait_terrain=1
show_head_to_chat=0
recover_camera=1
esc_key=0
hide_weapon=1

