[MainInfo]
FrameTime=0.033333
RulerStart=0.000000
RulerEnd=75.000000
CameraX=0.070717
CameraY=12.234562
CameraZ=-9.278809
CameraRX=0.104720
CameraRY=0.065450
CameraRZ=0.000000
CaptureAngleX=0.000000
CaptureAngleY=0.000000
CaptureAngleZ=0.000000
CapturePosX=0.000000
CapturePosY=0.000000
CapturePosZ=0.000000
CanBreak=1
ShowPlayer=0
ShowNpc=0
ShowWeapon=0
Player=

[npc_1]
WorldType=objects
ObjectType=action_obj
Name=CE36E3DAC8AC4A5A84E7DD6A0F6D0840
VisualType=Actor
PositionX=0.000000
PositionY=10.000000
PositionZ=0.000000
AngleX=-0.000000
AngleY=0.000000
AngleZ=0.000000
ScaleX=1.000000
ScaleY=1.000000
ScaleZ=1.000000
VisualConfig=ini\npc\b_huashan02.ini
Path=npc_1.xml

[light_move_1140_01lx_1]
WorldType=objects
ObjectType=EffectModel
Name=DE2CFB238EC749349745801D16D5667C
VisualType=EffectModel
PositionX=0.000000
PositionY=10.000000
PositionZ=0.000000
AngleX=-0.000000
AngleY=-3.140185
AngleZ=0.000000
ScaleX=0.999871
ScaleY=1.000000
ScaleZ=0.999871
EffectConfig=ini\effect\model.ini
EffectName=light_move_1140_01lx
Path=light_move_1140_01lx_1.xml

[npc_2]
WorldType=objects
ObjectType=Actor
Name=810A08825E8F49779609B9153BF5CA00
VisualType=Actor
PositionX=0.000000
PositionY=10.000000
PositionZ=0.000000
AngleX=-0.000000
AngleY=0.000000
AngleZ=0.000000
ScaleX=1.000000
ScaleY=1.000000
ScaleZ=1.000000
VisualConfig=ini\npc\qg_hawk_run1.ini
Path=npc_2.xml

[camera_1]
WorldType=objects
ObjectType=camera
Name=5492E9C28F6A4008A202C9BA0CDE9DD7
VisualType=CameraWrapper
PositionX=0.070717
PositionY=12.234562
PositionZ=-9.278809
AngleX=0.104720
AngleY=0.065450
AngleZ=0.000000
ScaleX=1.000000
ScaleY=1.000000
ScaleZ=1.000000
VisualConfig=mdl\camera\camera01\camera.xmod
CameraType=free
Fovx=1.552446
Path=camera_1.xml

