[system]
esc_key=1
enternpc=FunnpcClone007005[dz@894 14 -323
gutname=fengren
taskname=movie_clone005_527.ini
info=
teamtype=1
refertype=2
music=clone007_fight
hide_weapon=1
show_all_npc=0
wait_terrain=1
show_head_to_chat=0
recover_camera=0

[qingkong]
resource=npc\fbboss00097
movetype=0
pathtype=2
base_angle_y=0.0
enter_time=0
alpha_in=0
alpha_out=0
time_action0=stop,2.15,0.75,-30.37,0,-1.38,0,ty_distress,6,true,,,,0
time_action1=stop,2.15,0.75,-30.37,0,-1.38,0,ty_distress,1.0,true,,,,0,1.00
time_action2=stop,2.12,0.75,-30.46,0,-0.02,0,stand,13.5,true,,,,0

[fengren]
resource=npc\fbboss00096
movetype=0
pathtype=2
base_angle_y=0.0
enter_time=0
alpha_in=0
alpha_out=0
time_action0=stop,-0.59,0.86,-29.77,0,1.55,0,ty_bukuai_guard,7,true,,,,0,1.00,
time_action1=stop,-0.44,0.86,-29.79,0,0.03,0,stand,2.8,true,,,,0
time_action2=stop,-0.44,0.86,-29.79,0,0.03,0,b_stand_4,11,true,,,,0,1.00,
size_x=100
size_y=100
size_z=100

[scenario_camera]
pathtype=2
angletype=4
modetype=3
enter_time=0
time_action0=20,3,0,1.442261,3.092407,-3.309723,-0.020453,3.160351,0,1.442261,3.092407,-3.309723,-0.020453,3.160351,0,
time_action1=20,0.5,0,1.442261,3.092407,-3.309723,-0.020453,3.160351,0,1.094421,3.144691,-25.941803,0.252593,3.221715,0,
time_action2=20,2,0,1.094421,3.144691,-25.941803,0.252593,3.221715,0,1.094421,3.144691,-25.941803,0.252593,3.221715,0,
time_action3=20,0.5,0,1.094421,3.144691,-25.941803,0.252593,3.221715,0,1.442261,3.092407,-3.309723,-0.020453,3.160351,0,
time_action4=20,1,0,1.442261,3.092407,-3.309723,-0.020453,3.160351,0,1.442261,3.092407,-3.309723,-0.020453,3.160351,0,
time_action5=20,3,0,-0.908875,2.154213,-5.320862,0.191237,0.681446,0,-0.908875,2.154213,-5.320862,0.191237,0.681446,0,
time_action6=20,10.5,0,-0.485291,2.586483,-28.782898,0.200442,3.096533,0,-0.52002,2.595741,-27.127777,0.280209,3.148086,0,

[fade_section]
time_action0=0,1.0,0
time_action1=7.,1.0,0
time_action2=19.5,1.0,1
time_action3=20.5,1.0,2

[movie_talk_id]
r0=8,movie_527_1,2,
r1=11,movie_527_2,2,

[team_member0]
resource=player
movetype=0
pathtype=2
base_angle_y=0.0
enter_time=0
alpha_in=0
alpha_out=0
time_action0=stop,-0.20,0.45,-4.24,-0.00,-3.06,0.00,logoin_stand_2,6,true,,,,0,1.00,
time_action1=stop,-0.20,0.45,-4.24,-0.00,-3.06,0.00,offact321,4,true,,,,0,1.00,
size_x=100
size_y=100
size_z=100

[team_member1]
resource=player
movetype=0
pathtype=2
base_angle_y=0.0
enter_time=0
alpha_in=0
alpha_out=0
time_action0=stop,1.45,0.45,-3.58,-0.00,-3.06,0.00,stand,6,true,,,,0,1.00,
time_action1=stop,1.45,0.45,-3.58,-0.00,-3.06,0.00,logoin_stand_2,4,true,,,,0,1.00,
size_x=100
size_y=100
size_z=100

[team_member2]
resource=player
movetype=0
pathtype=2
base_angle_y=0.0
enter_time=0
alpha_in=0
alpha_out=0
time_action0=stop,0.69,0.45,-1.71,0,-3.05,0,logoin_stand_2,6,true,,,,0,1.00
time_action1=stop,0.69,0.45,-1.71,0,-3.05,0,logoin_stand_2,4,true,,,,0,1.00,
size_x=100
size_y=100
size_z=100

[screen_section]
time_action0=3,0.5,3,0.0,0.0
time_action1=5.5,0.5,3,0.0,0.0

