[system]
esc_key=1
enternpc=FunnpcClone007005[dz]@894 15 -345
gutname=zuzhen
taskname=movie_clone005_528.ini
info=
teamtype=1
refertype=2
music=clone003_fight
hide_weapon=1
show_all_npc=0
wait_terrain=1

[team_member0]
resource=player
movetype=0
pathtype=2
base_angle_y=0.0
enter_time=0
alpha_in=0
alpha_out=0
time_action0=stop,-2.83,-0.13,-6.04,0,1.75,0,tl_sl_01_state,36,true,,,,0,1.00

[team_member1]
resource=player
movetype=0
pathtype=2
base_angle_y=0.0
enter_time=0
alpha_in=0
alpha_out=0
time_action0=stop,-1.11,-0.02,-3.46,0,2.67,0,tl_sl_01_state,36,true,,,,0,1.00

[team_member2]
resource=player
movetype=0
pathtype=2
base_angle_y=0.0
enter_time=0
alpha_in=0
alpha_out=0
time_action0=stop,2.94,-0.13,-4.46,0,-2.36,0,tl_jz_01_state,36,true,,,,0,1.00

[scenario_camera]
pathtype=2
angletype=4
modetype=3
enter_time=0
time_action0=20,2,0,7.085022,2.588707,-6.519775,0.282745,4.792526,0,7.085022,2.588707,-6.519775,0.282745,4.792526,0,
time_action1=20,2,0,7.085022,2.588707,-6.519775,0.282745,4.792526,0,7.085022,2.588707,-6.519775,0.089463,5.887175,0,
time_action2=17,5,0,7.085022,2.588707,-6.519775,0.089463,5.887175,0,7.085022,2.588707,-6.519775,0.101735,5.45521,0,zuzhen
time_action3=20,3,0,-0.163452,1.818924,-0.603058,0.123083,5.980445,0,-0.163452,1.818924,-0.603058,0.123083,5.980445,0,
time_action4=20,0.5,0,-0.276123,1.5464,-0.214478,0.102267,-0.265947,0,0.435669,1.636791,-5.19928,0.169758,3.192254,0,
time_action5=20,1,0,0.435669,1.636791,-5.19928,0.169758,3.192254,0,0.435669,1.636791,-5.19928,0.169758,3.192254,0,
time_action6=20,11.5,0,0.435669,1.636791,-5.19928,0.169758,3.192254,0,0.404968,1.616661,-3.86319,0.23419,3.128854,0,
time_action7=20,11,0,-0.107361,1.597651,-2.280853,0.24646,6.149775,0,-0.277893,1.59553,-0.662384,0.049452,6.058988,0,

[fade_section]
time_action0=0,1.0,0
time_action1=9,1.0,0
time_action2=35,1.0,1

[movie_talk_id]
r0=4,movie_528_1,0,
r1=10.5,movie_528_2,1,
r2=13.5,movie_528_3,0,
r3=25.5,movie_528_4,0,

[fengren]
resource=npc\fbboss00096
movetype=0
pathtype=2
base_angle_y=0.0
enter_time=0
alpha_in=0
alpha_out=0
time_action0=stop,0.37,-0.02,-6.64,0,0.07,0,lst_stand_5,5,true,,,,0
time_action1=stop,0.37,-0.02,-6.64,0,0.07,0,stand,4,true,,,,0,1.00
time_action2=hide,0,0,0,0,3,
time_action3=stop,0.37,-0.02,-6.64,0,0.07,0,b_stand_4,14,true,,,,0,1.00

[qk]
resource=npc\fbboss00097
movetype=0
pathtype=2
base_angle_y=0.0
enter_time=0
alpha_in=0
alpha_out=0
time_action0=stop,0.98,-0.13,-8.13,0,0.58,0,b_fi_stand_1,5,true,,,,0
time_action1=stop,0.98,-0.13,-8.13,0,0.58,0,stand,3,true,,,,0

[zuzhen]
resource=npc\fbboss00098
movetype=0
pathtype=2
base_angle_y=0.0
enter_time=0
alpha_in=1
alpha_out=0
time_action0=stop,-4.15,-0.56,22.73,0,2.98,0,stand,3,true,,,,0,1.00
time_action1=moveto,-0.5,-0.13,0.85,b_fi_run1_1,6,true,,,,0,1.00,0
time_action2=stop,-0.51,-0.08,0.79,0,2.98,0,lst_stand_5,6.5,true,,,,0
time_action3=stop,-0.51,-0.08,0.79,0,2.98,0,b_fi_stand_1,20.5,true,,,,0

[screen_section]
time_action0=12.,0.5,3,0.0,0.0

