[system]
enternpc=FunnpcClone007005[dz]@381 145 -240
gutname=murenjue
taskname=movie_clone005_531.ini
info=
teamtype=0
refertype=2
esc_key=1
music=clone009_fight
show_all_npc=0
hide_weapon=0
wait_terrain=1

[player]
resource=player
movetype=0
pathtype=2
base_angle_y=0.0
enter_time=0
alpha_in=0
alpha_out=0
time_action0=stop,-0.34,0.23,7.91,-0.00,2.79,0.00,stand,5,true,,,,0

[fade_section]
time_action0=0,1.0,0
time_action1=5,1.0,0
time_action2=9,1.0,0
time_action3=13,1.0,0
time_action4=18,1.0,1
time_action5=19,1.0,0
time_action6=33,1.0,1
time_action7=34,1.0,2

[movie_talk_id]
r0=1,movie_531_1,2,
r1=19,movie_531_2,2,

[scenario_camera]
pathtype=2
angletype=4
modetype=3
enter_time=0
time_action0=20,5,0,2.673676,3.32106,-10.304062,0.315782,2.162633,0,0.249878,3.32106,-12.967056,0.067945,2.420068,0,
time_action1=20,4,0,47.568146,4.093369,-18.998322,-0.049496,1.610674,0,47.790222,4.103302,-21.398468,-0.098365,1.691395,0,
time_action2=20,4,0,29.007141,4.823135,-4.973755,0.002864,0.00497,0,31.56723,4.823135,-4.986481,0.009845,0.068238,0,
time_action3=20,6,0,38.457306,3.807404,-21.250732,0.228051,1.492586,0,43.273621,2.971039,-21.160278,0.264867,1.563765,0,
time_action4=36,15,0,0.53595,5.920227,-1.397873,0.062383,2.511154,0,15.979645,6.091843,-52.332489,0.117606,-0.002117,0,
time_action4_ctrl1=-4.998596,5.602661,-24.400726
time_action4_ctrl2=0.036987,6.054871,-46.489075

[jue]
resource=npc\fbboss00083
movetype=0
pathtype=2
base_angle_y=0.0
enter_time=13
alpha_in=0
alpha_out=0
time_action0=stop,47.54,0.18,-21.31,0,-1.6,0,stand,6,true,,,,0

