[system]
esc_key=1
enternpc=FunnpcClone007005[dz]@570 10 -116
gutname=zuzheng
taskname=movie_clone005_532.ini
info=
teamtype=0
refertype=2
music=clone004
hide_weapon=0
show_all_npc=0
wait_terrain=1
show_head_to_chat=0
recover_camera=0

[scenario_camera]
pathtype=2
angletype=4
modetype=3
time_action0=20,0.5,0,2.51416,1.983693,7.855103,0.117414,6.054302,0,2.51416,1.983693,7.855103,0.117414,6.054302,0,
time_action1=20,13,0,2.51416,1.983693,7.855103,0.117414,6.054302,0,1.593811,2.258395,-3.237549,0.291538,-0.611857,0,
time_action2=20,12,0,1.593811,2.258395,-3.237549,0.291538,-0.611857,0,-0.947021,1.480998,-0.973343,-0.144807,1.084656,0,

[fade_section]
time_action0=0,0.5,2
time_action1=0.5,0.5,0
time_action2=24.5,1.0,1
time_action3=25.5,1.0,2

[movie_talk_id]
r0=2,movie_532_1,2,
r1=14,movie_532_2,2,
r2=23.5,movie_532_3,2,

[zushen]
resource=npc\fbboss00091
movetype=0
pathtype=2
base_angle_y=0.0
enter_time=0
alpha_in=0
alpha_out=0
time_action0=stop,2.21,0.28,9.39,-0.00,-2.93,0.00,stand,0.5,true,,,effect_npcitem318|fbboss00091_H_objR_01|100|1,0,1.00,
time_action1=moveto,0.37,0.37,-0.50,ds_walk1_1,12.4,true,,,,1,1.00,0,
time_action2=stop,0.37,0.37,-0.5,0,-2.97,0,h_stand_3,10,true,,,,0,1.00,
time_action3=stop,0.37,0.37,-0.50,-0.00,-2.97,0.00,b_fi_stand_1,3,true,,,,0,1.00,
size_x=100
size_y=100
size_z=100

[music_section0]
name=clone017_fear1
trigger_time=0
keep_time=25
fade_in_time=0
fade_out_time=25
loop=1
start_time=0

