[MainInfo]
FrameTime=0.033333
RulerStart=0.000000
RulerEnd=160.000000
CameraX=-143.115509
CameraY=94.910927
CameraZ=72.213295
CameraRX=0.187978
CameraRY=0.915605
CameraRZ=0.000000
CaptureAngleX=0.000000
CaptureAngleY=0.000000
CaptureAngleZ=0.000000
CapturePosX=0.000000
CapturePosY=0.000000
CapturePosZ=0.000000
CanBreak=1
ShowPlayer=0
ShowNpc=0
ShowWeapon=0
Player=npc_2

[npc_1]
WorldType=objects
ObjectType=Actor
Name=F62C8094EFF843B0898C3FD200A344DB
VisualType=Actor
PositionX=-140.317581
PositionY=93.098297
PositionZ=73.100784
AngleX=-0.000000
AngleY=0.205000
AngleZ=0.000000
ScaleX=0.999998
ScaleY=1.000000
ScaleZ=0.999998
VisualConfig=ini\npc\worldnpc1611.ini
Path=npc_1.xml

[npc_3]
WorldType=objects
ObjectType=Actor
Name=1A9F53C39F8748568224425FEEF73025
VisualType=Actor
PositionX=-141.709427
PositionY=93.098297
PositionZ=74.585075
AngleX=-0.000000
AngleY=2.545002
AngleZ=0.000000
ScaleX=0.999959
ScaleY=1.000000
ScaleZ=0.999959
VisualConfig=ini\npc\worldnpc544.ini
Path=npc_3.xml

[npc_4]
WorldType=objects
ObjectType=Actor
Name=E9DDC31021524FEE9119117722AB81B7
VisualType=Actor
PositionX=-138.944580
PositionY=93.098297
PositionZ=74.915054
AngleX=-0.000000
AngleY=-2.863187
AngleZ=0.000000
ScaleX=0.999962
ScaleY=1.000000
ScaleZ=0.999962
VisualConfig=ini\npc\worldnpc544.ini
Path=npc_4.xml

[npc_5]
WorldType=objects
ObjectType=Actor
Name=CA454C54F6E04288A914CFE1630BF5F9
VisualType=Actor
PositionX=-138.881439
PositionY=93.098297
PositionZ=76.286278
AngleX=-0.000000
AngleY=-2.599996
AngleZ=0.000000
ScaleX=0.999985
ScaleY=1.000000
ScaleZ=0.999985
VisualConfig=ini\npc\worldnpc544.ini
Path=npc_5.xml

[npc_6]
WorldType=objects
ObjectType=Actor
Name=C73068CF209045D7897D383DA53CA660
VisualType=Actor
PositionX=-141.741119
PositionY=93.098297
PositionZ=75.829971
AngleX=-0.000000
AngleY=2.500379
AngleZ=0.000000
ScaleX=0.999941
ScaleY=1.000000
ScaleZ=0.999941
VisualConfig=ini\npc\worldnpc544.ini
Path=npc_6.xml

[camera_1]
WorldType=objects
ObjectType=camera
Name=60EA3092EED14B8F80674AFC5E1FFCB8
VisualType=CameraWrapper
PositionX=-143.416397
PositionY=95.600693
PositionZ=82.209320
AngleX=0.193796
AngleY=2.666389
AngleZ=-0.000000
ScaleX=1.000000
ScaleY=0.999999
ScaleZ=0.999999
VisualConfig=mdl\camera\camera01\camera.xmod
CameraType=free
Fovx=1.326379
Path=camera_1.xml

[camera_2]
WorldType=objects
ObjectType=camera
Name=8463FD07947243549803B565321EE8D7
VisualType=CameraWrapper
PositionX=-143.115509
PositionY=94.910927
PositionZ=72.213295
AngleX=0.187978
AngleY=0.915605
AngleZ=0.000000
ScaleX=1.000000
ScaleY=1.000000
ScaleZ=1.000000
VisualConfig=mdl\camera\camera01\camera.xmod
CameraType=free
Fovx=1.326379
Path=camera_2.xml

[custom]
WorldType=global
ObjectType=custom
Name=
VisualType=
Path=custom.xml

[object_hsi]
WorldType=global
ObjectType=ppfilter_hsi
Name=
VisualType=
Path=object_hsi.xml

[school20_mingjiao]
WorldType=music
ObjectType=Music
Name=AA29A8F5ADD24D1CA58DDDE99105E05E
VisualType=Music
MusicConfig=mus\school20_mingjiao.ogg
MusicType=npc
Path=school20_mingjiao.xml

