[system]
esc_key=1
enternpc=3545[WJ]@1490.000 23.184 128.838
gutname=movie_qyby_3545
taskname=movie_qyby_3545.ini
info=
teamtype=0
refertype=2
show_all_npc=0
wait_terrain=1
show_head_to_chat=0
recover_camera=0

[scenario_camera]
pathtype=2
angletype=4
modetype=3
time_action0=20,2,0,-0.791382,0.44149,3.14433,-0.142114,3.083712,0,-0.791382,0.44149,3.14433,-0.142114,3.083712,0,
is_offset_angle=0
offset_angle_y=0.0
time_action1=20,2,0,-4.04126,0.880596,19.91937,-0.152586,6.570009,0,-4.04126,0.880596,19.91937,-0.152586,6.570009,0,
time_action2=20,0.5,0,-0.639893,1.096653,0.985776,-0.197472,3.015,0,-0.639893,1.096653,0.985776,-0.197472,3.015,0,
time_action3=20,0.5,0,-4.036499,1.197376,20.834852,-0.075299,6.385666,0,-4.036499,1.197376,20.834852,-0.075299,6.385666,0,
time_action4=20,2,0,13.139282,7.799345,14.904294,0.245842,4.559616,0,2.947998,5.791306,13.526792,0.092253,4.581432,0,
time_action5=20,1.8,0,2.947998,5.791306,13.526792,0.092253,4.581432,0,2.947998,5.791306,13.526792,0.092253,4.581432,0,
time_action6=20,1,0,-4.775513,3.103912,21.595502,0.612667,0.515815,0,-4.775513,3.103912,21.595502,0.612667,0.515815,0,
time_action7=20,7,0,-0.489258,4.454126,12.616849,0.666727,4.008657,0,-0.489258,4.454126,12.616849,0.666727,4.008657,0,

[player]
resource=player
movetype=0
pathtype=2
base_angle_y=0.0
enter_time=0
alpha_in=0
alpha_out=0
size_x=100
size_y=100
size_z=100
show_name=0
name=
time_action0=stop,-2.51,0,21.22,0,-0.8,0,stand,16.8,true,,,,0,1.00,

[mowuqing]
resource=npc\qynpc00006
movetype=0
pathtype=2
base_angle_y=0.0
enter_time=0
alpha_in=0
alpha_out=0
show_name=0
name=
size_x=100
size_y=100
size_z=100
time_action0=stop,-4.12,0,22.3,0,3.02,0,stand,4.5,true,,,,0,1.00,
time_action1=moveto,-3.68,4.56,14.6,qg_fastruning_s,1.3,true,,,,1,1.00,1,,0,0,3.14,0
time_action2=moveto,-3.68,5.14,12.62,CS_jh_kxtd_07,1.7,true,,,,1,0.22,1,,0,0,3.09,0
time_action3=moveto,-3.3,0.91,25.22,b_hurtout2_1,2,true,,,,1,1.00,1,,0,0,-1.7,0
time_action4=moveto,-2.77,0,24.33,dk_diedown1_1,0.7,true,,,,1,1.00,1,,0,0,0,0
time_action5=stop,-2.58,0.00,22.72,-0.00,3.02,0.00,b_hurtdownloop_1,4,true,,,,1,1.00,

[qingpi]
resource=npc\worldnpc1605
movetype=0
pathtype=2
base_angle_y=0.0
enter_time=0
alpha_in=0
alpha_out=0
show_name=0
name=
size_x=120
size_y=120
size_z=120
time_action0=stop,0.01,0,0.06,0,-0.09,0,stand,0.1,true,,,effect_npcitem358|Model::handR_01|9|,0,1.00,
time_action1=stop,-0.43,0,-0.37,0,-0.09,0,stand,3.9,true,,,effect_npcitem358a|Model::handL_01|9|,0,1.00,
time_action2=moveto,-3.62,4.6,9.5,qg_fastruning_s_0h_01,1.5,true,,,,1,1.00,1,,0,0,-0.08,0
time_action3=moveto,-3.62,5.11,11.77,dyshd_01,2,true,,,,1,0.36,1,,0,0,0,0
time_action4=moveto,-4.82,4.5,6.21,be_ynjf_clasp_droploop_01,1.0,true,,,,1,1.00,1,,0,0.65,-0.07,0
time_action5=moveto,-5.73,0,7.06,da_diedown1_1,0.4,true,,,,1,1.00,1,,0,0,0.03,0
time_action6=stop,-5.73,0,7.06,0,-0.09,0,be_hit_clasp_dropdownloop_02,3,true,,,,1,1.00,
time_action7=stop,-5.73,0,7.06,0,-0.09,0,be_hit_clasp_dropup_02,1,true,,,,1,1.00,
time_action8=stop,-5.73,0,7.06,0,-0.09,0,b_parry_hitdownloop_1,3.9,true,,,,1,1.00,

[chuizi01]
resource=npc\npcitem358
movetype=0
pathtype=2
base_angle_y=0.0
enter_time=0
alpha_in=0
alpha_out=0
show_name=0
name=
size_x=100
size_y=100
size_z=100
time_action0=stop,-4.75,0.00,8.80,0.00,-0.07,0.00,stand,0.1,true,,,,0,1.00,
time_action1=hide,0,0,0,0,8.7,
time_action2=stop,-4.74,0.06,8.85,-0.12,-0.15,0,stand,8,true,,,,1,1.00,

[chuizi02]
resource=npc\npcitem358
movetype=0
pathtype=2
base_angle_y=0.0
enter_time=0
alpha_in=0
alpha_out=0
show_name=0
name=
size_x=100
size_y=100
size_z=100
time_action0=stop,-6.67,0.00,9.30,-0.00,1.69,0.00,stand,0.1,true,,,,0,1.00,
time_action1=hide,0,0,0,0,8.7,
time_action2=stop,-6.87,0.14,9.32,-0.27,1.61,0,stand,8,true,,,,1,1.00,

[fade_section]
time_action0=14.8,2,1

[movie_talk_id]
r0=1,movie_3545_1,2,
r1=3,movie_3545_2,2,
r2=5, ,2,

