[system]
esc_key=1
enternpc=3546[WJ]@1515.813 23.442 155.059
gutname=movie_qyby_3546
taskname=movie_qyby_3546.ini
info=
teamtype=0
refertype=2
show_all_npc=0
wait_terrain=1
show_head_to_chat=0
recover_camera=0
hide_weapon=1

[scenario_camera]
pathtype=2
angletype=4
modetype=3
time_action0=20,3.8,0,-10.399914,8.797838,-4.605326,0.731522,1.077688,0,-10.399914,8.797838,-4.605326,0.731522,1.077688,0,
is_offset_angle=0
offset_angle_y=0.0
time_action1=20,6.2,0,35.095936,11.011423,3.386465,0.891772,1.455127,0,35.095936,11.011423,3.386465,0.891772,1.455127,0,
time_action2=20,1.9,0,48.944568,18.839445,13.239813,1.249942,2.932118,0,48.944568,18.839445,13.239813,1.249942,2.932118,0,

[lingfeng]
resource=npc\worldnpc1318
movetype=0
pathtype=2
base_angle_y=0.0
enter_time=0
alpha_in=0
alpha_out=0
show_name=0
name=
size_x=100
size_y=100
size_z=100
time_action0=stop,-2.56,0,1.51,0,1.95,0,s_diedownloop1_1,10,true,,,,0,1.00,

[player]
resource=player
movetype=0
pathtype=2
base_angle_y=0.0
enter_time=0
alpha_in=0
alpha_out=0
size_x=100
size_y=100
size_z=100
show_name=0
name=
time_action0=stop,2.26,-0.00,-4.14,0.00,-0.49,0.00,stand,0.1,true,,,,0,1.00,
time_action1=moveto,0.16,-0.00,-0.89,walk,3.5,true,,,,1,1.00,0,,1,0.00,-0.43,0.00
time_action2=stop,0.16,0,-0.89,0,-0.43,0,stand,0.2,true,,,,0,1.00,
time_action3=stop,37.72,-0.25,4.77,-0.00,1.41,0.00,stand,0.1,true,,,,0,1.00,
time_action4=stop,37.72,-0.25,4.77,-0.00,1.41,0.00,stand,0.1,true,,,,0,1.00,
time_action5=moveto,44.62,0.28,6.10,grd_7h_walk,6,true,,,effect_npcitem960|main_model::handR_01|12|,0,1.00,0,,1,-0.00,1.41,0.00

[chuizi]
resource=npc\npcitem960
movetype=0
pathtype=2
base_angle_y=0.0
enter_time=0
alpha_in=0
alpha_out=0
show_name=0
name=
size_x=100
size_y=100
size_z=100
time_action0=stop,-0.11,0.11,0.27,-0.05,1.17,0,stand,6,true,,,,1,1.00,

[fade_section]
time_action0=1.9,2,1
time_action1=10.9,1.0,1

[texiao]
resource=npc\fbmac004012
movetype=0
pathtype=2
base_angle_y=0.0
enter_time=9.9
alpha_in=0
alpha_out=0
show_name=0
name=
size_x=100
size_y=100
size_z=100
time_action0=stop,46.48,0.28,5.83,0.00,-1.71,0.00,stand,2,true,,,effect_brokenitem082|Model::Point01|2.0|1.0,0,1.00,

[men]
resource=npc\itemnpc1507
movetype=0
pathtype=2
base_angle_y=0.0
enter_time=0
alpha_in=0
alpha_out=0
show_name=0
name=
size_x=100
size_y=100
size_z=100
time_action0=stop,46.28,0.28,5.78,0,1.46,0,stand,10,true,,,,0,1.00,

