[system]
esc_key=1
enternpc=3547[WJ]@1443.243 23.315 139.505
gutname=movie_qyby_3547
taskname=movie_qyby_3547.ini
info=
teamtype=0
refertype=2
show_all_npc=1
wait_terrain=1
show_head_to_chat=0
recover_camera=0

[scenario_camera]
pathtype=2
angletype=4
modetype=3
time_action0=20,8,0,8.169354,47.269457,7.50382,1.244328,2.946034,0,5.834759,92.347468,20.454076,1.317632,2.980942,0,
is_offset_angle=0
offset_angle_y=0.0

[npc]
resource=npc\fbmac004012
movetype=0
pathtype=2
base_angle_y=0.0
enter_time=0
alpha_in=0
alpha_out=0
show_name=0
name=
size_x=100
size_y=100
size_z=100
time_action0=stop,0,0,0,0,0,0,stand,8,true,,,,0,1.00,

[fade_section]
time_action0=5.9,2.1,1

[screen_section]
time_action0=0,0.1,2,0.0,0.0
time_action1=0.1,7.9,4,0.0,0.0

