[ppvolumelighting]
ppvolumelightingEnable=true
SunColor=255, 244,189,161
SunRadius=0.000000
SunLevel=5.000000
SunShineRadius=5.000000
SunShineUp=0.056000
SampleBias=0.116000
SampleDistance=1.811800

