[MainInfo]
FrameTime=0.033333
RulerStart=0.000000
RulerEnd=390.000000
CameraX=1144.281006
CameraY=86.076714
CameraZ=410.359192
CameraRX=-0.033100
CameraRY=0.435519
CameraRZ=-0.000000
CaptureAngleX=0.000000
CaptureAngleY=0.000000
CaptureAngleZ=0.000000
CapturePosX=0.000000
CapturePosY=0.000000
CapturePosZ=0.000000
CanBreak=0
ShowPlayer=0
ShowNpc=0
ShowWeapon=0
Player=

[npc_1]
WorldType=objects
ObjectType=Actor
Name=27A3B367637148ECA92E1B53EC0B54AA
VisualType=Actor
PositionX=1145.959961
PositionY=84.777344
PositionZ=408.733917
AngleX=-0.000000
AngleY=0.000000
AngleZ=0.000000
ScaleX=1.000000
ScaleY=1.000000
ScaleZ=1.000000
VisualConfig=ini\npc\worldnpc1117.ini
Path=npc_1.xml

[npc_2]
WorldType=objects
ObjectType=Actor
Name=0318BFD9894D4E83BF81FF74CD5E8EF9
VisualType=Actor
PositionX=1146.393066
PositionY=84.777344
PositionZ=412.015625
AngleX=-0.000000
AngleY=-2.898191
AngleZ=0.000000
ScaleX=0.999808
ScaleY=1.000000
ScaleZ=0.999808
VisualConfig=ini\npc\monster196.ini
Path=npc_2.xml

[npc_3]
WorldType=objects
ObjectType=Actor
Name=78EC24F91604431C8F6601288ABEF3E4
VisualType=Actor
PositionX=1144.964478
PositionY=84.777344
PositionZ=411.857880
AngleX=-0.000000
AngleY=2.639988
AngleZ=0.000000
ScaleX=0.999730
ScaleY=1.000000
ScaleZ=0.999730
VisualConfig=ini\npc\b_banlvxinmo01.ini
Path=npc_3.xml

[camera_1]
WorldType=objects
ObjectType=camera
Name=AE7244A1A15D4353A5A00AB99BCA0977
VisualType=CameraWrapper
PositionX=1151.565552
PositionY=86.355843
PositionZ=409.693359
AngleX=0.057075
AngleY=-1.482162
AngleZ=0.000000
ScaleX=0.999992
ScaleY=0.999983
ScaleZ=0.999965
VisualConfig=mdl\camera\camera01\camera.xmod
CameraType=free
Fovx=1.442724
Path=camera_1.xml

[camera_2]
WorldType=objects
ObjectType=camera
Name=41B1C265203949718456140720F5994E
VisualType=CameraWrapper
PositionX=1144.281006
PositionY=86.076714
PositionZ=410.359192
AngleX=-0.033100
AngleY=0.435519
AngleZ=-0.000000
ScaleX=1.000000
ScaleY=1.000000
ScaleZ=1.000000
VisualConfig=mdl\camera\camera01\camera.xmod
CameraType=free
Fovx=1.442724
Path=camera_2.xml

[custom]
WorldType=global
ObjectType=custom
Name=
VisualType=
Path=custom.xml

[camera_3]
WorldType=objects
ObjectType=camera
Name=C92779513E7246B0A8D71253FEBB7D63
VisualType=CameraWrapper
PositionX=1146.369263
PositionY=86.234421
PositionZ=410.262360
AngleX=-0.172727
AngleY=-2.701165
AngleZ=-0.000000
ScaleX=1.000000
ScaleY=1.000000
ScaleZ=1.000000
VisualConfig=mdl\camera\camera01\camera.xmod
CameraType=free
Fovx=1.442724
Path=camera_3.xml

[camera_4]
WorldType=objects
ObjectType=camera
Name=1C3DD373E20E4AC2BE0190FF3B0A98E6
VisualType=CameraWrapper
PositionX=1144.848755
PositionY=86.345955
PositionZ=411.215576
AngleX=0.019260
AngleY=0.914939
AngleZ=0.000000
ScaleX=0.999999
ScaleY=0.999839
ScaleZ=0.999842
VisualConfig=mdl\camera\camera01\camera.xmod
CameraType=free
Fovx=1.442724
Path=camera_4.xml

[camera_5]
WorldType=objects
ObjectType=camera
Name=F54BBB9C9B244944A4DF9B594FC8BA9C
VisualType=CameraWrapper
PositionX=1146.369263
PositionY=86.234421
PositionZ=410.262360
AngleX=-0.172727
AngleY=-2.701165
AngleZ=-0.000000
ScaleX=1.000000
ScaleY=1.000000
ScaleZ=1.000000
VisualConfig=mdl\camera\camera01\camera.xmod
CameraType=free
Fovx=1.442724
Path=camera_5.xml

[object_hsi]
WorldType=global
ObjectType=ppfilter_hsi
Name=
VisualType=
Path=object_hsi.xml

