[skin_effect]
SkinEffectEnable=false
SSSLevel=31.500000
Correction=800.000000
MaxDD=0.001000
Variance1=0.051600
Variance2=0.271900
Variance3=2.006200

