[ppvolumelighting]
ppvolumelightingEnable=true
SunColor=255, 219,106,69
SunRadius=0.100000
SunLevel=10.000000
SunShineRadius=10.000000
SunShineUp=0.551000
SampleBias=0.026000
SampleDistance=1.835800

