[system]
enternpc=
gutname=20512gumuheiyiren
taskname=20512gumuheiyiren.ini
info=
teamtype=0
refertype=0
show_all_npc=0
wait_terrain=1
show_head_to_chat=0
recover_camera=1

[scenario_camera]
pathtype=2
angletype=4
modetype=3
time_action0=17,3,0,1218.61,-13.36,1629.37,0.27,0.19,0.00,1219.72,-14.62,1635.20,0.23,0.19,0.00,player
is_offset_angle=0
offset_angle_y=0.0
time_action1=20,4,0,1219.719971,-14.62,1635.199951,0.23,0.19,0,1227.829956,-16.469999,1647.390015,0.05,-0.8,0,
time_action2=20,9,0,1227.829956,-16.469999,1647.390015,0.05,-0.8,0,1226.27,-15.85,1652.90,0.07,-1.31,0.00,
time_action3=17,6,0,1222.27,-15.93,1640.12,0.10,4.21,0.00,1222.27,-15.93,1640.12,0.10,4.21,0.00,player

[player]
resource=player
movetype=0
pathtype=2
base_angle_y=0.0
enter_time=0
alpha_in=0
alpha_out=0
size_x=100
size_y=100
size_z=100
show_name=0
name=
time_action0=stop,1220.02,-16.69,1638.35,0,0.1,0,interact081,16.0,false,,,,0,1.00,
time_action1=stop,1220.02,-16.69,1638.35,0,0.1,0,interact082,6.0,false,,,,0,1.00,

[fade_section]
time_action0=0,1.0,0
time_action1=21,1.0,1

[movie_talk_id]
r0=7,movie_9633_1,0,
r1=16,movie_9633_2,0,

[heiyiren]
resource=npc\fbboss00124
movetype=0
pathtype=2
base_angle_y=0.0
enter_time=0
alpha_in=0
alpha_out=0
show_name=0
name=
size_x=100
size_y=100
size_z=100
time_action0=stop,1220.67,-16.85,1654.33,0,1.81,0,ty_bukuai_guard,22.0,true,,,,0,1.00,

[heiyiren1]
resource=npc\fbboss00124
movetype=0
pathtype=2
base_angle_y=0.0
enter_time=0
alpha_in=0
alpha_out=0
show_name=0
name=
size_x=100
size_y=100
size_z=100
time_action0=stop,1221.84,-17.42,1654.07,0,-1.27,0,ty_crouch_loop,22.0,true,,,,0,1.00,

[heiyiren2]
resource=npc\fbboss00124
movetype=0
pathtype=2
base_angle_y=0.0
enter_time=0
alpha_in=0
alpha_out=0
show_name=0
name=
size_x=100
size_y=100
size_z=100
time_action0=stop,1222.41,-17.78,1653.08,0,-1.267197,0,ty_crouch_loop,22.0,true,,,,0,1.00,

[heiyiren3]
resource=npc\fbboss00124
movetype=0
pathtype=2
base_angle_y=0.0
enter_time=0
alpha_in=0
alpha_out=0
show_name=0
name=
size_x=100
size_y=100
size_z=100
time_action0=stop,1222.81,-17.78,1654.38,0,-1.267206,0,ty_crouch_loop,22.0,true,,,,0,1.00,

