[system]
esc_key=1
hide_weapon=1
enternpc=13dhnpc5352[dow]@516 -106 -96
gutname=5352qyheiyirentouxi
taskname=movie_qycity01_5352.ini
info=
teamtype=0
refertype=2
show_all_npc=0
wait_terrain=1
music=FBdonghua04_jiliezhengchao

[heiyiren]
resource=npc\monster171
movetype=0
pathtype=2
base_angle_y=0.0
enter_time=6
alpha_in=0
alpha_out=0
time_action0=stop,-0.76,-0.28,0.36,0,1.86,0,stand,1.0,true,,,,0,1.00,
time_action1=moveto,3.12,-0.28,-0.37,walk,3,true,,,,0,1.00,1,
time_action2=stop,3.12,-0.28,-0.37,0.00,1.86,0.00,b_stand_4,4,true,,,,0,1.00,
time_action3=stop,2.58,-0.28,-0.32,0,1.86,0,b_atk1_1,2,true,,,,0,0.36,
time_action4=stop,2.58,-0.28,-0.32,0,1.86,0,b_stand_4,5,true,,,,0,1.00,
time_action5=stop,2.58,-0.28,-0.32,0.00,4.89,0.00,walk,0.5,true,,,,0,1.00,
time_action6=moveto,-7.96,-0.28,1.54,walk,6,true,,,,0,1.00,0,

[daoju]
resource=npc\fbmac004012
movetype=0
pathtype=2
base_angle_y=0.0
enter_time=24
alpha_in=0
alpha_out=0
time_action0=stop,2.59,-0.8,-0.55,0,-14.01,0,stand,2,true,,,effect_light_move_283|Model::Point01|30|1.0,1,1.00,

[scenario_camera]
pathtype=2
angletype=4
modetype=3
time_action0=20,5,0,-3.333984,1.213631,-0.288956,0.132209,1.623893,0,2.207458,1.019562,-0.492134,0.426733,1.623892,0,
time_action1=20,1,0,2.207458,1.019562,-0.492134,0.426733,1.623892,0,2.207458,1.019562,-0.492134,0.426733,1.623892,0,
time_action2=20,3,0,4.349915,0.263924,-0.716949,-0.134827,4.94957,0,4.349915,0.263924,-0.716949,-0.134827,4.94957,0,
time_action3=20,3,0,4.349915,0.263924,-0.716949,-0.134827,4.94957,0,4.349915,0.263924,-0.716949,-0.609993,4.93239,0,
time_action4=20,2,0,4.349915,0.263924,-0.716949,-0.609993,4.93239,0,4.349915,0.263924,-0.716949,-0.609993,4.93239,0,
time_action5=20,1,0,3.467773,0.789154,-0.567551,-0.539307,4.969213,0,3.467773,0.789154,-0.567551,-0.539307,4.969213,0,
time_action6=20,1,0,4.662964,0.915176,-1.13501,-0.009164,-1.14217,0,4.662964,0.915176,-1.13501,-0.009164,-1.14217,0,
time_action7=20,4,0,5.040466,0.102882,0.303162,0.197005,3.269544,0,5.040466,0.102882,0.303162,0.197005,3.269544,0,
time_action8=20,2,0,3.811401,0.309296,-0.826195,-0.582504,4.932396,0,3.811401,0.309296,-0.826195,-0.582504,4.932396,0,
time_action9=20,2,0,3.811401,0.309296,-0.826195,-0.582504,4.932396,0,3.811401,0.309296,-0.826195,0.27358,4.959394,0,
time_action10=20,3,0,3.811401,0.309296,-0.826195,0.27358,4.959394,0,3.811401,0.309296,-0.826195,0.27358,4.959394,0,

[player]
resource=player
movetype=0
pathtype=2
base_angle_y=0.0
enter_time=0
alpha_in=0
alpha_out=0
time_action0=stop,3.56,-0.28,-0.55,0,1.66,0,interact173,15,true,,,,0,1.00,
time_action1=stop,3.56,-0.28,-0.55,0,1.66,0,hurt_f_2_l,1.0,true,,,,0,1.00,
time_action2=stop,3.56,-0.28,-0.55,0,1.66,0,fi_0h_diedown,2.5,true,,,,0,0.82,
time_action3=stop,3.56,-0.28,-0.55,0,1.66,0,fi_0h_diedownloop,9,true,,,,0,1.00,

[movie_talk_id]
r0=15,movie_5352_1,2,

[fade_section]
time_action0=0,2,0
time_action1=25,2,1
time_action2=27,1.0,2

[sound_section]
r0=15,fight\attack\atk_0h_18.wav

