[system]
esc_key=1
hide_weapon=1
enternpc=13dhnpc5353[hewt]@1455 109 -76
gutname=5353sharenzhuangyuJBQ
taskname=movie_qycity01_5353.ini
info=
teamtype=0
refertype=2
show_all_npc=0
wait_terrain=1
music=FBdonghua04_jiliezhengchao

[player]
resource=player
movetype=0
pathtype=2
base_angle_y=0.0
enter_time=0
alpha_in=0
alpha_out=0
time_action0=stop,1.53,-0.23,9.87,0.00,3.32,0.00,stand,1,true,,,,0,1.00,
time_action1=moveto,0.49,-0.24,-0.29,walk,9,true,,,,0,1.00,0,
time_action2=stop,0.49,-0.24,-0.29,0.00,3.26,0.00,stand,9,true,,,,0,1.00,
time_action3=stop,0.49,-0.24,-0.29,0,3.26,0,logoin_stand_2,8,true,,,,0,1.00,
time_action4=stop,0.49,-0.24,-0.29,0,3.26,0,fi_3h_stand,2,true,,,,0,1.00,

[scenario_camera]
pathtype=2
angletype=4
modetype=3
time_action0=20,1,0,3.297852,0.389397,9.634361,0.138159,4.817659,0,3.297852,0.389397,9.634361,0.138159,4.817659,0,
time_action1=20,2,0,3.297852,0.389397,9.634361,0.138159,4.817659,0,3.297852,0.389397,9.634361,0.131177,4.481684,0,
time_action2=20,6,0,0.8479,1.501472,13.131081,0.096271,3.139952,0,10.563965,1.980568,12.828075,0.117215,3.822814,0,
time_action3=20,1,0,10.563965,1.980568,12.828075,0.117215,3.822814,0,10.563965,1.980568,12.828075,0.117215,3.822814,0,
time_action4=20,2,0,2.359985,6.211884,5.861885,0.839781,3.408301,0,2.223633,6.513229,4.976601,0.780438,3.499933,0,
time_action5=20,2,0,2.223633,6.513229,4.976601,0.780438,3.499933,0,2.223633,6.513229,4.976601,0.780438,3.499933,0,
time_action6=20,3,0,-0.729736,1.246376,-1.138733,-0.032886,0.916846,0,1.448242,0.93856,-1.70816,-0.182984,-0.625588,0,
time_action7=20,2,0,1.448242,0.93856,-1.70816,-0.182984,-0.625588,0,1.448242,0.93856,-1.70816,-0.182984,-0.625588,0,
time_action8=20,4,0,-2.009033,0.159943,-5.985069,-0.113067,0.43907,0,-2.009033,0.159943,-5.985069,-0.113067,0.43907,0,
time_action9=20,3,0,-0.022705,0.800758,-3.011612,0.047503,3.515212,0,1.290161,1.253777,0.880272,0.068447,3.458488,0,
time_action10=20,1,0,1.290161,1.253777,0.880272,0.068447,3.458488,0,1.290161,1.253777,0.880272,0.068447,3.458488,0,
time_action11=20,2,0,1.964111,7.001434,5.676964,0.725212,3.395212,0,1.964111,7.001434,5.676964,0.725212,3.395212,0,

[shouwei1]
resource=npc\worldnpc553
movetype=0
pathtype=2
base_angle_y=0.0
enter_time=22
alpha_in=0
alpha_out=0
time_action0=stop,-4.17,-0.24,-8.32,0.00,0.54,0.00,da_fi_stand_1,5,true,,,,0,1.00,
time_action1=moveto,-0.14,-0.24,-1.41,h_run1_1,2,true,,,,0,1.00,0,

[shouwei2]
resource=npc\worldnpc553
movetype=0
pathtype=2
base_angle_y=0.0
enter_time=22
alpha_in=0
alpha_out=0
time_action0=stop,-6.09,-0.24,-7.51,0.00,0.75,0.00,da_fi_stand_1,5,true,,,,0,1.00,
time_action1=moveto,-0.74,-0.24,-1.45,h_run1_1,2,true,,,,0,1.00,0,

[sw3]
resource=npc\worldnpc553
movetype=0
pathtype=2
base_angle_y=0.0
enter_time=22
alpha_in=0
alpha_out=0
time_action0=stop,4.31,-0.24,-8.52,0.00,5.84,0.00,da_fi_stand_1,5,true,,,,0,1.00,
time_action1=moveto,0.89,-0.24,-1.29,h_run1_1,2,true,,,,0,1.00,0,

[JBQ]
resource=npc\worldnpc009
movetype=0
pathtype=2
base_angle_y=0.0
enter_time=18
alpha_in=0
alpha_out=0
time_action0=stop,-1.32,-0.24,-7.48,0.00,0.25,0.00,stand,1.0,true,,,,0,1.00,
time_action1=moveto,-0.41,-0.24,-3.98,h_walk1_1,4,true,,,,0,1.00,0,
time_action2=stop,-0.41,-0.24,-3.98,0,0.2,0,h_stand_4,6,true,,,,0,1.00,

[fade_section]
time_action0=0,1.0,2
time_action1=1,1.0,0
time_action2=28,1.0,1
time_action3=29,1.0,2

[movie_talk_id]
r0=18,movie_5353_1,2,
r1=23,movie_5353_2,2,

