[system]
esc_key=1
hide_weapon=1
enternpc=13dhnpc5355[hewt]@390 -106 13
gutname=5355zhaoxiaozhentaopao
taskname=movie_qycity01_5355.ini
info=
teamtype=0
refertype=2
show_all_npc=0
wait_terrain=1
music=fight3

[scenario_camera]
pathtype=2
angletype=4
modetype=3
time_action0=20,1,0,-1.427338,1.473816,3.932728,0.052907,3.745502,0,-1.427338,1.473816,3.932728,0.052907,3.745502,0,
time_action1=20,2,0,-1.427338,1.473816,3.932728,0.052907,3.745502,0,-3.152069,1.384018,0.230168,0.080832,3.800042,0,
time_action2=20,1,0,-3.152069,1.384018,0.230168,0.080832,3.800042,0,-2.287048,1.384018,-0.832556,0.115739,4.293098,0,
time_action3=20,1,0,-2.287048,1.384018,-0.832556,0.115739,4.293098,0,-2.287048,1.384018,-0.832556,0.115739,4.293098,0,
time_action4=20,1,0,-1.001984,-2.215744,-8.777179,-0.027378,5.054502,0,-1.001984,-2.215744,-8.777179,-0.027378,5.054502,0,
time_action5=20,2.5,0,-3.187073,-6.650932,-10.452644,-0.620792,3.546968,0,-3.187073,-6.650932,-10.452644,-0.620792,3.546968,0,
time_action6=20,1.5,0,-6.167877,-2.550156,-16.847743,-0.128609,3.03864,0,-6.000916,0.100159,-20.951288,-0.065777,2.960096,0,
time_action7=20,2,0,-4.77475,0.179489,-30.584236,-0.788349,0.02358,0,-4.77475,0.179489,-30.584236,-0.788349,0.02358,0,
time_action8=20,2,0,-0.677979,4.039948,-27.090723,-0.007633,3.578588,0,-0.677979,4.039948,-27.090723,-0.007633,3.578588,0,
time_action9=20,2,0,-2.108276,10.354332,-33.899765,0.024975,3.581865,0,-2.108276,10.354332,-33.899765,0.024975,3.581865,0,
time_action10=20,5,0,-3.703888,1.989594,-3.017091,-0.039085,3.179346,0,-3.661285,1.478188,2.022579,0.016766,3.155349,0,

[player]
resource=player
movetype=0
pathtype=2
base_angle_y=0.0
enter_time=0
alpha_in=0
alpha_out=0
time_action0=stop,-2.76,-0.11,2.6,0,3.6,0,stand,1,true,,,,0,1.00,
time_action1=moveto,-3.43,-0.11,1.22,CS_fight_0h_jb_08,1.0,true,,,,0,0.88,0,
time_action2=stop,-3.43,-0.11,1.22,0,0,0,fi_3h_stand,10,true,,,,0,1.00,
time_action3=stop,-4.25,-0.11,-0.55,0.00,3.14,0.00,stand,1.0,true,,,,0,1.00,
time_action4=stop,-4.25,-0.11,-0.55,0,3.14,0,stand,3,true,,,,0,1.00,
time_action5=moveto,-4.25,-0.11,-2.8,walk,3.5,true,,,,0,1.00,0,
time_action6=stop,-4.25,-0.11,-2.8,0,3.14,0,stand,1.0,true,,,,0,1.00,

[nv]
resource=npc\monster058
movetype=0
pathtype=2
base_angle_y=0.0
enter_time=0
alpha_in=0
alpha_out=0
time_action0=stop,-3.34,-0.11,1.36,0,0.42,0,stand,1.0,true,,,,0,1.00,
time_action1=moveto,-3.89,-0.11,0.12,b_jumpback03_1,1.0,true,,,,0,0.89,1,
time_action2=moveto,-4.66,-0.11,-1.66,b_jumpback03_1,1.0,true,,,,0,0.88,1,
time_action3=stop,-4.66,-0.11,-1.66,0.00,0.42,0.00,b_debuff1_1,0.5,true,,,,0,1.00,
time_action4=stop,-4.66,-0.11,-1.66,0,3.17,0,b_debuff1_1,0.5,true,,,,0,1.00,
time_action5=moveto,-4.59,-0.77,-5.37,dk_atk3_2,1.0,true,,,,1,1.00,0,
time_action6=stop,-4.59,0.17,-4.65,0,3.14,0,stand,0.1,true,,,,1,1.00,
time_action7=moveto,-4.57,-3.52,-8.01,b_atk2_2,0.9,true,,,,1,1.00,0,
time_action8=moveto,-4.57,-3.52,-23.45,ds_run1_1,3,true,,,,1,1.00,0,
time_action9=moveto,-4.57,0.32,-26.80,dk_atk3_2,1,true,,,,1,1.00,0,
time_action10=stop,-4.57,-0.04,-26.61,0,3.14,0,stand,1.0,true,,,,0,1.00,
time_action11=moveto,-4.57,3.16,-33.65,dk_atk3_2,1,true,,,,1,1.00,0,
time_action12=stop,-4.57,0.38,-33.00,0.00,3.14,0.00,stand,0.1,true,,,,0,1.00,
time_action13=moveto,-4.57,10.22,-33,dk_atk3_2,1.9,true,,,,1,0.50,0,
time_action14=stop,-3.26,8.39,-33.1,0,3.14,0,stand,1,true,,,,1,1.00,
time_action15=moveto,-3.26,8.30,-39.06,dk_atk3_2,1.0,true,,,,1,1.00,0,

[fade_section]
time_action0=0,1.0,2
time_action1=1,1.0,0
time_action2=19,1.0,1
time_action3=20,1.0,2

[sound_section]
r0=1,fight\other\fight_qg_edt_02.wav
r1=2,fight\other\fight_qg_edt_02.wav
r2=4.,fight\other\fight_qg_edt_02.wav
r3=5.,fight\other\fight_qg_edt_02.wav
r4=6.,footstep\9002_0201_l.wav
r5=7.,footstep\9002_0201_r.wav
r6=8,footstep\9002_0201_l.wav
r7=9,fight\other\fight_qg_edt_02.wav
r8=11.,fight\other\fight_qg_edt_02.wav
r9=12.6,fight\other\fight_qg_edt_02.wav
r10=15.,fight\other\fight_qg_edt_02.wav

