[system]
enternpc=
gutname=gmpdoujiu
taskname=gmpdoujiu.ini
info=
teamtype=0
refertype=0
show_all_npc=0
wait_terrain=1
show_head_to_chat=0
recover_camera=1
esc_key=0
hide_weapon=0

[scenario_camera]
pathtype=2
angletype=4
modetype=3
is_offset_angle=0
offset_angle_y=0.0
time_action0=20,1,0,445.32,-102.37,161.52,0.32,1.57,0.00,445.32,-102.37,161.52,0.32,1.57,0.00,
time_action1=20,4,0,445.23,-102.52,161.52,0.30,1.57,0.00,455.524323,-102.370026,161.516312,0.32137,1.570884,0,
time_action2=20,5,0,463.70,-104.48,161.69,0.20,4.70,0.00,463.70,-104.48,161.69,0.20,4.70,0.00,

[player]
resource=player
movetype=0
pathtype=2
base_angle_y=0.0
enter_time=0
alpha_in=0
alpha_out=0
size_x=100
size_y=100
size_z=100
show_name=0
name=
time_action0=stop,451.97,-106.13,161.71,-0.00,1.57,0.00,stand,1.0,true,,,,0,1.00,
time_action1=moveto,462.10,-106.13,161.60,walk,4.0,true,,,,0,1.00,0,,0,-0.00,1.57,0.00
time_action2=stop,462.05,-106.13,161.60,-0.00,1.57,0.00,stand,5.0,true,,,,0,1.00,

[movie_talk_id]
r0=5,movie_9611_1,0,;;;

[fade_section]
time_action0=0,1.0,0
time_action1=9,1.0,1

