[light]
UseSkyLight=false
UsePointLight=true
SaveOcclusion=true
usecolor=0
smoothUseNormals=1
smoothRadius=0.200000
blurTrace=0
blurRadius=5.000000
blurAtt=2.000000
blurCos=0.500000
blurKf=0.300000
ambient_intens=0.140000
ambient_clrR=0.721569
ambient_clrG=0.729412
ambient_clrB=1.000000
sun_light_isOn=1
sun_light_intens=0.200000
sun_light_clrR=0.847059
sun_light_clrG=0.788235
sun_light_clrB=0.745098
sun_light_cosine=0.870000
sun_light_shadow=1.000000
sun_light_bright=0.500000
sun_light_contr=1.000000
sun_light_gamma=0.000000
sky_light_isOn=1
sky_light_intens=0.020000
sky_light_clrR=0.300000
sky_light_clrG=0.500000
sky_light_clrB=1.000000
sky_light_cosine=1.000000
sky_light_shadow=0.800000
sky_light_bright=0.500000
sky_light_contr=0.500000
sky_light_gamma=0.500000

