[ppbloom]
PPBloomEnable=true
MaxBrightness=0.250000
GlowWeight=0.500000
Dither1X=0.002800
Dither1Y=0.002600
Dither2X=0.002000
Dither2Y=0.002000

