[ppfilter]
GammaEnable=false
GradualEnable=true
GradualStart=0.250000
GradualEnd=1.000000
GradualExp=1.000000
GradualColor=255,98,140,214
HSIEnable=false
AdjustBaseColor=255,237,205,151
AdjustBrightness=55.000000
AdjustContrast=5.000000
AdjustSaturation=45.000000
AngleEnable=true
AngleStart=0.400000
AngleEnd=1.000000
AngleExp=0.700000
AngleColor=255,8,8,12

