[ppvolumelighting]
ppvolumelightingEnable=true
SunColor=255, 144,144,206
SunRadius=0.000000
SunLevel=2.500000
SunShineRadius=5.000000
SunShineUp=0.250000
SampleBias=0.026000
SampleDistance=1.835800

