[MainInfo]
FrameTime=0.033333
RulerStart=0.000000
RulerEnd=240.000000
CameraX=845.746521
CameraY=-84.146950
CameraZ=-272.018524
CameraRX=-0.086747
CameraRY=-2.878568
CameraRZ=-0.000000
CaptureAngleX=0.000000
CaptureAngleY=0.000000
CaptureAngleZ=0.000000
CapturePosX=0.000000
CapturePosY=0.000000
CapturePosZ=0.000000
CanBreak=0
ShowPlayer=0
ShowNpc=0
ShowWeapon=0
Player=npc_5

[npc_1]
WorldType=objects
ObjectType=Actor
Name=9A020FD86FAE4F78BA6E61255B20ACCC
VisualType=Actor
PositionX=840.195557
PositionY=-85.184723
PositionZ=-247.767166
AngleX=-0.000000
AngleY=2.619991
AngleZ=0.000000
ScaleX=0.999974
ScaleY=1.000000
ScaleZ=0.999974
VisualConfig=ini\npc\fbboss00124.ini
Path=npc_1.xml

[npc_2]
WorldType=objects
ObjectType=Actor
Name=2526615EAC744BC189C10923F2E858EF
VisualType=Actor
PositionX=837.030212
PositionY=-85.021919
PositionZ=-251.116913
AngleX=-0.000000
AngleY=0.159988
AngleZ=0.000000
ScaleX=0.999951
ScaleY=1.000000
ScaleZ=0.999951
VisualConfig=ini\npc\fbboss00124.ini
Path=npc_2.xml

[npc_3]
WorldType=objects
ObjectType=Actor
Name=856A7F23F3C74C66A3A1B3CF18C89395
VisualType=Actor
PositionX=840.314148
PositionY=-84.750916
PositionZ=-255.756500
AngleX=-0.000000
AngleY=3.044998
AngleZ=0.000000
ScaleX=0.999981
ScaleY=1.000000
ScaleZ=0.999981
VisualConfig=ini\npc\fbboss00124.ini
Path=npc_3.xml

[npc_4]
WorldType=objects
ObjectType=Actor
Name=A9CC1ACCDE82410893986BC43FD38A84
VisualType=Actor
PositionX=842.086792
PositionY=-84.742607
PositionZ=-253.771744
AngleX=0.000000
AngleY=-1.213181
AngleZ=0.000000
ScaleX=0.999936
ScaleY=1.000000
ScaleZ=0.999936
VisualConfig=ini\npc\fbboss00124.ini
Path=npc_4.xml

[npc_5]
WorldType=objects
ObjectType=Actor
Name=E68E4AC6E24D4B158A4311A80BFBBF2D
VisualType=Actor
PositionX=845.791382
PositionY=-85.424179
PositionZ=-274.461578
AngleX=-0.000000
AngleY=3.004984
AngleZ=0.000000
ScaleX=1.089777
ScaleY=1.089997
ScaleZ=1.089777
VisualConfig=ini\npc\b_banlvxinmo02.ini
Path=npc_5.xml

[light_move_260_1]
WorldType=objects
ObjectType=EffectModel
Name=08D8F4F0E1744C43B4CE5032C76C2C7B
VisualType=EffectModel
PositionX=839.828674
PositionY=-84.996758
PositionZ=-251.633957
AngleX=0.136213
AngleY=0.000000
AngleZ=0.000000
ScaleX=1.400000
ScaleY=1.400000
ScaleZ=1.400000
EffectConfig=ini\effect\model.ini
EffectName=light_move_260
Path=light_move_260_1.xml

[camera_1]
WorldType=objects
ObjectType=camera
Name=D16BB90B5D874E0FA43D9C22573339E5
VisualType=CameraWrapper
PositionX=845.746521
PositionY=-84.146950
PositionZ=-272.018524
AngleX=-0.086747
AngleY=-2.878568
AngleZ=-0.000000
ScaleX=1.000000
ScaleY=1.000000
ScaleZ=1.000000
VisualConfig=mdl\camera\camera01\camera.xmod
CameraType=free
Fovx=1.442724
Path=camera_1.xml

[camera_2]
WorldType=objects
ObjectType=camera
Name=D9C389750F53463CB90E5488FE3183A4
VisualType=CameraWrapper
PositionX=848.186401
PositionY=-80.498817
PositionZ=-262.488281
AngleX=0.346676
AngleY=-0.751448
AngleZ=0.000000
ScaleX=1.000000
ScaleY=0.999999
ScaleZ=1.000000
VisualConfig=mdl\camera\camera01\camera.xmod
CameraType=free
Fovx=1.442724
Path=camera_2.xml

[custom]
WorldType=global
ObjectType=custom
Name=
VisualType=
Path=custom.xml

[object_hsi]
WorldType=global
ObjectType=ppfilter_hsi
Name=
VisualType=
Path=object_hsi.xml

[city01_yanjing]
WorldType=music
ObjectType=Music
Name=43BD3754C70945669BC902055EFCF92E
VisualType=Music
MusicConfig=mus\city01_yanjing.ogg
MusicType=npc
Path=city01_yanjing.xml

