[MainInfo]
FrameTime=0.033333
RulerStart=0.000000
RulerEnd=520.000000
CameraX=-185.587555
CameraY=61.108631
CameraZ=-156.702652
CameraRX=0.240379
CameraRY=2.217933
CameraRZ=-0.000000
CaptureAngleX=0.000000
CaptureAngleY=0.000000
CaptureAngleZ=0.000000
CapturePosX=0.000000
CapturePosY=0.000000
CapturePosZ=0.000000
CanBreak=1
ShowPlayer=0
ShowNpc=0
ShowWeapon=0
Player=npc_5

[npc_1]
WorldType=objects
ObjectType=Actor
Name=F1254E3E790844BBBFA4E95DC15464E4
VisualType=Actor
PositionX=-183.350769
PositionY=57.229610
PositionZ=-167.302887
AngleX=-0.000000
AngleY=0.889993
AngleZ=0.000000
ScaleX=0.999995
ScaleY=1.000000
ScaleZ=0.999995
VisualConfig=ini\npc\boss211.ini
Path=npc_1.xml

[npc_4]
WorldType=objects
ObjectType=Actor
Name=DFBB149F5BEA48AD83C36A33FFCDA241
VisualType=Actor
PositionX=-175.273865
PositionY=57.177425
PositionZ=-160.967163
AngleX=0.000000
AngleY=-1.805002
AngleZ=0.000000
ScaleX=0.999970
ScaleY=1.000000
ScaleZ=0.999970
VisualConfig=ini\npc\monster267.ini
Path=npc_4.xml

[npc_5]
WorldType=objects
ObjectType=Actor
Name=BD6EF4E442794FB9A70F1DB404742FE7
VisualType=Actor
PositionX=-172.757828
PositionY=57.177425
PositionZ=-160.634903
AngleX=0.000000
AngleY=-1.894998
AngleZ=0.000000
ScaleX=0.999984
ScaleY=1.000000
ScaleZ=0.999984
VisualConfig=ini\npc\b_banlvxinmo02.ini
Path=npc_5.xml

[camera_1]
WorldType=objects
ObjectType=camera
Name=1C8D114419B64DF39723773226C4993C
VisualType=CameraWrapper
PositionX=-185.587555
PositionY=61.108631
PositionZ=-156.702652
AngleX=0.240379
AngleY=2.217933
AngleZ=-0.000000
ScaleX=1.000000
ScaleY=1.000000
ScaleZ=1.000000
VisualConfig=mdl\camera\camera01\camera.xmod
CameraType=free
Fovx=1.932298
Path=camera_1.xml

[camera_2]
WorldType=objects
ObjectType=camera
Name=38ABE9F9D4DB4EC3BC1719BC647DB217
VisualType=CameraWrapper
PositionX=-182.531570
PositionY=58.334793
PositionZ=-166.065262
AngleX=-0.178869
AngleY=-2.738971
AngleZ=-0.000000
ScaleX=1.000000
ScaleY=1.000000
ScaleZ=1.000000
VisualConfig=mdl\camera\camera01\camera.xmod
CameraType=free
Fovx=1.932298
Path=camera_2.xml

[camera_3]
WorldType=objects
ObjectType=camera
Name=8B5A3EADFC274DB09B236C1BF7A67F71
VisualType=CameraWrapper
PositionX=-176.554611
PositionY=58.618977
PositionZ=-161.795456
AngleX=0.074204
AngleY=1.348370
AngleZ=-0.000000
ScaleX=1.000000
ScaleY=1.000000
ScaleZ=1.000000
VisualConfig=mdl\camera\camera01\camera.xmod
CameraType=free
Fovx=1.932298
Path=camera_3.xml

[camera_4]
WorldType=objects
ObjectType=camera
Name=4CD7AF887DB04260BFCD041A998C1931
VisualType=CameraWrapper
PositionX=-183.082138
PositionY=58.684052
PositionZ=-166.852020
AngleX=-0.047969
AngleY=-2.536076
AngleZ=-0.000000
ScaleX=0.999999
ScaleY=0.999955
ScaleZ=0.999987
VisualConfig=mdl\camera\camera01\camera.xmod
CameraType=free
Fovx=1.932298
Path=camera_4.xml

[custom]
WorldType=global
ObjectType=custom
Name=
VisualType=
Path=custom.xml

[object_hsi]
WorldType=global
ObjectType=ppfilter_hsi
Name=
VisualType=
Path=object_hsi.xml

[clone040]
WorldType=music
ObjectType=Music
Name=1A6BB9AF12744B51B8DCA94C950130D0
VisualType=Music
MusicConfig=mus\clone040.ogg
MusicType=npc
Path=clone040.xml

