[MainInfo]
FrameTime=0.033333
RulerStart=0.000000
RulerEnd=200.000000
CameraX=-0.157677
CameraY=11.612680
CameraZ=28.621960
CameraRX=-0.000323
CameraRY=0.009165
CameraRZ=0.000000
CaptureAngleX=0.000000
CaptureAngleY=0.000000
CaptureAngleZ=0.000000
CapturePosX=0.000000
CapturePosY=0.000000
CapturePosZ=0.000000
CanBreak=1
ShowPlayer=0
ShowNpc=0
ShowWeapon=0
Player=

[npc_1]
WorldType=objects
ObjectType=action_obj
Name=9512DE284B34448B93654EBB7E67121D
VisualType=Actor
PositionX=0.000000
PositionY=10.000000
PositionZ=0.000000
AngleX=-0.000000
AngleY=0.000000
AngleZ=0.000000
ScaleX=1.000000
ScaleY=1.000000
ScaleZ=1.000000
VisualConfig=ini\npc\b_huashan02.ini
Path=npc_1.xml

[camera_1]
WorldType=objects
ObjectType=camera
Name=C4EF1707E6D2495BB53EF67C1A93AED1
VisualType=CameraWrapper
PositionX=-0.157677
PositionY=11.612680
PositionZ=28.621960
AngleX=-0.000323
AngleY=0.009165
AngleZ=0.000000
ScaleX=1.000000
ScaleY=1.000000
ScaleZ=1.000000
VisualConfig=mdl\camera\camera01\camera.xmod
CameraType=free
Fovx=1.510192
Path=camera_1.xml

[light_move_1051a_ys_1]
WorldType=objects
ObjectType=EffectModel
Name=4F031A8F39F04A998FA239D0542E6528
VisualType=EffectModel
PositionX=0.000000
PositionY=9.999999
PositionZ=0.000000
AngleX=-0.000000
AngleY=-3.141593
AngleZ=0.000000
ScaleX=1.000000
ScaleY=1.000000
ScaleZ=1.000000
EffectConfig=ini\effect\model.ini
EffectName=light_move_1051a_ys
Path=light_move_1051a_ys_1.xml

