[MainInfo]
FrameTime=0.033333
RulerStart=0.000000
RulerEnd=120.000000
CameraX=1204.176025
CameraY=28.778633
CameraZ=-6168.239258
CameraRX=-0.058178
CameraRY=1.099551
CameraRZ=0.000000
CaptureAngleX=0.000000
CaptureAngleY=0.000000
CaptureAngleZ=0.000000
CapturePosX=0.000000
CapturePosY=0.000000
CapturePosZ=0.000000
CanBreak=1
ShowPlayer=0
ShowNpc=0
ShowWeapon=0
Player=

[npc_1]
WorldType=objects
ObjectType=Actor
Name=488EDEF3D11148BB8CEB42FF330C0377
VisualType=Actor
PositionX=1211.360596
PositionY=27.482731
PositionZ=-6165.260254
AngleX=0.000000
AngleY=-1.444993
AngleZ=0.000000
ScaleX=0.999977
ScaleY=1.000000
ScaleZ=0.999977
VisualConfig=ini\npc\npcitem1059.ini
Path=npc_1.xml

[npc_2]
WorldType=objects
ObjectType=Actor
Name=0770719C127B419598CE975794D3046D
VisualType=Actor
PositionX=1210.020020
PositionY=27.580605
PositionZ=-6164.633789
AngleX=-0.000000
AngleY=2.049990
AngleZ=0.000000
ScaleX=0.999928
ScaleY=1.000000
ScaleZ=0.999928
VisualConfig=ini\npc\b_banlvxinmo01.ini
Path=npc_2.xml

[camera_1]
WorldType=objects
ObjectType=camera
Name=7238DC029831477B8FDDF1759C1AD29D
VisualType=CameraWrapper
PositionX=1204.176025
PositionY=28.778633
PositionZ=-6168.239258
AngleX=-0.058178
AngleY=1.099551
AngleZ=0.000000
ScaleX=1.000000
ScaleY=1.000000
ScaleZ=1.000000
VisualConfig=mdl\camera\camera01\camera.xmod
CameraType=free
Fovx=1.326379
Path=camera_1.xml

[object_hsi]
WorldType=global
ObjectType=ppfilter_hsi
Name=
VisualType=
Path=object_hsi.xml

