[system]
esc_key=1
hide_weapon=1
enternpc=1302[hewt]@36.000 100.267 304.000
gutname=1302KHDlizhongchuxian
taskname=movie_clone031_1302.ini
info=
teamtype=0
refertype=2
show_all_npc=0
wait_terrain=1
show_head_to_chat=0
recover_camera=1
music=FBdonghua04_jiliezhengchao

[lizhong]
resource=npc\funcnpc010
movetype=0
pathtype=2
base_angle_y=0.0
enter_time=0
alpha_in=0
alpha_out=0
show_name=0
name=
size_x=100
size_y=100
size_z=100
time_action0=stop,-7.19,0.44,-12.13,-0.00,0.53,0.00,da_fi_stand_1,1,true,,,,0,1.00,
time_action1=moveto,-0.06,0,-0.1,h_run1_1,3,true,,,,0,1.00,0,,0,0,0,0
time_action2=stop,-0.06,0,-0.1,0,0.52,0,ty_bow,2.5,true,,,,0,1.00,
time_action3=stop,-0.06,0,-0.1,0,0.52,0,b_stand_4,22.5,true,,,,0,1.00,
time_action4=stop,-0.06,0,-0.1,0,-2.7,0,h_walk1_1,1.0,true,,,,0,1.00,
time_action5=stop,-0.06,0,-0.1,0,-2.7,0,b_stand_4,2,true,,,,0,1.00,

[scenario_camera]
pathtype=2
angletype=4
modetype=3
time_action0=20,2,0,0.539948,1.442137,0.828766,-0.150346,0.444983,0,0.539948,1.442137,0.828766,-0.150346,0.444983,0,
is_offset_angle=0
offset_angle_y=0.0
time_action1=20,6,0,0.630219,1.443487,2.422577,-0.01072,-2.883143,0,0.756645,1.438177,2.900818,0.018369,-2.919141,0,
time_action2=20,2,0,0.542889,1.439474,0.690613,-0.086351,-5.926552,0,0.542889,1.439474,0.690613,-0.086351,-5.926552,0,
time_action3=20,6,0,0.602859,1.432059,0.593384,0.009642,-8.750724,0,0.498768,1.471625,0.46051,-0.019447,-8.747451,0,
time_action4=20,6,0,1.786209,1.145796,-0.008636,-0.077625,-7.332093,0,2.221985,1.127295,-0.256409,-0.042718,-7.340273,0,
time_action5=20,8,0,-1.673035,1.217726,-0.368408,0.000914,-5.424197,0,-0.453068,1.304915,-0.961121,-0.14453,-5.846331,0,
time_action6=20,2,0,-0.453068,1.304915,-0.961121,-0.14453,-5.846331,0,-0.325668,1.481177,-0.688568,-0.103806,-5.936318,0,

[player]
resource=player
movetype=0
pathtype=2
base_angle_y=0.0
enter_time=0
alpha_in=0
alpha_out=0
size_x=100
size_y=100
size_z=100
show_name=0
name=
time_action0=stop,0.89,0.12,1.52,-0.00,0.53,0.00,logoin_stand_2,1.0,true,,,,0,1.00,
time_action1=stop,0.89,0.12,1.52,-0.00,-2.61,0.00,stand_turnright,1.0,true,,,,0,1.00,
time_action2=stop,0.89,0.12,1.52,0,-2.61,0,logoin_stand_2,30,true,,,,0,1.00,

[fade_section]
time_action0=0,1.0,2
time_action1=1,1.0,0
time_action2=31,1.0,1
time_action3=32,1.0,2

[movie_talk_id]
r0=4,movie_1302_1,2
r1=8,movie_1302_2,2
r2=10,movie_1302_3,2
r3=16,movie_1302_4,2
r4=22,movie_1302_5,2
r5=26,movie_1302_6,2

