[system]
hide_weapon=1
esc_key=1
enternpc=1304[hewt]@2551.197 3.033 1539.385
gutname=1304KHDliangzhiyeshou
taskname=movie_clone031_1304.ini
info=
teamtype=0
refertype=2
show_all_npc=0
wait_terrain=1
show_head_to_chat=0
recover_camera=1
music=FBdonghua04_jiliezhengchao

[yeshou1]
resource=npc\monster655
movetype=0
pathtype=2
base_angle_y=0.0
enter_time=0
alpha_in=0
alpha_out=0
show_name=0
name=
size_x=200
size_y=200
size_z=200
time_action0=stop,-5.81,2.00,15.18,-0.00,2.05,0.00,stand,5,true,,,,1,1.00,
time_action1=moveto,0.04,0.10,11.98,atkhit3,0.6,true,,,,1,1.00,0,,0,-0.00,2.10,0.00
time_action2=stop,0.04,0.1,11.98,0,2.1,0,atkhit1,1.4,true,,,,0,1.00,
time_action3=stop,0.04,0.1,11.98,0,2.1,0,buff1,3,true,,,,0,0.50,

[yeshou2]
resource=npc\monster656
movetype=0
pathtype=2
base_angle_y=0.0
enter_time=0
alpha_in=0
alpha_out=0
show_name=0
name=
size_x=200
size_y=200
size_z=200
time_action0=stop,3.34,0.07,18.41,-0.00,-2.99,0.00,stand,1.0,true,,,,0,1.00,
time_action1=moveto,-0.53,0.07,18.47,fi_rightwalk,4.7,true,,,,0,0.50,1,,0,0,0,0
time_action2=stop,-0.53,0.07,18.47,0,-2.67,0,stand,0.3,true,,,,0,1.00,
time_action3=stop,-0.53,0.07,18.47,0,-2.67,0,atkhit3,1,true,,,,0,1.00,

[jianghuren1]
resource=npc\monster456
movetype=0
pathtype=2
base_angle_y=0.0
enter_time=0
alpha_in=0
alpha_out=0
show_name=0
name=
size_x=100
size_y=100
size_z=100
time_action0=stop,1.1,0.1,11.4,0,0.14,0,ty_quail,5.5,true,,,,0,1.00,
time_action1=stop,1.1,0.1,11.4,0,0.14,0,h_hurtdown_1,0.8,true,,,,0,1.00,
time_action2=stop,1.1,0.1,11.4,0,0.14,0,h_hurtdownloop_1,2,true,,,,0,1.00,

[jianghuren2]
resource=npc\monster242
movetype=0
pathtype=2
base_angle_y=0.0
enter_time=0
alpha_in=0
alpha_out=0
show_name=0
name=
size_x=100
size_y=100
size_z=100
time_action0=stop,-0.26,0.1,11.63,0,0.16,0,b_stand_4,1,true,,,,0,1.00,
time_action1=stop,-0.26,0.1,11.63,0,0.16,0,ty_kv5_4,4,true,,,,0,1.00,

[scenario_camera]
pathtype=2
angletype=4
modetype=3
time_action0=20,1,0,0.458518,1.310688,9.565073,-0.000577,0.035577,0,0.458518,1.310688,9.565073,-0.000577,0.035577,0,
is_offset_angle=0
offset_angle_y=0.0
time_action1=20,4,0,0.458518,1.310688,9.565073,-0.000577,0.035577,0,0.488791,1.311172,10.402964,-0.000577,0.035577,0,
time_action2=20,1,0,0.488791,1.311172,10.402964,-0.000577,0.035577,0,0.488791,1.311172,10.402964,-0.000577,0.035577,0,
time_action3=20,1,0,-2.193582,0.896296,13.977915,-0.058579,-0.151802,0,-2.193582,0.896296,13.977915,-0.058579,-0.151802,0,
time_action4=20,3,0,0.18508,1.685038,14.239146,-0.195297,3.150141,0,0.180197,2.012046,13.285654,-0.346559,3.143596,0,

[fade_section]
time_action0=0,1.0,2
time_action1=1,1.0,0
time_action2=6.,0.5,0
time_action3=7.,0.5,0
time_action4=9,1.0,1
time_action5=10.,1.0,2

[player]
resource=player
movetype=0
pathtype=2
base_angle_y=0.0
enter_time=0
alpha_in=0
alpha_out=0
size_x=100
size_y=100
size_z=100
show_name=0
name=
time_action0=stop,-0.11,6.88,-7.07,0,0.04,0,logoin_stand_2,10,true,,,,0,1.00,

[sound_section]
r0=5.,npc\animal\xjdw\buff2_lang.wav
r1=6.5,npc\animal\xjdw\buff3_laohu.wav
r2=8.5,npc\animal\xjdw\buff_lang.wav

