[system]
esc_key=1
hide_weapon=1
enternpc=1305[hewt]@94.521 143.273 598.556
gutname=1305KHDlizhongzhongdu
taskname=movie_clone031_1305.ini
info=
teamtype=0
refertype=2
show_all_npc=0
wait_terrain=1
show_head_to_chat=0
recover_camera=1
music=FBdonghua04_jiliezhengchao

[lizhong]
resource=npc\funcnpc010
movetype=0
pathtype=2
base_angle_y=0.0
enter_time=0
alpha_in=0
alpha_out=0
show_name=0
name=
size_x=100
size_y=100
size_z=100
time_action0=stop,7.32,-0.00,1.38,-0.00,0.00,0.00,stand,1.0,true,,,,0,1.00,
time_action1=moveto,7.31,-0.03,5.31,h_walk1_1,3.8,true,,,,0,1.00,0,,0,0,0,0
time_action2=moveto,7.22,-0.00,0.19,b_hurtout_1,0.7,true,,,,0,1.00,1,,0,-0.00,0.01,0.00
time_action3=stop,7.22,-0.00,0.19,-0.00,0.01,0.00,b_hurtdowning_1,1.0,true,,,,0,1.00,
time_action4=stop,7.22,0,0.19,0,0.01,0,ty_lie_talk,13,true,,,,0,1.00,
time_action5=stop,-15.52,-0.08,8.44,-0.00,1.61,0.00,stand,1.0,true,,,,0,1.00,
time_action6=stop,-15.52,-0.08,8.44,-0.00,1.61,0.00,ty_dazuoloop,4,true,,,,0,1.00,

[QRR]
resource=npc\monster173
movetype=0
pathtype=2
base_angle_y=0.0
enter_time=0
alpha_in=0
alpha_out=0
show_name=0
name=
size_x=100
size_y=100
size_z=100
time_action0=stop,0.61,8.37,34.43,0,3.02,0,h_fi_stand_1,3.4,true,,,,0,1.00,
time_action1=stop,0.61,8.37,34.43,0,3.02,0,jb_aq_03,1.0,true,,,,0,1.00,
time_action2=stop,0.61,8.37,34.43,0.00,-0.04,0.00,h_walk2_1,0.5,true,,,,0,1.00,
time_action3=moveto,-0.11,7.88,42.97,h_run1_1,2,true,,,,1,1.00,0,,0,0.00,-0.13,0.00

[feizhen]
resource=npc\fbmac004012
movetype=0
pathtype=2
base_angle_y=0.0
enter_time=0
alpha_in=0
alpha_out=0
show_name=0
name=
size_x=100
size_y=100
size_z=100
time_action0=stop,0.61,8.77,34.43,0,3.02,0,stand,3.8,true,,,,1,1.00,
time_action1=moveto,7.65,0.35,3.46,stand,1.0,true,,,effect_obj_move_249|Model::Point01|1|1,1,1.00,0,,0,-0.00,0.00,0.00

[scenario_camera]
pathtype=2
angletype=4
modetype=3
time_action0=20,1,0,8.755375,1.264781,-0.753205,0.054065,-0.126469,0,8.755375,1.264781,-0.753205,0.054065,-0.126469,0,
is_offset_angle=0
offset_angle_y=0.0
time_action1=20,2,0,8.755375,1.264781,-0.753205,0.054065,-0.126469,0,8.012798,1.337077,0.005768,0.027885,-0.011932,0,
time_action2=20,0.5,0,8.012798,1.337077,0.005768,0.027885,-0.011932,0,1.491993,9.050624,29.223724,-0.073926,-0.193555,0,
time_action3=20,0.5,0,1.491993,9.050624,29.223724,-0.073926,-0.193555,0,1.491993,9.050624,29.223724,-0.073926,-0.193555,0,
time_action4=20,2,0,-2.246212,10.503245,37.997772,0.234415,2.583157,0,-1.814228,10.503245,38.267608,0.234415,2.583157,0,
time_action5=20,1,0,8.249592,1.136073,1.784454,-0.210443,6.793242,0,8.249592,1.136073,1.784454,-0.210443,6.793242,0,
time_action6=20,11,0,7.427036,0.588008,1.320892,0.29841,2.75169,0,7.538319,0.49795,1.050079,0.21987,2.759871,0,
time_action7=20,3,0,8.793049,4.022914,29.62088,-0.213554,0.019159,0,7.951832,4.022914,29.637054,-0.213554,0.019159,0,
time_action8=20,3,0,-14.396381,0.513789,8.451935,0.062448,-1.57695,0,-13.739872,0.554835,8.455963,0.062448,-1.57695,0,

[player]
resource=player
movetype=0
pathtype=2
base_angle_y=0.0
enter_time=0
alpha_in=0
alpha_out=0
size_x=100
size_y=100
size_z=100
show_name=0
name=
time_action0=stop,8.64,0,-0.02,0,0.01,0,logoin_stand_2,1.0,true,,,,0,1.00,
time_action1=moveto,8.70,-0.03,2.67,fi_0h_walk,2,true,,,,0,1.00,0,,0,-0.00,0.02,0.00
time_action2=stop,8.7,-0.03,2.67,0,0.02,0,fi_3h_stand,3,true,,,,0,1.00,
time_action3=stop,8.7,-0.03,2.67,0,-2.5399,0,stand_turnleft,1.0,true,,,,0,1.00,
time_action4=stop,8.7,-0.03,2.67,0,-2.5399,0,logoin_stand_2,17,true,,,,0,1.00,

[screen_section]
time_action0=3,1.0,3,0.0,0.0

[movie_talk_id]
r0=3,movie_1305_1,2
r1=6,movie_1305_2,2
r2=12,movie_1305_3,2
r3=18,movie_1305_4,2

[fade_section]
time_action0=0,1.0,2
time_action1=1,1.0,0
time_action2=23,1.0,1
time_action3=24,1.0,2

[sound_section]
r0=4.,fight\attack\atk_2h_12.wav

