[system]
esc_key=1
hide_weapon=1
enternpc=1306[hewt]@86.597 154.980 724.370
gutname=1306KHDpapapananNPC
taskname=movie_clone031_1306.ini
info=
teamtype=0
refertype=2
show_all_npc=0
wait_terrain=1
show_head_to_chat=0
recover_camera=1
music=life_qin_020

[nan]
resource=npc\fbnpc031001
movetype=0
pathtype=2
base_angle_y=0.0
enter_time=0
alpha_in=0
alpha_out=0
show_name=0
name=
size_x=100
size_y=100
size_z=100
time_action0=stop,-1.43,0.8,4.19,0,-3.07,0,ty_lieloop,11,true,,,,1,0.50,

[scenario_camera]
pathtype=2
angletype=4
modetype=3
time_action0=20,1,0,-1.485153,1.58987,5.184687,0.067322,3.18287,0,-1.485153,1.58987,5.184687,0.067322,3.18287,0,
is_offset_angle=0
offset_angle_y=0.0
time_action1=20,6,0,-1.485153,1.58987,5.184687,0.067322,3.18287,0,-1.477981,1.417217,5.01916,0.372755,3.119056,0,
time_action2=20,4,0,-1.477981,1.417217,5.01916,0.372755,3.119056,0,-1.477981,1.417217,5.01916,0.372755,3.119056,0,

[player]
resource=player
movetype=0
pathtype=2
base_angle_y=0.0
enter_time=0
alpha_in=0
alpha_out=0
size_x=100
size_y=100
size_z=100
show_name=0
name=
time_action0=stop,-1.78,-0.00,0.06,-0.00,0.02,0.00,stand,1.0,true,,,,0,1.00,
time_action1=moveto,-1.68,-0.00,2.89,fi_0h_walk,6,true,,,,1,0.50,0,,0,-0.00,0.00,0.00

[fade_section]
time_action0=0,1.0,2
time_action1=1,1.0,0
time_action2=6,1.0,1
time_action3=7,4,2

