[system]
esc_key=1
hide_weapon=1
enternpc=1307[hewt]@121.000 143.188 742.000
gutname=1307KHDpapapanvNPC
taskname=movie_clone031_1307.ini
info=
teamtype=0
refertype=2
show_all_npc=0
wait_terrain=1
show_head_to_chat=0
recover_camera=1
music=life_qin_020

[nv]
resource=npc\fbnpc031002
movetype=0
pathtype=2
base_angle_y=0.0
enter_time=0
alpha_in=0
alpha_out=0
show_name=0
name=
size_x=100
size_y=100
size_z=100
time_action0=stop,0,0.03,0,0,-0.51,0,stand,0.8,true,,,,1,1.00,
time_action1=stop,0,0.03,0,0,-0.51,0,ty_lie_start,14.2,true,,,,1,1.00,

[scenario_camera]
pathtype=2
angletype=4
modetype=3
time_action0=20,1,0,-0.7267,1.225742,1.223083,-0.048574,2.558644,0,-0.7267,1.225742,1.223083,-0.048574,2.558644,0,
is_offset_angle=0
offset_angle_y=0.0
time_action1=20,5,0,-0.7267,1.225742,1.223083,-0.048574,2.558644,0,-0.885124,0.520649,1.151917,-0.004941,2.566825,0,
time_action2=20,2,0,0.17807,0.333301,1.103577,0.085234,2.56355,0,0.266312,0.319645,0.968445,0.131776,2.568459,0,
time_action3=20,3,0,9.058548,2.483906,7.94043,0.119498,4.19163,0,9.642609,2.564731,8.275452,0.119498,4.19163,0,
time_action4=20,4,0,9.642609,2.564731,8.275452,0.119498,4.19163,0,9.642609,2.564731,8.275452,0.119498,4.19163,0,

[player]
resource=player
movetype=0
pathtype=2
base_angle_y=0.0
enter_time=0
alpha_in=0
alpha_out=0
size_x=100
size_y=100
size_z=100
show_name=0
name=
time_action0=stop,-2.41,0,3.09,0,2.53,0,logoin_stand_2,9,true,,,,0,1.00,
time_action1=moveto,-0.51,0.00,0.78,fi_0h_walk,2,true,,,,0,1.00,0,,0,-0.00,2.42,0.00
time_action2=stop,-0.51,0,0.78,0,2.42,0,stand,1.0,true,,,,0,1.00,

[fade_section]
time_action0=0,1.0,2
time_action1=1,1.0,0
time_action2=10,1.0,1
time_action3=11,4,2

