[system]
esc_key=1
hide_weapon=1
enternpc=1308[hewt]@122.670 140.379 386.170
gutname=1308KHDkandaoXCQZjindigong
taskname=movie_clone031_1308.ini
info=
teamtype=0
refertype=2
show_all_npc=0
wait_terrain=1
show_head_to_chat=0
recover_camera=1
music=FBdonghua04_jiliezhengchao

[YCQZ]
resource=npc\monster304
movetype=0
pathtype=2
base_angle_y=0.0
enter_time=0
alpha_in=0
alpha_out=0
show_name=0
name=
size_x=100
size_y=100
size_z=100
time_action0=stop,-1.32,6.01,-15.75,0,-1.5,0,stand,2,true,,,,1,1.00,
time_action1=moveto,-1.32,1.84,-15.75,jumpdowning,0.5,true,,,,1,1.00,0,,0,0,0,0
time_action2=stop,-1.32,1.84,-15.75,0.00,-1.61,0.00,jumpdown,1.0,true,,,,0,1.00,
time_action3=moveto,-9.81,1.84,-15.58,h_run1_1,2,true,,,,0,1.00,0,,0,0.00,-1.57,0.00
time_action4=moveto,-10.33,1.84,-20.34,h_run1_1,1.1,true,,,,0,1.00,0,,0,-0.00,-3.05,0.00

[scenario_camera]
pathtype=2
angletype=4
modetype=3
time_action0=20,2,0,-0.936701,1.269956,-0.660845,-0.145407,3.12969,0,-1.434763,1.269956,-0.666765,-0.107592,3.067512,0,
is_offset_angle=0
offset_angle_y=0.0
time_action1=20,0.5,0,-1.434763,1.269956,-0.666765,-0.107592,3.067512,0,-1.434763,1.269956,-0.666765,-0.107592,3.067512,0,
time_action2=20,0.5,0,-1.434763,1.269956,-0.666765,-0.107592,3.067512,0,-1.551355,3.072462,-11.020769,0.040761,3.139507,0,
time_action3=20,0.5,0,-1.551355,3.072462,-11.020769,0.040761,3.139507,0,-1.551355,3.072462,-11.020769,0.040761,3.139507,0,
time_action4=20,1.5,0,-1.551355,3.072462,-11.020769,0.040761,3.139507,0,-5.882425,3.072462,-11.059282,0.002946,3.131326,0,
time_action5=20,2,0,-0.542704,2.969053,-15.761553,0.032035,4.72831,0,-1.386949,2.941999,-15.748156,0.032035,4.72831,0,

[player]
resource=player
movetype=0
pathtype=2
base_angle_y=0.0
enter_time=0
alpha_in=0
alpha_out=0
size_x=100
size_y=100
size_z=100
show_name=0
name=
time_action0=stop,-1.02,0,-1.68,0,-0.03,0,logoin_stand_2,1,true,,,,0,1.00,
time_action1=stop,-1.02,0,-1.68,0,-3.11,0,stand_turnright,1,true,,,,0,1.00,
time_action2=stop,-1.02,0,-1.68,0,-3.11,0,fi_3h_stand,5,true,,,,0,1.00,

[fade_section]
time_action0=0,1.0,0
time_action1=6.,1.0,1
time_action2=7.,1.0,2

[screen_section]
time_action0=2.5,0.5,3,0.0,0.0

[movie_talk_id]
r0=2,movie_1308_1,2

[sound_section]
r0=2,fight\other\fight_qg_edt_02.wav

