[system]
esc_key=1
hide_weapon=1
enternpc=1309[hewt]@2823.000 10.002 254.000
gutname=1309KHDdabukaumenXCQZ
taskname=movie_clone031_1309.ini
info=
teamtype=0
refertype=2
show_all_npc=0
wait_terrain=1
show_head_to_chat=0
recover_camera=1
music=FBdonghua04_jiliezhengchao

[YCQZ]
resource=npc\monster304
movetype=0
pathtype=2
base_angle_y=0.0
enter_time=0
alpha_in=0
alpha_out=0
show_name=0
name=
size_x=100
size_y=100
size_z=100
time_action0=stop,0.00,-0.00,0.00,0.00,-1.55,0.00,stand,1.0,true,,,,0,1.00,
time_action1=stop,0,0,0,0,-1.55,0,ty_talk6,14,true,,,,0,0.80,

[scenario_camera]
pathtype=2
angletype=4
modetype=3
time_action0=20,1,0,8.945068,2.311368,-0.007874,-0.140526,4.726681,0,8.945068,2.311368,-0.007874,-0.140526,4.726681,0,
is_offset_angle=0
offset_angle_y=0.0
time_action1=20,8,0,8.945068,2.311368,-0.007874,-0.140526,4.726681,0,3.453369,1.336545,-0.061951,-0.079439,4.713588,0,
time_action2=20,6,0,-1.247803,0.794713,0.300293,-0.475047,1.611266,0,-1.269775,0.794713,-0.244949,-0.472138,1.495093,0,

[player]
resource=player
movetype=0
pathtype=2
base_angle_y=0.0
enter_time=0
alpha_in=0
alpha_out=0
size_x=100
size_y=100
size_z=100
show_name=0
name=
time_action0=stop,11.63,-3.37,-0.43,0,-1.53,0,stand,15,true,,,,1,1.00,

[movie_talk_id]
r0=1,movie_1309_1,2
r1=9,movie_1309_2,2

[fade_section]
time_action0=0,1.0,2
time_action1=1,1.0,0
time_action2=14,1.0,1
time_action3=15,1.0,2

