[MainInfo]
FrameTime=0.033333
RulerStart=0.000000
RulerEnd=120.000000
CameraX=-2989.684570
CameraY=34.203018
CameraZ=-6337.072266
CameraRX=0.130712
CameraRY=2.786528
CameraRZ=-0.000000
CaptureAngleX=0.000000
CaptureAngleY=0.000000
CaptureAngleZ=0.000000
CapturePosX=0.000000
CapturePosY=0.000000
CapturePosZ=0.000000
CanBreak=1
ShowPlayer=0
ShowNpc=0
ShowWeapon=0
Player=

[npc_1]
WorldType=objects
ObjectType=Actor
Name=34250EAB03764098976273C5EF809F25
VisualType=Actor
PositionX=-2969.791504
PositionY=28.139111
PositionZ=-6363.229492
AngleX=0.000000
AngleY=-0.944987
AngleZ=0.000000
ScaleX=0.999983
ScaleY=1.000000
ScaleZ=0.999983
VisualConfig=ini\npc\homenpc001.ini
Path=npc_1.xml

[camera_1]
WorldType=objects
ObjectType=camera
Name=8674464FD12D40FB80948A44BD97C5FC
VisualType=CameraWrapper
PositionX=-2989.684570
PositionY=34.203018
PositionZ=-6337.072266
AngleX=0.130712
AngleY=2.786528
AngleZ=-0.000000
ScaleX=1.000000
ScaleY=1.000000
ScaleZ=1.000000
VisualConfig=mdl\camera\camera01\camera.xmod
CameraType=free
Fovx=1.326379
Path=camera_1.xml

[npc_2]
WorldType=objects
ObjectType=Actor
Name=48FDCCD830D9427BA0CA3FDDE8097CAB
VisualType=Actor
PositionX=-2972.197754
PositionY=28.649517
PositionZ=-6359.308594
AngleX=-0.000000
AngleY=-2.758191
AngleZ=0.000000
ScaleX=0.999951
ScaleY=1.000000
ScaleZ=0.999951
VisualConfig=ini\npc\homenpc001.ini
Path=npc_2.xml

[object_hsi]
WorldType=global
ObjectType=ppfilter_hsi
Name=
VisualType=
Path=object_hsi.xml

