[MainInfo]
FrameTime=0.033333
RulerStart=0.000000
RulerEnd=360.000000
CameraX=-14.363282
CameraY=28.994360
CameraZ=-39.453793
CameraRX=-0.075631
CameraRY=1.742607
CameraRZ=0.000000
CaptureAngleX=0.000000
CaptureAngleY=0.000000
CaptureAngleZ=0.000000
CapturePosX=0.000000
CapturePosY=0.000000
CapturePosZ=0.000000
CanBreak=0
ShowPlayer=0
ShowNpc=0
ShowWeapon=0
Player=npc_1

[npc_1]
WorldType=objects
ObjectType=Actor
Name=5AF4AB951F674748A0C6F99C4158481D
VisualType=Actor
PositionX=-11.785888
PositionY=28.152414
PositionZ=-39.961506
AngleX=0.000000
AngleY=-1.223183
AngleZ=0.000000
ScaleX=0.999851
ScaleY=1.000000
ScaleZ=0.999851
VisualConfig=ini\npc\b_banlvxinmo01.ini
Path=npc_1.xml

[npcitem093_1]
WorldType=objects
ObjectType=EffectModel
Name=4290892AD1404365BF677121727BA504
VisualType=EffectModel
PositionX=-12.328811
PositionY=29.106226
PositionZ=-39.693111
AngleX=1.005688
AngleY=-2.680102
AngleZ=-1.605696
ScaleX=0.999893
ScaleY=0.999851
ScaleZ=0.999957
EffectConfig=ini\effect\model.ini
EffectName=npcitem093
Path=npcitem093_1.xml

[npc_2]
WorldType=objects
ObjectType=Actor
Name=21C4B102DDA74E6D9AD0B37DE122A9D9
VisualType=Actor
PositionX=-5.586923
PositionY=33.875793
PositionZ=-38.732822
AngleX=0.000000
AngleY=-1.624999
AngleZ=0.000000
ScaleX=0.999939
ScaleY=1.000000
ScaleZ=0.999939
VisualConfig=ini\npc\worldnpc574.ini
Path=npc_2.xml

[light_move_283_1]
WorldType=objects
ObjectType=EffectModel
Name=D111262C0F8348D596035239E62B0FAF
VisualType=EffectModel
PositionX=-5.369703
PositionY=28.069340
PositionZ=-39.031342
AngleX=-0.000000
AngleY=0.000000
AngleZ=0.000000
ScaleX=1.019999
ScaleY=1.019999
ScaleZ=1.020000
EffectConfig=ini\effect\model.ini
EffectName=light_move_283
Path=light_move_283_1.xml

[camera_1]
WorldType=objects
ObjectType=camera
Name=5202239D817949789025CE33E2B647F8
VisualType=CameraWrapper
PositionX=-14.363282
PositionY=28.994360
PositionZ=-39.453793
AngleX=-0.075631
AngleY=1.742607
AngleZ=0.000000
ScaleX=1.000000
ScaleY=1.000000
ScaleZ=1.000000
VisualConfig=mdl\camera\camera01\camera.xmod
CameraType=free
Fovx=1.442724
Path=camera_1.xml

[camera_2]
WorldType=objects
ObjectType=camera
Name=FBC3583766CA4CC994686417B5482F36
VisualType=CameraWrapper
PositionX=-13.654370
PositionY=29.182030
PositionZ=-34.506325
AngleX=-0.072722
AngleY=2.519823
AngleZ=0.000000
ScaleX=1.000000
ScaleY=0.999989
ScaleZ=0.999999
VisualConfig=mdl\camera\camera01\camera.xmod
CameraType=free
Fovx=1.442724
Path=camera_2.xml

[custom]
WorldType=global
ObjectType=custom
Name=
VisualType=
Path=custom.xml

[camera_3]
WorldType=objects
ObjectType=camera
Name=BA114FB55DBD4F55896C7F44252ECD1C
VisualType=CameraWrapper
PositionX=-13.971735
PositionY=29.028072
PositionZ=-38.706013
AngleX=-0.058178
AngleY=1.557710
AngleZ=-0.000000
ScaleX=0.999949
ScaleY=0.999978
ScaleZ=0.999964
VisualConfig=mdl\camera\camera01\camera.xmod
CameraType=free
Fovx=1.442724
Path=camera_3.xml

[object_hsi]
WorldType=global
ObjectType=ppfilter_hsi
Name=
VisualType=
Path=object_hsi.xml

[FBdonghua06_xuanyi]
WorldType=music
ObjectType=Music
Name=B2005DD0AAAD43F0B99F0BE8D2CB8EF7
VisualType=Music
MusicConfig=mus\FBdonghua06_xuanyi.ogg
MusicType=npc
Path=FBdonghua06_xuanyi.xml

