[screen]
TextureLod=-1.000000
AlphaRef=120
FarClip=400.000000
GrassRadius=100.000000
GroundEnvMap=1
VisualEnvMap=1
AlphaFadeRadius=300.000000
AlphaHideRadius=350.000000
VisualRadiusSmall=1.000000
VisualRadiusBig=50.000000
ClipRadiusNear=250.000000
ClipRadiusFar=300.000000
LoadRadiusAdd=50.000000
UnloadRadiusAdd=50.000000

