[system]
enternpc=FunnpcClone007005[DZ]@420 -75 -90
gutname=movie495
taskname=movie_clone004_495.ini
info=
teamtype=1
refertype=2
esc_key=1
hide_weapon=0
music=clone003_fight1
show_all_npc=1
wait_terrain=1
restore_pos=1

[scenario_camera]
pathtype=2
angletype=4
modetype=3
time_action0=20,0.5,0,32.048706,4.028023,-27.50061,0.317174,5.263472,0,32.048706,4.028023,-27.50061,0.317174,5.263472,0,
time_action1=20,0.3,0,32.048706,4.028023,-27.50061,0.317174,5.263472,0,32.048706,4.028023,-27.50061,0.086791,5.486002,0,
time_action2=20,2.2,2,32.048706,4.028023,-27.50061,0.086791,5.486002,0,5.012787,2.066826,-2.788734,0.29879,5.230749,0,
time_action3=20,1,0,5.012787,2.066826,-2.788734,0.29879,5.230749,0,5.012787,2.066826,-2.788734,0.29879,5.230749,0,
time_action4=20,5,0,5.012787,2.066826,-2.788734,0.29879,5.230749,0,5.012787,2.066826,-2.788734,0.092841,4.859868,0,
time_action5=20,2,0,21.420593,2.446739,-17.142174,-0.046785,3.225802,0,21.440948,2.435394,-16.900757,-0.046785,3.225802,0,
time_action6=20,6,0,29.684601,2.280487,-25.576698,-0.016199,5.313643,0,29.684601,2.280487,-25.576698,-0.016199,5.313643,0,

[fade_section]
time_action0=16,1.0,1
time_action1=17,1.0,2

[movie_talk_id]
r0=11,movie_495_1,2,

[FWH]
resource=npc\fbboss004007_m
movetype=0
pathtype=2
base_angle_y=0.0
enter_time=0
alpha_in=0
alpha_out=0
time_action0=stop,21.5,0.74,-18.29,0,-0.88,0,s_stand_2,10,true,,,,0
time_action1=stop,21.5,0.74,-18.29,0,2.21,0,lsp_walk1_1,0.5,true,,,,0
time_action2=stop,21.5,0.74,-18.29,0,2.21,0,s_stand_2,3.5,true,,,,0,1.00,
time_action3=stop,21.50,0.74,-18.29,0,4.6700,0,lsp_walk1_1,0.5,true,,,,0,1.00,
time_action4=moveto,5.64,0.74,-18.29,lst_run1_1,3,true,,,,0

[team_member0]
resource=player
movetype=0
pathtype=2
base_angle_y=0.0
enter_time=0
alpha_in=0
alpha_out=0
time_action0=stop,28.22,0.97,-25.24,0,-0.85,0,logoin_stand_2,18,true,,,,0,1.00,

[team_member1]
resource=player
movetype=0
pathtype=2
base_angle_y=0.0
enter_time=0
alpha_in=0
alpha_out=0
time_action0=stop,28.91,0.98,-26.99,0,-0.84,0,stand,17,true,,,,0

[team_member2]
resource=player
movetype=0
pathtype=2
base_angle_y=0.0
enter_time=0
alpha_in=0
alpha_out=0
time_action0=stop,30.15,0.98,-25.11,0,-0.84,0,stand,17,true,,,,0

[team_member3]
resource=player
movetype=0
pathtype=2
base_angle_y=0.0
enter_time=0
alpha_in=0
alpha_out=0
time_action0=stop,29.77,0.98,-28.55,0,-0.78,0,stand,17,true,,,,0

[team_member4]
resource=player
movetype=0
pathtype=2
base_angle_y=0.0
enter_time=0
alpha_in=0
alpha_out=0
time_action0=stop,30.1,0.98,-26.8,0,-0.92,0,stand,17,true,,,,0

[team_member5]
resource=player
movetype=0
pathtype=2
base_angle_y=0.0
enter_time=0
alpha_in=0
alpha_out=0
time_action0=stop,32.01,0.99,-26.31,0,-0.85,0,stand,17,true,,,,0

[Z1]
resource=npc\fbnpc004003a
movetype=0
pathtype=2
base_angle_y=0.0
enter_time=0
alpha_in=0
alpha_out=0
time_action0=stop,15.90,0.45,1.30,0,-1.510124,0,stand,0.1,true,,,,0,1.00,
time_action1=moveto,-56.46,0.45,0.72,fi_run,9.2,true,,,,0,1.00,0,

[MM2]
resource=npc\fbnpc004003a
movetype=0
pathtype=2
base_angle_y=0.0
enter_time=0
alpha_in=0
alpha_out=0
time_action0=stop,11.06,0.45,-1.26,0,-1.519943,0,stand,0.1,true,,,,0,1.00,
time_action1=moveto,-62.45,0.45,-0.88,fi_run,9.2,true,,,,0,1.00,0,

[MM3]
resource=npc\fbnpc004003a
movetype=0
pathtype=2
base_angle_y=0.0
enter_time=0
alpha_in=0
alpha_out=0
time_action0=stop,17.06,0.45,-4.10,0,-1.51667,0,stand,0.1,true,,,,0,1.00,
time_action1=moveto,-54.91,0.45,-3.94,fi_run,9.2,true,,,,0,1.00,0,

[MM4]
resource=npc\fbnpc004003a
movetype=0
pathtype=2
base_angle_y=0.0
enter_time=0
alpha_in=0
alpha_out=0
time_action0=stop,20.68,0.44,-2.69,0,-1.529759,0,stand,0.1,true,,,,0,1.00,
time_action1=moveto,-51.06,0.45,-2.83,fi_run,9.2,true,,,,0,1.00,0,

[MM5]
resource=npc\fbnpc004003a
movetype=0
pathtype=2
base_angle_y=0.0
enter_time=0
alpha_in=0
alpha_out=0
time_action0=stop,28.21,0.38,-0.63,0,-1.546121,0,stand,0.1,true,,,,0,1.00,
time_action1=moveto,-44.44,0.45,0.08,fi_run,9.2,true,,,,0,1.00,0,

