[system]
hide_weapon=1
esc_key=1
enternpc=30DIH513[hewt]@-5 -19 256
gutname=513WYLSsiwangdiaoxin
taskname=movie_clone004_513.ini
info=
teamtype=1
refertype=2
show_all_npc=0
wait_terrain=1
music=fight3

[WYLS]
resource=npc\fbboss004006_m
movetype=0
pathtype=2
base_angle_y=0.0
enter_time=0
alpha_in=0
alpha_out=0
time_action0=stop,1.24,0.67,-7.55,0,0.031208,0,stand,1.0,true,,,,1,1.00,
time_action1=moveto,1.20,-0.08,-2.06,buff01,1,true,,,,1,1.00,0,
time_action2=stop,-0.20,2.13,14.52,0,0.207953,0,stand,1.0,true,,,,1,1.00,
time_action3=moveto,0.91,3.05,21.18,buff01,1,true,,,,0,1.00,0,
time_action4=stop,-0.91,3.02,20.37,0,-2.842023,0,ds_diedownloop1_1,1.0,true,,,,0,1.00,
time_action5=stop,-0.91,2.84,20.37,0,-2.842023,0,ds_diedownloop1_1,9,true,,,,1,1.00,

[xin]
resource=npc\itemnpc542
movetype=0
pathtype=2
base_angle_y=0.0
enter_time=6
alpha_in=0
alpha_out=0
time_action0=stop,-0.19,2.60,18.03,0,0.122862,0,stand,9,true,,,,1,1.00,

[men]
resource=npc\fbmac021033
movetype=0
pathtype=2
base_angle_y=0.0
enter_time=0
alpha_in=0
alpha_out=0
time_action0=stop,0.31,3.22,23.45,0,0.335,0,closeloop,5,true,,,,0,1.00,

[scenario_camera]
pathtype=2
angletype=4
modetype=3
time_action0=20,1,0,1.225553,2.289831,-4.679382,-0.034428,3.133599,0,1.225553,2.289831,-4.679382,-0.034428,3.133599,0,
time_action1=20,1,0,1.225553,2.289831,-4.679382,-0.034428,3.133599,0,1.380103,1.796999,0.257416,0.024912,3.181591,0,
time_action2=20,1,0,-1.449606,3.345565,18.84082,-0.043707,1.63258,0,-1.449606,3.345565,18.84082,-0.043707,1.63258,0,
time_action3=20,1,0,-0.528055,3.140753,8.734741,-0.078613,0.16214,0,0.472683,4.22594,18.471741,-0.500983,0.255952,0,
time_action4=20,2,0,0.566243,5.045493,19.791809,-0.151917,0.164322,0,0.566243,5.045493,19.791809,-0.151917,0.164322,0,
time_action5=20,1,0,0.566243,5.045493,19.791809,-0.151917,0.164322,0,0.636256,5.111017,20.21402,-0.151917,0.164322,0,
time_action6=20,2,0,0.636256,5.111017,20.21402,-0.151917,0.164322,0,0.801239,5.265426,21.208984,-0.151917,0.164322,0,
time_action5_vibrate=0,0.04,0.02,1
time_action7=20,5,0,1.325874,3.590326,17.435913,0.382154,-1.413019,0,1.325874,3.590326,17.435913,0.382154,-1.413019,0,

[team_member0]
resource=player
movetype=0
pathtype=2
base_angle_y=0.0
enter_time=0
alpha_in=0
alpha_out=0
time_action0=stop,0.20,2.52,17.42,0,-3.113627,0,stand,2,true,,,,0,1.00,
time_action1=moveto,0.3,3.02,20.92,qg_fastback02,0.9,true,,,,0,0.85,1,
time_action2=stop,0.8,3.14,21.67,0,0.201408,0,stand,0.1,true,,,,0,1.00,
time_action3=moveto,0.8,4.2,21.67,qg_S_runs_f,0.3,true,,,,1,1.00,0,
time_action4=moveto,0.28,3.85,18.05,qg_S_jumpp_f,0.5,true,,,,1,1.00,1,
time_action5=stop,-1.01,2.36,16.36,0,0.335574,0,stand,2.2,true,,,,0,1.00,
time_action6=stop,-0.33,2.13,14.46,0,0.027959,0,stand,2,true,,,,0,1.00,
time_action7=moveto,-0.18,2.49,17.28,walk,2,true,,,,0,1.00,0,
time_action8=stop,-0.18,2.49,17.28,0,0.083591,0,interact332,4,true,,,,0,0.91,

[fade_section]
time_action0=0,1.0,2
time_action1=4.,2,2
time_action2=6,1.0,0
time_action3=13,1.0,1
time_action4=14,1.0,2

[screen_section]
time_action0=3,1.0,3,0.0,0.0

[movie_talk_id]
r0=1,movie_513_1,2,
r1=9,movie_513_2,2,

[sound_section]
r0=1,fight\attack\att_1H_006.wav
r1=2,fight\other\fight_qg_edt_02.wav
r2=3,fight\other\fight_qg_edt_02.wav
r3=4,clone005\8106_37.wav

[luoshi]
resource=npc\fbmac004012
movetype=0
pathtype=2
base_angle_y=0.0
enter_time=5
alpha_in=0
alpha_out=0
time_action0=stop,0.13,3.22,22.07,0,0.207937,0,stand,3,true,,,effect_clone007_luoshi|Model::Point01|3|1,0,1.00,

[luoshi2]
resource=npc\fbmac004012
movetype=0
pathtype=2
base_angle_y=0.0
enter_time=5
alpha_in=0
alpha_out=0
time_action0=stop,1.81,3.28,22.80,0,0.126125,0,stand,4,true,,,effect_clone007_luoshi|Model::Point01|4|1,0,1.00,

