[system]
enternpc=
gutname=10001yyc
taskname=10001yyc.ini
info=
teamtype=0
refertype=2
show_all_npc=0
wait_terrain=1
show_head_to_chat=0
recover_camera=1
hide_weapon=1

[player]
resource=player
movetype=0
pathtype=2
base_angle_y=0.0
enter_time=0
alpha_in=0
alpha_out=0
size_x=100
size_y=100
size_z=100
show_name=0
name=
time_action0=stop,2544.09,18.47,1994.28,0,0,0,stand,2,true,,,,0,1.00,
time_action1=moveto,2544.18,16.47,2001.96,walk,5.5,true,,,,0,1.00,1,,0,0,0,0
time_action2=stop,2544.18,16.47,2001.96,0,0,0,stand,2,true,,,,0,1.00,

[fade_section]
time_action0=0,1.0,0
time_action1=8.5,1.0,1

[scenario_camera]
pathtype=2
angletype=4
modetype=3
time_action0=20,2,0,2544.110107,20.110001,1995.790039,0.07,3.15,0,2544.110107,20.110001,1995.790039,0.07,3.15,0,
is_offset_angle=0
offset_angle_y=0.0
time_action1=20,2,0,2544.11,20.11,1995.79,0.07,3.15,0.00,2544.13,20.00,2001.79,-0.02,-3.15,0.00,
time_action2=20,2,0,2544.20,20.54,1998.76,0.14,-0.54,0.00,2544.20,20.54,1998.76,0.14,0.23,0.00,
time_action3=20,0.5,1,2544.20,20.54,1998.76,0.14,0.23,0.00,2549.31,18.55,2011.66,0.78,0.53,0.00,
time_action4=20,3,0,2549.310059,18.549999,2011.660034,0.78,0.53,0,2549.310059,18.549999,2011.660034,0.78,0.53,0,

[1]
resource=npc\worldnpc1121
movetype=0
pathtype=2
base_angle_y=0.0
enter_time=0
alpha_in=0
alpha_out=0
show_name=0
name=
size_x=100
size_y=100
size_z=100
time_action0=stop,2551.68,13.47,2013.37,0.00,-0.50,0.00,h_diedownloop1_1,9,true,,,,0,1.00,

[2]
resource=npc\worldnpc719
movetype=0
pathtype=2
base_angle_y=0.0
enter_time=0
alpha_in=0
alpha_out=0
show_name=0
name=
size_x=100
size_y=100
size_z=100
time_action0=stop,2551,13.47,2015.84,0,-1.77,0,h_diedownloop1_1,9,true,,,,0,1.00,

