[scenario_camera]
pathtype=2
angletype=4
modetype=3
time_action0=20,5,0,2551.46,15.09,2014.36,0.06,4.30,0.00,2551.46,15.09,2014.36,0.06,4.30,0.00,
is_offset_angle=0
offset_angle_y=0.0
time_action1=20,4,0,2549.840088,15.58,2014.949951,-0.02,-1.31,0,2550.88,15.33,2013.93,0.13,0.93,0.00,
time_action2=20,0.5,1,2550.878174,15.329975,2013.929321,0.131262,0.93493,0,2550.88,15.33,2013.93,0.07,3.00,0.00,
time_action3=20,6,0,2550.879883,15.33,2013.930054,0.07,3,0,2550.879883,15.33,2013.930054,0.07,3,0,

[player]
resource=player
movetype=0
pathtype=2
base_angle_y=0.0
enter_time=0
alpha_in=0
alpha_out=0
size_x=100
size_y=100
size_z=100
show_name=0
name=
time_action0=stop,2550.14,13.47,2013.87,0,0.93,0,interact118,21.5,true,,,,0,1.00,

[fade_section]
time_action0=0,1.0,0
time_action1=20.5,1.0,1

[movie_talk_id]
r0=9,movie_10002_1,2,
r1=11,movie_10002_2,2,
r2=15,movie_10002_3,2,

[system]
enternpc=
gutname=10002yyc
taskname=10002yyc.ini
info=
teamtype=0
refertype=0
show_all_npc=1
wait_terrain=1
show_head_to_chat=0
recover_camera=1
repeat=0
esc_key=0
hide_weapon=1

[shenmiren]
resource=npc\worldnpc1190
movetype=0
pathtype=2
base_angle_y=0.0
enter_time=0
alpha_in=0
alpha_out=0
show_name=0
name=
size_x=100
size_y=100
size_z=100
time_action0=stop,2546.97,13.47,1998.82,0,1.76,0,stand,16,true,,,,0,1.00,
time_action1=moveto,2547.85,13.47,1999.14,walk,1.0,true,,,,0,1.00,0,,0,-0.00,1.65,0.00
time_action2=moveto,2547.91,13.47,1999.33,walk,0.5,true,,,,0,1.00,0,,0,-0.00,0.28,0.00
time_action3=moveto,2548.62,13.47,2004.65,walk,4,true,,,,0,1.00,0,,0,0,0,0

