[system]
enternpc=
gutname=10006yyc
taskname=10006yyc.ini
info=
teamtype=0
refertype=2
show_all_npc=0
wait_terrain=1
show_head_to_chat=0
recover_camera=1
esc_key=0
hide_weapon=1

[scenario_camera]
pathtype=2
angletype=4
modetype=3
time_action0=20,4,0,446.59,3.56,614.06,-0.22,1.71,0.00,442.77,3.26,615.61,0.20,1.85,0.00,
is_offset_angle=0
offset_angle_y=0.0
time_action1=20,4,0,447.21,3.13,619.10,0.34,3.53,0.00,447.21,3.13,619.10,0.34,3.53,0.00,
time_action2=20,2,0,447.37,3.66,619.97,0.43,5.34,0.00,447.37,3.66,619.97,0.43,5.34,0.00,
time_action3=20,9,0,443.11,2.21,621.41,0.21,5.88,0.00,443.109985,2.21,621.409973,0.21,5.88,0,
time_action4=20,3,0,444.12,2.34,623.40,0.08,3.13,0.00,444.12,2.34,623.40,0.08,3.13,0.00,

[player]
resource=player
movetype=0
pathtype=2
base_angle_y=0.0
enter_time=0
alpha_in=0
alpha_out=0
size_x=100
size_y=100
size_z=100
show_name=0
name=
time_action0=stop,450.16,3.41,613.42,0.00,-1.56,0.00,stand,1.0,true,,,,0,1.00,
time_action1=moveto,446.67,1.62,613.51,walk,3,true,,,,1,1.00,0,,0,0,0,0
time_action2=moveto,446.32,1.62,614.17,walk,0.7,true,,,,0,1.00,0,,0,-0.00,0.05,0.00
time_action3=moveto,446.54,0.75,618.99,walk,3,true,,,,1,1.00,0,,0,-0.00,0.03,0.00
time_action4=stop,444.2,1.25,620.99,0,0,0,sitdownchairfree02,4,true,,,,0,1.00,
time_action5=stop,444.12,1.24,620.95,0,0.09,0,sitdownfree01,11,true,,,,1,1.00,

[fade_section]
time_action0=0,1.0,2
time_action1=1,1.0,0
time_action2=21.7,1.0,1

[movie_talk_id]
r0=0,movie_10006_1,2,
r1=3,movie_10006_2,2,
r2=5,movie_10006_3,2,
r3=9,movie_10006_4,2,
r4=13,movie_10006_5,2,
r5=15,movie_10006_6,2,
r6=19,movie_10006_7,2,

[1]
resource=npc\worldnpc114
movetype=0
pathtype=2
base_angle_y=0.0
enter_time=2
alpha_in=0
alpha_out=0
show_name=0
name=
size_x=100
size_y=100
size_z=100
time_action0=stop,441.35,1.24,626.50,-0.00,3.12,0.00,stand,20,true,,,,0,1.00,

[2]
resource=npc\worldnpc1140
movetype=0
pathtype=2
base_angle_y=0.0
enter_time=2
alpha_in=0
alpha_out=0
show_name=0
name=
size_x=100
size_y=100
size_z=100
time_action0=stop,442.52,1.24,625.38,0,-1.51,0,ty_sitchair_drinkloop_free01,20,true,,,,0,1.00,

[3]
resource=npc\worldnpc102
movetype=0
pathtype=2
base_angle_y=0.0
enter_time=2
alpha_in=0
alpha_out=0
show_name=0
name=
size_x=100
size_y=100
size_z=100
time_action0=stop,441.39,1.24,623.07,-0.00,-3.10,0.00,stand,1.0,true,,,,0,1.00,
time_action1=stop,441.39,1.24,623.07,-0.00,-3.10,0.00,ty_sitchair_drinkloop_free01,19,true,,,,0,1.00,

[4]
resource=npc\worldnpc008
movetype=0
pathtype=2
base_angle_y=0.0
enter_time=0
alpha_in=0
alpha_out=0
show_name=0
name=
size_x=100
size_y=100
size_z=100
time_action0=stop,444.96,0.75,617.13,0,2.21,0,stand,5,true,,,,0,1.00,
time_action1=stop,444.96,0.75,617.13,0,2.21,0,ty_turn_l_talk,2,true,,,,0,1.00,
time_action2=moveto,447.26,0.75,618.55,walk,2,true,,,,0,1.00,0,,0,-0.00,0.93,0.00

[5]
resource=npc\worldnpc105
movetype=0
pathtype=2
base_angle_y=0.0
enter_time=0
alpha_in=0
alpha_out=0
show_name=0
name=
size_x=100
size_y=100
size_z=100
time_action0=stop,450.4,0.75,616.88,0,-1.46,0,stand,22,true,,,,0,1.00,

