[system]
esc_key=0
enternpc=
gutname=10034yyc
taskname=10034yyc.ini
info=
teamtype=0
refertype=2
show_all_npc=0
wait_terrain=1
show_head_to_chat=0
recover_camera=1
hide_weapon=1

[scenario_camera]
pathtype=2
angletype=4
modetype=3
time_action0=20,2,0,-602.38,179.60,-509.76,-0.56,0.97,0.00,-602.380005,179.600006,-509.76001,-0.56,0.97,0,
is_offset_angle=0
offset_angle_y=0.0
time_action1=20,5,1,-602.380005,179.600006,-509.76001,-0.56,0.97,0,-582.61,197.01,-475.78,-0.22,0.23,0.00,
time_action2=20,1,0,-582.608459,197.011932,-475.779785,-0.218727,0.225293,0,-582.608459,197.011932,-475.779785,-0.218727,0.225293,0,
time_action3=20,2,0,-575.86,209.45,-442.88,0.61,3.40,0.00,-575.86,209.45,-442.88,0.61,3.40,0.00,

[player]
resource=player
movetype=0
pathtype=2
base_angle_y=0.0
enter_time=0
alpha_in=0
alpha_out=0
size_x=100
size_y=100
size_z=100
show_name=0
name=
time_action0=stop,-579.11,197.44,-454.77,0,-3,0,stand,1,true,,,,0,1.00,
time_action1=moveto,-580.42,196.63,-463.8,walk,5,true,,,,1,1.00,0,,0,0,0,0
time_action2=stop,-580.42,196.63,-463.80,-0.00,-3.00,0.00,stand,1.0,true,,,,0,1.00,
time_action3=moveto,-578.93,197.31,-457.01,run_back,4,true,,,,1,1.00,1,,0,0,0,0
time_action4=moveto,-582.33,196.60,-464.27,qg_fastrun_0h_01,0.7,true,,,,1,1.00,0,,0,-0.00,-2.57,0.00
time_action5=moveto,-582.45,198.25,-464.95,qg_jump02,0.5,true,,,,1,1.00,1,,0,-0.00,-2.57,0.00
time_action6=moveto,-608.96,177.44,-526.23,qg_gj_air_rush_2_typ4,2.8,true,,,,1,1.00,1,,0,0,0,0

[fade_section]
time_action0=0,1.0,0
time_action1=14,1.0,1

[1]
resource=npc\worldnpc_yyczyb_004
movetype=0
pathtype=2
base_angle_y=0.0
enter_time=0
alpha_in=0
alpha_out=0
show_name=0
name=
size_x=100
size_y=100
size_z=100
time_action0=stop,-581.06,196.45,-464.54,-0.00,-3.12,0.00,stand,1,true,,,,0,1.00,
time_action1=moveto,-580.91,197.46,-465.62,jump,0.5,true,,,,1,1.00,0,,0,-0.00,-2.60,0.00
time_action2=moveto,-605.85,182.59,-527.23,qg_gj_air_rush_1_typ4,6,true,,,,1,0.70,0,,0,-0.00,-2.85,0.00

