[system]
enternpc=
gutname=10032yyc
taskname=10032yyc.ini
info=
teamtype=0
refertype=2
show_all_npc=0
wait_terrain=1
show_head_to_chat=0
recover_camera=1
esc_key=0
hide_weapon=1

[scenario_camera]
pathtype=2
angletype=4
modetype=3
time_action0=20,4,0,1426.92,205.26,1115.71,-0.05,1.75,0.00,1425.16,205.12,1115.37,0.05,1.69,0.00,
is_offset_angle=0
offset_angle_y=0.0
time_action1=20,1,0,1431.76,206.63,1110.42,0.19,-0.94,0.00,1431.76,206.63,1110.42,0.19,-0.94,0.00,
time_action2=20,6,0,1431.76001,206.630005,1110.420044,0.19,-0.94,0,1426.63,205.70,1114.29,0.12,-0.91,0.00,
time_action3=20,3,0,1419.03,203.81,1120.46,-0.18,4.34,0.00,1419.03,203.81,1120.46,-0.18,4.34,0.00,
time_action4=20,4,0,1418.55,204.44,1120.53,-0.08,7.64,0.00,1418.55,204.44,1120.53,-0.08,7.64,0.00,
time_action5=20,2,0,1418.83,203.89,1120.46,0.04,4.32,0.00,1418.83,203.89,1120.46,0.04,4.32,0.00,

[player]
resource=player
movetype=0
pathtype=2
base_angle_y=0.0
enter_time=0
alpha_in=0
alpha_out=0
size_x=100
size_y=100
size_z=100
show_name=0
name=
time_action0=stop,1427.58,203.69,1115.64,0,-1.55,0,stand,0.5,true,,,,0,1.00,
time_action1=stop,1427.58,203.69,1115.64,0.00,-1.55,0.00,ty_talk4,4,true,,,,0,1.00,
time_action2=moveto,1419.47,203.69,1120.74,walk,5,true,,,,1,1.00,0,,0,0.00,-1.68,0.00
time_action3=stop,1419.47,203.69,1120.74,0,-1.68,0,sit_start_1_0h,1,true,,,,0,0.42,
time_action4=stop,1419.47,203.69,1120.74,0,-1.68,0,parry_hitdownloop,3,true,,,,0,1.00,
time_action5=stop,1419.47,203.69,1120.74,0,-1.68,0,sit_dongying,11.5,true,,,,0,1.00,

[fade_section]
time_action0=0,1.0,0
time_action1=24,1.0,1

[movie_talk_id]
r0=1,movie_10032_1,2,
r1=11,movie_10032_2,2,

[1]
resource=npc\worldnpc231
movetype=0
pathtype=2
base_angle_y=0.0
enter_time=0
alpha_in=0
alpha_out=0
show_name=0
name=
size_x=100
size_y=100
size_z=100
time_action0=stop,1425.46,203.69,1105.26,-0.00,0.11,0.00,stand,10,true,,,,0,1.00,

[2]
resource=npc\worldnpc429
movetype=0
pathtype=2
base_angle_y=0.0
enter_time=0
alpha_in=0
alpha_out=0
show_name=0
name=
size_x=100
size_y=100
size_z=100
time_action0=stop,1418.02,203.69,1120.11,0,1.35,0,ty_sitground_loughloop,25,true,,,,0,1.00,

[3]
resource=npc\worldnpc117
movetype=0
pathtype=2
base_angle_y=0.0
enter_time=0
alpha_in=0
alpha_out=0
show_name=0
name=
size_x=100
size_y=100
size_z=100
time_action0=stop,1427.24,203.69,1114.71,0,-1.44,0,h_stand_4,5,true,,,,0,1.00,
time_action1=moveto,1419.12,203.69,1115.28,bow_walk1_1,7,true,,,,0,1.00,0,,0,0,0,0

[4]
resource=npc\fbfunnpc00024
movetype=0
pathtype=2
base_angle_y=0.0
enter_time=0
alpha_in=0
alpha_out=0
show_name=0
name=
size_x=100
size_y=100
size_z=100
time_action0=stop,1430.43,203.69,1110.10,0.00,-1.40,0.00,stand,20,true,,,,0,1.00,

[5]
resource=npc\npcitem978
movetype=0
pathtype=2
base_angle_y=0.0
enter_time=17
alpha_in=0
alpha_out=0
show_name=0
name=
size_x=100
size_y=100
size_z=100
time_action0=stop,1418.38,203.82,1120.28,0,-2.19,0,stand,8,true,,,,0,1.00,

