[system]
hide_weapon=0
enternpc=
gutname=10039yyc
taskname=10039yyc.ini
info=
teamtype=1
refertype=0
show_all_npc=0
wait_terrain=1
show_head_to_chat=1
recover_camera=1
esc_key=1

[team_member0]
resource=player
movetype=0
pathtype=2
base_angle_y=0.0
enter_time=0
alpha_in=0
alpha_out=0
size_x=100
size_y=100
size_z=100
show_name=0
name=
time_action0=stop,-7205.94,243.54,-7480.93,0,-2.58,0,stand,4,true,,,,0,1.00,
time_action1=moveto,-7213.23,243.57,-7492.88,walk,11,true,,,,0,1.00,0,,0,0,0,0
time_action2=stop,-7213.23,243.57,-7492.88,0,-2.58,0,stand,12,true,,,,0,1.00,

[scenario_camera]
pathtype=2
angletype=4
modetype=3
time_action0=20,4,0,-7218.09,260.14,-7499.86,-0.12,-2.62,0.00,-7218.09,260.14,-7499.86,0.60,-2.63,0.00,
is_offset_angle=0
offset_angle_y=0.0
time_action1=20,2,0,-7218.089844,260.140015,-7499.859863,0.6,-2.63,0,-7229.65,245.35,-7519.55,0.05,3.71,0.00,
time_action2=20,3,0,-7229.649902,245.350006,-7519.549805,0.05,3.71,0,-7229.649902,245.350006,-7519.549805,0.05,3.71,0,
time_action3=20,6,0,-7212.42,246.63,-7492.05,0.09,6.85,0.00,-7218.47,246.74,-7500.08,0.22,6.83,0.00,
time_action4=17,12,0,-7224.34,246.27,-7517.82,0.34,3.99,0.00,-7229.99,246.71,-7513.74,0.34,3.39,0.00,1

[fade_section]
time_action0=0,1.0,0
time_action1=26,1.0,1

[movie_talk_id]
r0=16,movie_10039_1,2,

[1]
resource=npc\boss226
movetype=0
pathtype=2
base_angle_y=0.0
enter_time=0
alpha_in=0
alpha_out=0
show_name=0
name=
size_x=100
size_y=100
size_z=100
time_action0=stop,-7231.20,244.43,-7522.18,-0.00,0.53,0.00,ty_sitground_lookround,11,true,,,,1,1.00,
time_action1=stop,-7230.45,243.57,-7521.00,-0.00,0.59,0.00,stand,1.0,true,,,,0,1.00,
time_action2=stop,-7230.45,243.57,-7521,0,0.59,0,stand,3,true,,,,0,1.00,
time_action3=moveto,-7229.52,243.57,-7519.82,walk,1,true,,,,0,1.00,0,,0,0,0,0
time_action4=stop,-7229.52,243.57,-7519.82,0,0.62,0,h_stand_10,11,true,,,,0,1.00,

[2]
resource=npc\worldnpc1721
movetype=0
pathtype=2
base_angle_y=0.0
enter_time=0
alpha_in=0
alpha_out=0
show_name=0
name=
size_x=100
size_y=100
size_z=100
time_action0=stop,-7228.65,243.57,-7522,0,0.57,0,stand,27,true,,,,0,1.00,

[3]
resource=npc\worldnpc1720
movetype=0
pathtype=2
base_angle_y=0.0
enter_time=0
alpha_in=0
alpha_out=0
show_name=0
name=
size_x=100
size_y=100
size_z=100
time_action0=stop,-7226.83,243.57,-7522.15,0,0.6,0,stand,27,true,,,,0,1.00,

[4]
resource=npc\worldnpc1720
movetype=0
pathtype=2
base_angle_y=0.0
enter_time=0
alpha_in=0
alpha_out=0
show_name=0
name=
size_x=100
size_y=100
size_z=100
time_action0=stop,-7233.08,243.57,-7517.75,0,0.56,0,stand,27,true,,,,0,1.00,

[5]
resource=npc\worldnpc1720
movetype=0
pathtype=2
base_angle_y=0.0
enter_time=0
alpha_in=0
alpha_out=0
show_name=0
name=
size_x=100
size_y=100
size_z=100
time_action0=stop,-7215.42,243.57,-7490.02,0,0.46,0,stand,27,true,,,,0,1.00,

[6]
resource=npc\worldnpc1721
movetype=0
pathtype=2
base_angle_y=0.0
enter_time=0
alpha_in=0
alpha_out=0
show_name=0
name=
size_x=100
size_y=100
size_z=100
time_action0=stop,-7232.34,243.57,-7519.64,0,0.59,0,stand,27,true,,,,0,1.00,

[7]
resource=npc\worldnpc1720
movetype=0
pathtype=2
base_angle_y=0.0
enter_time=0
alpha_in=0
alpha_out=0
show_name=0
name=
size_x=100
size_y=100
size_z=100
time_action0=stop,-7209.6,243.57,-7493.32,0,0.52,0,stand,27,true,,,,0,1.00,

[8]
resource=npc\worldnpc1721
movetype=0
pathtype=2
base_angle_y=0.0
enter_time=0
alpha_in=0
alpha_out=0
show_name=0
name=
size_x=100
size_y=100
size_z=100
time_action0=stop,-7232.12,244.43,-7521.74,0,2.15,0,sit_dongying,12,true,,,,0,1.00,
time_action1=stop,-7231.80,244.43,-7521.28,-0.00,0.52,0.00,stand,1.0,true,,,,0,1.00,
time_action2=stop,-7231.8,244.43,-7521.28,0,0.52,0,sit_state_1_7h,14,true,,,,0,1.00,

