[system]
enternpc=
gutname=10036yyc
taskname=10036yyc.ini
info=
teamtype=0
refertype=2
show_all_npc=0
wait_terrain=1
show_head_to_chat=0
recover_camera=1
esc_key=0
hide_weapon=1

[1]
resource=npc\worldnpc1730
movetype=0
pathtype=2
base_angle_y=0.0
enter_time=0
alpha_in=0
alpha_out=0
show_name=0
name=
size_x=100
size_y=100
size_z=100
time_action0=stop,-67.3,31.24,-238.05,0,-3.14,0,stand,6,true,,,,0,1.00,
time_action1=moveto,-67.3,31.27,-240.81,walk,2,true,,,,1,1.00,0,,0,0,0,0
time_action2=stop,-67.3,31.27,-240.81,0,-3.11,0,stand,7,true,,,,0,1.00,

[2]
resource=npc\worldnpc1731
movetype=0
pathtype=2
base_angle_y=0.0
enter_time=0
alpha_in=0
alpha_out=0
show_name=0
name=
size_x=100
size_y=100
size_z=100
time_action0=stop,-70.96,31.25,-238.04,0,3.14,0,stand,6,true,,,,0,1.00,
time_action1=moveto,-71.01,31.27,-240.72,walk,2,true,,,,1,1.00,0,,0,0,0,0
time_action2=stop,-71.01,31.27,-240.72,0,3.13,0,stand,7,true,,,,0,1.00,

[3]
resource=npc\worldnpc1730
movetype=0
pathtype=2
base_angle_y=0.0
enter_time=0
alpha_in=0
alpha_out=0
show_name=0
name=
size_x=100
size_y=100
size_z=100
time_action0=stop,-74.23,31.25,-238.21,0,3.14,0,stand,6,true,,,,0,1.00,
time_action1=moveto,-74.25,31.27,-240.75,walk,2,true,,,,1,1.00,0,,0,0,0,0
time_action2=stop,-74.25,31.27,-240.75,0,3.12,0,stand,7,true,,,,0,1.00,

[scenario_camera]
pathtype=2
angletype=4
modetype=3
time_action0=20,5,0,-71.24,35.25,-254.81,-0.39,9.43,0.00,-71.28,33.62,-243.30,-0.00,9.44,0.00,
is_offset_angle=0
offset_angle_y=0.0
time_action1=20,1,0,-71.279999,33.619999,-243.300003,0,9.44,0,-71.279999,33.619999,-243.300003,0,9.44,0,
time_action2=20,2,0,-70.99,34.32,-248.19,0.24,12.58,0.00,-70.99,34.32,-248.19,0.24,12.58,0.00,
time_action3=20,2,0,-72.21,33.91,-241.21,-0.10,3.19,0.00,-72.21,33.91,-241.21,-0.10,3.19,0.00,

[player]
resource=player
movetype=0
pathtype=2
base_angle_y=0.0
enter_time=0
alpha_in=0
alpha_out=0
size_x=100
size_y=100
size_z=100
show_name=0
name=
time_action0=stop,-71.30,34.85,-257.34,0.00,-0.00,0.00,stand,0.1,true,,,,0,1.00,
time_action1=moveto,-71.05,31.27,-250.45,walk,5,true,,,,1,1.00,0,,0,-0.00,0.02,0.00
time_action2=stop,-71.05,31.27,-250.45,0,0.02,0,stand,3,true,,,,0,1.00,
time_action3=moveto,-71.05,31.27,-250.61,walk,0.5,true,,,,0,1.00,0,,0,0,-2.67,0
time_action4=stop,-71.05,31.27,-250.61,0,-2.67,0,stand,6.4,true,,,,0,1.00,

[fade_section]
time_action0=0,1.0,0
time_action1=14.,1.0,1

[movie_talk_id]
r0=5,movie_10036_1,2,
r1=8,movie_10036_2,2,

[4]
resource=npc\worldnpc_yyczyb_004
movetype=0
pathtype=2
base_angle_y=0.0
enter_time=7
alpha_in=0
alpha_out=0
show_name=0
name=
size_x=100
size_y=100
size_z=100
time_action0=stop,-75.34,35.58,-258.6,0,0.06,0,logoin_stand,4,true,,,,0,1.00,
time_action1=moveto,-75.52,35.95,-259.16,walk,0.5,true,,,,1,1.00,0,,0,0,0,0
time_action2=moveto,-75.56,38.86,-263.91,walk,3.5,true,,,,1,1.00,0,,0,0,0,0

