[system]
enternpc=
gutname=10043yyc
taskname=10043yyc.ini
info=
teamtype=1
refertype=2
show_all_npc=0
wait_terrain=1
show_head_to_chat=1
recover_camera=1
esc_key=1
hide_weapon=1

[movie_talk_id]
r0=2,movie_10043_1,2,

[scenario_camera]
pathtype=2
angletype=4
modetype=3
time_action0=20,2,0,-578.00,215.32,6644.86,-0.04,3.16,0.00,-578.00,215.32,6644.86,-0.04,3.16,0.00,
is_offset_angle=0
offset_angle_y=0.0
time_action1=20,4,0,-578,215.320007,6644.859863,-0.04,3.16,0,-577.95,215.51,6647.18,0.13,3.16,0.00,
time_action2=17,3,0,-573.90,215.29,6647.47,0.09,-2.00,0.00,-577.10,214.30,6663.77,0.04,-2.98,0.00,1

[team_member0]
resource=player
movetype=0
pathtype=2
base_angle_y=0.0
enter_time=0
alpha_in=0
alpha_out=0
size_x=100
size_y=100
size_z=100
show_name=0
name=
time_action0=stop,-577.87,212.74,6675.31,0,-3.09,0,stand,12,true,,,,0,1.00,

[team_member1]
resource=player
movetype=0
pathtype=2
base_angle_y=0.0
enter_time=0
alpha_in=0
alpha_out=0
size_x=100
size_y=100
size_z=100
show_name=0
name=
time_action0=stop,-578.71,212.74,6675.36,0,-3.13,0,stand,12,true,,,,0,1.00,

[team_member2]
resource=player
movetype=0
pathtype=2
base_angle_y=0.0
enter_time=0
alpha_in=0
alpha_out=0
size_x=100
size_y=100
size_z=100
show_name=0
name=
time_action0=stop,-577.14,212.74,6675.25,0,-3.1,0,stand,12,true,,,,0,1.00,

[team_member3]
resource=player
movetype=0
pathtype=2
base_angle_y=0.0
enter_time=0
alpha_in=0
alpha_out=0
size_x=100
size_y=100
size_z=100
show_name=0
name=
time_action0=stop,-576.32,212.69,6675.12,0,-3.08,0,stand,12,true,,,,0,1.00,

[team_member4]
resource=player
movetype=0
pathtype=2
base_angle_y=0.0
enter_time=0
alpha_in=0
alpha_out=0
size_x=100
size_y=100
size_z=100
show_name=0
name=
time_action0=stop,-579.63,212.69,6675.1,0,-3.09,0,stand,12,true,,,,0,1.00,

[team_member5]
resource=player
movetype=0
pathtype=2
base_angle_y=0.0
enter_time=0
alpha_in=0
alpha_out=0
size_x=100
size_y=100
size_z=100
show_name=0
name=
time_action0=stop,-580.39,212.69,6675.1,0,-3.07,0,stand,12,true,,,,0,1.00,

[fade_section]
time_action0=0,1.0,0
time_action1=11,1.0,1

[1]
resource=npc\boss230
movetype=0
pathtype=2
base_angle_y=0.0
enter_time=0
alpha_in=0
alpha_out=0
show_name=0
name=
size_x=100
size_y=100
size_z=100
time_action0=stop,-578.01,214.51,6644.13,0,0.08,0,ty_sitchair_chessloop,2,true,,,,0,1.00,
time_action1=stop,-578.01,214.51,6644.13,0,0.08,0,ty_smile4,4,true,,,,0,1.00,
time_action2=moveto,-577.96,215.08,6644.84,qg_jump02,1.0,true,,,,1,1.00,0,,0,0.00,-0.01,0.00
time_action3=moveto,-577.84,212.74,6659.38,1h_qg_fastruning_s,2,true,,,,1,0.51,0,,0,0.00,-0.01,0.00
time_action4=stop,-577.84,212.74,6659.38,0.00,-0.01,0.00,stand,3,true,,,,0,1.00,

