[system]
esc_key=1
enternpc=
gutname=10041yyc
taskname=10041yyc.ini
info=
teamtype=1
refertype=2
show_all_npc=0
wait_terrain=1
show_head_to_chat=1
recover_camera=1

[scenario_camera]
pathtype=2
angletype=4
modetype=3
is_offset_angle=0
offset_angle_y=0.0
enter_time=0
time_action0=20,3,0,11500.64,10.76,6883.20,0.01,4.82,0.00,11499.79,11.32,6887.54,-0.02,3.13,0.00,
time_action1=20,7,0,11499.790039,11.32,6887.540039,-0.02,3.13,0,11500.20,11.52,6899.51,-0.02,3.12,0.00,
time_action2=20,6,0,11481.24,15.77,6898.00,0.20,1.26,0.00,11491.42,16.28,6881.43,0.25,0.37,0.00,

[team_member0]
resource=player
movetype=0
pathtype=2
base_angle_y=0.0
enter_time=0
alpha_in=0
alpha_out=0
size_x=100
size_y=100
size_z=100
show_name=0
name=
time_action0=stop,11499.91,10.49,6918.53,0,3.05,0,h_stand_2,16,true,,,,0,1.00,

[team_member1]
resource=player
movetype=0
pathtype=2
base_angle_y=0.0
enter_time=0
alpha_in=0
alpha_out=0
size_x=100
size_y=100
size_z=100
show_name=0
name=
time_action0=stop,11499.02,10.49,6918.52,0,-3.06,0,h_stand_2,16,true,,,,0,1.00,

[team_member2]
resource=player
movetype=0
pathtype=2
base_angle_y=0.0
enter_time=0
alpha_in=0
alpha_out=0
size_x=100
size_y=100
size_z=100
show_name=0
name=
time_action0=stop,11500.81,10.49,6918.48,0,-3.1,0,stand,16,true,,,,0,1.00,

[team_member3]
resource=player
movetype=0
pathtype=2
base_angle_y=0.0
enter_time=0
alpha_in=0
alpha_out=0
size_x=100
size_y=100
size_z=100
show_name=0
name=
time_action0=stop,11501.44,10.49,6918.46,0,-3.05,0,stand,16,true,,,,0,1.00,

[team_member4]
resource=player
movetype=0
pathtype=2
base_angle_y=0.0
enter_time=0
alpha_in=0
alpha_out=0
size_x=100
size_y=100
size_z=100
show_name=0
name=
time_action0=stop,11498.23,10.49,6918.26,0,-3.13,0,stand,16,true,,,,0,1.00,

[fade_section]
time_action0=0,1.0,0
time_action1=15,1.0,1

[movie_talk_id]
r0=9,movie_10041_1,2,

[1]
resource=npc\boss228
movetype=0
pathtype=2
base_angle_y=0.0
enter_time=0
alpha_in=0
alpha_out=0
show_name=0
name=
size_x=100
size_y=100
size_z=100
time_action0=stop,11499.83,10.49,6883.03,-0.00,0.03,0.00,stand,0.1,true,,,,0,1.00,
time_action1=moveto,11500.18,10.66,6900.80,ty_walk,13.5,true,,,,1,1.00,0,,0,-0.00,0.15,0.00
time_action2=stop,11500.18,10.66,6900.8,0,-0.08,0,stand,2.4,true,,,,0,1.00,

