[1]
PositionX=415.800446
PositionY=91.407066
PositionZ=972.211670
AngleX=0.458962
AngleY=-1199.429443
AngleZ=0.000000

