[system]
esc_key=1
restore_pos=1
enternpc=16WZHGN5954[caokun]@549 100 766
gutname=water
taskname=movie_qyschool03_5704.ini
info=
teamtype=0
refertype=0
show_all_npc=0
wait_terrain=1
hide_weapon=1

[player]
resource=player
movetype=0
pathtype=2
base_angle_y=0.0
enter_time=0
alpha_in=1
alpha_out=1
time_action0=stop,562.65,104.59,704.99,0,-0.11,0,ng_state_1,15,true,,,,0,1.00,
time_action1=stop,562.65,104.59,704.99,0,-0.11,0,xl_ng_succeed_01,8,false,,,,0,1.00,
time_action2=stop,562.65,104.59,704.99,0,-0.11,0,stand,4,true,,,,0,1.00,
time_action3=stop,562.65,104.59,704.99,0,-0.11,0,interact288,3,true,,,,0,1.00,
time_action4=stop,562.65,104.59,704.99,0,-0.11,0,stand,1.0,true,,,,0,1.00,

[xiuxingzhe]
resource=npc\fbboss00169
movetype=0
pathtype=2
base_angle_y=0.0
enter_time=0
alpha_in=1
alpha_out=1
time_action0=stop,562.72,104.59,707.24,0.00,-0.39,0.00,ty_dazuoloop,13,true,,,,0,1.00,
time_action1=stop,562.72,104.59,707.24,0.00,-0.39,0.00,1_stand_free01,4,true,,,,0,1.00,
time_action2=stop,562.70,104.59,707.28,-0.00,-3.10,0.00,walk,1.0,true,,,,0,1.00,
time_action3=stop,562.70,104.59,707.28,-0.00,-3.10,0.00,ty_nod,5,true,,,,0,1.00,
time_action4=stop,562.70,104.59,707.28,-0.00,-3.10,0.00,ty_talk,3,true,,,,0,1.00,
time_action5=stop,562.70,104.59,707.28,-0.00,-3.10,0.00,ty_nod,5,true,,,,0,1.00,

[fade_section]
time_action0=30,1.0,1
time_action1=31,1.0,2

[movie_talk_id]
r0=0,movie_5113_1,2,;;;
r1=5,movie_5113_2,2,
r2=10,movie_5113_3,2,
r3=15,movie_5113_4,2,
r4=20,movie_5113_5,2,
r5=25,movie_5113_6,2,

[scenario_camera]
pathtype=2
angletype=4
modetype=3
enter_time=0
time_action0=33,8,0,538.684631,106.263176,810.745422,0.26878,2.852655,0,559.014465,105.846756,726.341003,0.139357,2.929009,0,player
time_action1=33,10,0,559.014465,105.846756,726.341003,0.139357,2.929009,0,567.454346,108.340851,706.479553,0.774654,4.318732,0,player
time_action2=20,2,0,567.454346,108.340851,706.479553,0.774654,4.318732,0,567.454346,108.340851,706.479553,0.774654,4.318732,0,
time_action1_ctrl1=563.716309,112.19471,723.242126
time_action1_ctrl2=563.370605,108.660149,712.192749
time_action0_ctrl1=552.167358,103.510948,753.276611
time_action0_ctrl2=557.07019,101.890182,735.163513
time_action3=17,5,0,562.439819,106.979897,702.872131,0.348792,6.168777,0,562.439819,106.979897,702.872131,0.348792,6.168777,0,xiuxingzhe
time_action4=17,5,0,562.94873,106.514061,708.114319,0.265017,9.212207,0,562.94873,106.514061,708.114319,0.265017,9.212207,0,player

