[system]
esc_key=1
enternpc=
gutname=dongyunbolikai
taskname=task46044.ini
info=
teamtype=0
refertype=0
show_all_npc=0
wait_terrain=1
hide_weapon=1

[scenario_camera]
pathtype=2
angletype=4
modetype=3
enter_time=0
time_action0=17,4,0,717.91,104.58,491.62,0.38,1.73,0.00,722.68,103.75,493.78,0.18,2.96,0.00,dongyunbo
time_action1=17,4,0,722.679993,103.75,493.779999,0.18,2.96,0,722.81,103.62,493.14,-0.07,2.97,0.00,dongyunbo
time_action2=20,2,0,722.81,103.62,493.14,-0.07,2.97,0.00,722.81,103.62,493.14,-0.07,2.97,0.00,
time_action3=17,2,0,724.97,103.25,499.92,-0.01,3.55,0.00,724.97,103.25,499.92,-0.01,3.55,0.00,player
time_action4=17,3,0,731.914307,103.538437,515.17511,0.127816,1.581693,0,734.216797,103.348946,514.442932,0.047531,0.045804,0,dongyunbo2
time_action5=17,21,0,734.216797,103.348946,514.442932,0.047531,0.045804,0,734.249512,103.336319,515.442322,0.120835,0.034896,0,dongyunbo2

[player]
resource=player
movetype=0
pathtype=2
base_angle_y=0.0
enter_time=0
alpha_in=0
alpha_out=0
time_action0=stop,721.92,102.02,492.13,0,2.15,0,stand,9.7,true,,,,0,1.00,
time_action1=stop,723.4,101.76,496.58,0,6.01,0,stand,0.1,false,,,,0,0.00,
time_action2=stop,723.23,101.76,496.67,0,6.01,0,interact198,2.3,false,,,,0,0.01,

[dongyunbo]
resource=npc\worldnpc362
movetype=0
pathtype=2
base_angle_y=0.0
enter_time=0
alpha_in=0
alpha_out=0
time_action0=stop,723.23,102.29,490.99,0,5.9,0,stand,8,true,,,,0,1.00,
time_action1=moveto,723.29,102.01,493.16,walk,2,true,,,,0,0.50,0,

[xiayanhu]
resource=npc\worldnpc080
movetype=0
pathtype=2
base_angle_y=0.0
enter_time=0.0
alpha_in=0
alpha_out=0

[dongyunbo2]
resource=npc\worldnpc362
movetype=0
pathtype=2
base_angle_y=0.0
enter_time=9.4
alpha_in=0
alpha_out=0
time_action0=stop,735.13,101.65,512.72,0,0.09,0,stand,2.1,true,,,,0,1.00,
time_action1=moveto,734.92,101.63,547.44,walk,25,true,,,,0,1.00,0,

[movie_talk_id]
r0=0,movie_136_1,2,
r1=3,movie_136_2,2,
r2=6,movie_136_3,2,
r3=10,movie_136_4,2,
r4=13,movie_136_5,2,
r5=17,movie_136_6,0,

