[ppfilter]
GammaEnable=false
GradualEnable=true
GradualStart=0.200000
GradualEnd=1.000000
GradualExp=1.000000
GradualColor=255,119,165,214
HSIEnable=false
AdjustBaseColor=255,229,247,202
AdjustBrightness=55.000000
AdjustContrast=10.000000
AdjustSaturation=60.000000
AngleEnable=true
AngleStart=0.400000
AngleEnd=1.000000
AngleExp=0.700000
AngleColor=255,35,35,53

