[MainInfo]
FrameTime=0.033333
RulerStart=0.000000
RulerEnd=425.000000
CameraX=338.064880
CameraY=95.803314
CameraZ=439.643982
CameraRX=0.131551
CameraRY=3.067688
CameraRZ=0.000000
CaptureAngleX=0.000000
CaptureAngleY=0.000000
CaptureAngleZ=0.000000
CapturePosX=0.000000
CapturePosY=0.000000
CapturePosZ=0.000000
CanBreak=0
ShowPlayer=0
ShowNpc=0
ShowWeapon=0
Player=npc_3

[npc_1]
WorldType=objects
ObjectType=Actor
Name=0C367DE6A2834BF39A2865AC96EB9571
VisualType=Actor
PositionX=337.703827
PositionY=94.187080
PositionZ=438.847778
AngleX=-0.000000
AngleY=2.019998
AngleZ=0.000000
ScaleX=0.999989
ScaleY=1.000000
ScaleZ=0.999989
VisualConfig=ini\npc\b_banlvxinmo04.ini
Path=npc_1.xml

[npc_2]
WorldType=objects
ObjectType=Actor
Name=D7B625B9A83943CA9A502E48E9A0776E
VisualType=Actor
PositionX=340.231842
PositionY=94.192726
PositionZ=439.303558
AngleX=0.000000
AngleY=-1.734993
AngleZ=0.000000
ScaleX=0.999892
ScaleY=1.000000
ScaleZ=0.999892
VisualConfig=ini\npc\b_banlvxinmo03.ini
Path=npc_2.xml

[npc_3]
WorldType=objects
ObjectType=Actor
Name=BB72C51CE8BC4E1B9AA21BD38D1102FD
VisualType=Actor
PositionX=338.978516
PositionY=94.190010
PositionZ=436.930817
AngleX=-0.000000
AngleY=0.080001
AngleZ=0.000000
ScaleX=0.999989
ScaleY=1.000000
ScaleZ=0.999989
VisualConfig=ini\npc\b_banlvxinmo02.ini
Path=npc_3.xml

[camera_1]
WorldType=objects
ObjectType=camera
Name=3DC3ECA295FA481D9B8857281A755D99
VisualType=CameraWrapper
PositionX=319.522125
PositionY=107.099052
PositionZ=443.854431
AngleX=0.538794
AngleY=2.118666
AngleZ=-0.000000
ScaleX=0.999999
ScaleY=1.000000
ScaleZ=0.999991
VisualConfig=mdl\camera\camera01\camera.xmod
CameraType=free
Fovx=1.465188
Path=camera_1.xml

[camera_2]
WorldType=objects
ObjectType=camera
Name=78083CCC2CC147DE86468028752D0861
VisualType=CameraWrapper
PositionX=338.064880
PositionY=95.803314
PositionZ=439.643982
AngleX=0.131551
AngleY=3.067688
AngleZ=0.000000
ScaleX=1.000000
ScaleY=1.000000
ScaleZ=1.000000
VisualConfig=mdl\camera\camera01\camera.xmod
CameraType=free
Fovx=1.465188
Path=camera_2.xml

[camera_3]
WorldType=objects
ObjectType=camera
Name=E0983FD90DC04F0F9B158508224F557B
VisualType=CameraWrapper
PositionX=339.202759
PositionY=95.662178
PositionZ=439.377289
AngleX=0.047193
AngleY=1.778326
AngleZ=-0.000000
ScaleX=0.999999
ScaleY=1.000000
ScaleZ=1.000000
VisualConfig=mdl\camera\camera01\camera.xmod
CameraType=free
Fovx=1.465188
Path=camera_3.xml

[custom]
WorldType=global
ObjectType=custom
Name=
VisualType=
Path=custom.xml

[camera_4]
WorldType=objects
ObjectType=camera
Name=75F9C1C3F120400DB812C1E862781154
VisualType=CameraWrapper
PositionX=339.768646
PositionY=95.684555
PositionZ=441.653198
AngleX=0.076282
AngleY=-2.950425
AngleZ=0.000000
ScaleX=1.000000
ScaleY=1.000000
ScaleZ=1.000000
VisualConfig=mdl\camera\camera01\camera.xmod
CameraType=free
Fovx=1.465188
Path=camera_4.xml

[object_hsi]
WorldType=global
ObjectType=ppfilter_hsi
Name=
VisualType=
Path=object_hsi.xml

[clone001]
WorldType=music
ObjectType=Music
Name=2EEE1649B718457E94EBD255CE88EAB7
VisualType=Music
MusicConfig=mus\clone001.ogg
MusicType=npc
Path=clone001.xml

