[system]
hide_weapon=1
esc_key=1
enternpc=296WAWQG4050[hewt]@-33.866 1.420 245.663
gutname=4050shilijieshao
taskname=movie_wgm_4050.ini
info=
teamtype=0
refertype=2
show_all_npc=0
wait_terrain=1
show_head_to_chat=0
recover_camera=0

[zhaowuji]
resource=npc\worldnpc1225
movetype=0
pathtype=2
base_angle_y=0.0
enter_time=55
alpha_in=0
alpha_out=0
size_x=100
size_y=100
size_z=100
time_action0=stop,2.41,-0.00,0.06,0.00,-1.48,0.00,h_stand_2,11,true,,,,0,1.00,

[scenario_camera]
pathtype=2
angletype=4
modetype=3
time_action0=20,7,0,-87.823133,36.082323,0.378122,1.498582,3.844146,0,-88.207784,27.853739,-0.076254,1.518944,4.4561,0,
time_action1=20,3,0,-68.618825,8.083941,8.384577,-0.06641,5.423092,0,-69.823262,9.443008,8.254023,0.084851,5.522906,0,
time_action2=20,6,0,54.43755,1.335613,41.570856,-0.086645,7.86356,0,46.945215,0.685561,41.605555,-0.07501,7.855382,0,
time_action3=20,12,0,48.132199,10.174833,70.944727,0.660937,8.680058,0,52.404742,5.641636,60.58523,0.00353,6.317323,0,
time_action4=20,6,0,86.494643,1.079891,51.09054,0.015166,9.705966,0,81.965583,1.052338,51.846521,0.020984,10.429186,0,
time_action5=20,10,0,47.644499,-3.733578,-81.151876,-0.002287,6.322206,0,47.755359,-3.136008,-56.724325,-0.0721,6.292759,0,
time_action6=20,12,0,9.008292,7.745663,0.609339,0.02971,1.590163,0,64.532002,7.33802,0.223383,-0.031377,1.578709,0,
time_action7=20,5,0,1.629046,1.470004,0.072947,-0.059926,1.617494,0,1.230353,1.253241,0.056818,-0.144284,1.57986,0,
time_action8=20,5,0,-43.036443,7.981743,43.182642,0.2106,-0.413088,0,-42.582174,3.711333,42.953608,-0.135557,-0.421269,0,

[fade_section]
time_action0=0,1.0,0
time_action1=7,1.0,0
time_action2=10,1.0,0
time_action3=16,1.0,0
time_action4=27,1.0,1
time_action5=28,1.0,2
time_action6=29,1.0,0
time_action7=34,1.0,0
time_action8=42,1.0,1
time_action9=43,1.0,2
time_action10=44,1.0,0
time_action11=56,1.0,0
time_action12=65,1.0,1
time_action13=66,1.0,2

[movie_talk_id]
r0=1,movie_4050_1,2,
r1=10,movie_4050_2,2,
r2=22,movie_4050_3,2,
r3=34,movie_4050_4,2,
r4=44,movie_4050_5,2,
r5=56,movie_4050_6,2,

[music_section0]
name=clone019
trigger_time=0
keep_time=66
fade_in_time=0
fade_out_time=2
loop=0
start_time=3.52

[player]
resource=player
movetype=0
pathtype=2
base_angle_y=0.0
enter_time=0
alpha_in=0
alpha_out=0
size_x=100
size_y=100
size_z=100
time_action0=stop,-0.48,-4.96,0.05,0,1.56,0,stand,66,true,,,,1,1.00,

