[system]
esc_key=1
hide_weapon=1
enternpc=296WAWQG4050[hewt]@-120 10 246
gutname=4059jingbian
taskname=movie_wgm_4059.ini
info=
teamtype=0
refertype=2
show_all_npc=0
wait_terrain=1
show_head_to_chat=0
recover_camera=0
music=FBdonghua04_jiliezhengchao

[D1]
resource=npc\worldnpc1221
movetype=0
pathtype=2
base_angle_y=0.0
enter_time=0
alpha_in=0
alpha_out=0
size_x=100
size_y=100
size_z=100
time_action0=stop,-2.44,20.91,-0.24,0.00,-0.70,0.00,stand,1.0,true,,,,1,1.00,
time_action1=moveto,-1.69,0.52,-2.12,h_hurtouting_1,2,true,,,,1,1.00,1,
time_action2=stop,-1.69,0.52,-2.12,0,-0.56,0,h_hurtdowning_1,1.0,true,,,,0,1.00,
time_action3=stop,-1.69,0.52,-2.12,0,-0.56,0,h_hurtdownloop_1,5,true,,,,0,1.00,

[D2]
resource=npc\worldnpc1190
movetype=0
pathtype=2
base_angle_y=0.0
enter_time=0
alpha_in=0
alpha_out=0
size_x=100
size_y=100
size_z=100
time_action0=stop,-2.64,21,0.53,0,-2.78,0,stand,0.8,true,,,,1,1.00,
time_action1=moveto,-2.37,0.52,2.01,h_hurtouting_1,2,true,,,,1,1.00,1,
time_action2=stop,-2.37,0.52,2.01,0,-2.76,0,h_hurtdowning_1,1.0,true,,,,0,1.00,
time_action3=stop,-2.37,0.52,2.01,0,-2.76,0,h_hurtdownloop_1,5,true,,,,0,1.00,

[W1]
resource=npc\worldnpc626
movetype=0
pathtype=2
base_angle_y=0.0
enter_time=0
alpha_in=0
alpha_out=0
size_x=100
size_y=100
size_z=100
time_action0=stop,14.36,-4,-1.11,0,-1.63,0,stand,3.7,true,,,,0,1.00,
time_action1=moveto,7.16,-2.03,-1.85,h_run1_1,2,true,,,,0,1.00,0,

[W2]
resource=npc\fbfunnpc00002
movetype=0
pathtype=2
base_angle_y=0.0
enter_time=0
alpha_in=0
alpha_out=0
size_x=100
size_y=100
size_z=100
time_action0=stop,18.87,-4,0.55,0,-1.51,0,stand,3.7,true,,,,0,1.00,
time_action1=moveto,10.41,-4.01,1.24,h_run1_1,2,true,,,,0,1.00,0,

[scenario_camera]
pathtype=2
angletype=4
modetype=3
time_action0=20,2.7,0,-2.002472,1.328162,2.698074,-1.251749,9.591951,0,-2.002472,1.328162,2.698074,-1.251749,9.591951,0,
time_action1=20,1.1,0,-1.595772,9.247477,-0.373154,1.606572,4.792856,0,-1.595772,9.247477,-0.373154,1.606572,4.792856,0,
time_action2=20,1.8,0,15.120987,-2.700124,-0.259399,-0.028222,4.738856,0,15.64019,-2.106327,-0.257507,-0.147486,4.765037,0,
time_action3=20,3,0,15.173874,-2.696191,-0.363617,-0.083488,7.769188,0,15.75309,-2.521907,-0.336548,-0.18239,7.764281,0,

[player]
resource=player
movetype=0
pathtype=2
base_angle_y=0.0
enter_time=0
alpha_in=0
alpha_out=0
size_x=100
size_y=100
size_z=100
time_action0=stop,16.27,-4,-0.27,0,-1.59,0,logoin_stand_2,9,true,,,,0,1.00,

[fade_section]
time_action0=0,1.0,2
time_action1=1,0.5,0
time_action2=8,0.5,1
time_action3=8.5,1.0,2

[movie_talk_id]
r0=5,movie_4059_1,2,

[sound_section]
r0=2.7,fight\other\hurtdown.wav
r1=3,fight\other\hurtdown.wav

