[system]
enternpc=FunnpcClone007005[cangyudaozhang]@169 8 297
gutname=yilindeyiyuan
taskname=movie_clone009_643.ini
info=
teamtype=0
refertype=2
esc_key=1
music=FBdonghua01_beishang
hide_weapon=1
show_all_npc=0
wait_terrain=1

[yiling]
resource=npc\fbfunnpc00162
movetype=0
pathtype=2
base_angle_y=0.0
enter_time=0
alpha_in=0
alpha_out=0
time_action0=stop,-0.26,1.34,2.47,0,1.72,0,stand,29.5,true,,,,1

[scenario_camera]
pathtype=2
angletype=4
modetype=3
time_action0=20,2,0,0.561401,1.013568,-10.028595,-0.079849,6.457831,0,0.637665,2.608462,-10.171448,-0.079849,6.457831,0,
time_action1=20,1.5,0,0.637665,2.608462,-10.171448,-0.079849,6.457831,0,0.637665,2.608462,-10.171448,-0.079849,6.457831,0,
time_action2=20,7,0,0.631699,2.490834,1.738464,0.760527,4.855133,0,0.631699,2.490834,1.738464,0.760527,4.855133,0,
time_action3=20,2,0,0.631699,2.490834,1.738464,0.760527,4.855133,0,-0.313019,2.170017,2.477539,1.04184,4.871169,0,
time_action4=20,2,0,-0.313019,2.170017,2.477539,1.04184,4.871169,0,-0.313019,2.170017,2.477539,1.04184,4.871169,0,
time_action5=20,2,0,-0.447952,1.78685,2.442078,0.242164,3.333419,0,-0.447952,1.78685,2.442078,0.242164,3.333419,0,
time_action6=20,2,0,-0.313019,2.170017,2.477539,1.04184,4.871169,0,-0.313019,2.170017,2.477539,1.04184,4.871169,0,
time_action7=20,2,0,0.813248,3.630472,1.351288,1.031489,5.39754,0,0.813248,3.630472,1.351288,1.031489,5.39754,0,
time_action8=20,4,0,-0.527756,1.482601,2.224121,-0.056288,3.227873,0,-0.527756,1.482601,2.224121,-0.056288,3.227873,0,
time_action9=20,5,0,1.139679,4.741444,2.464722,1.204278,4.845761,0,1.139679,4.741444,2.464722,1.204278,4.845761,0,

[player]
resource=player
movetype=0
pathtype=2
base_angle_y=0.0
enter_time=0
alpha_in=0
alpha_out=0
time_action0=stop,3.38,0.67,-4.23,0,-0.93,0,stand,0.5,true,,,,1
time_action1=moveto,-0.45,0.67,1.50,run,2.5,true,,,,1,1.00
time_action2=stop,-0.56,0.69,1.50,-0.00,0.06,0.00,offact298,1,true,,,,1,1.00
time_action3=stop,-0.56,0.69,1.5,0,0.06,0,offact271,20,true,,,,1,1.00
time_action4=stop,-0.56,0.69,1.5,0,0.06,0,offact297,1.0,true,,,,1,1.00
time_action5=stop,-0.56,0.69,1.5,0,0.06,0,offact306,4.5,true,,,,1,1.00

[fade_section]
time_action0=0,1,0
time_action1=27.4,2.1,1

[movie_talk_id]
r0=5,movie_643_1,0,
r1=13,movie_643_2,1,
r2=15,movie_643_3,1,
r3=17,movie_643_4,1,
r4=19,movie_643_5,1,
r5=21,movie_643_6,0,

