[system]
esc_key=1
enternpc=FunnpcClone007005[cangyudaozhang]@128 127 104
gutname=motou
taskname=movie_clone009_646.ini
info=
teamtype=0
refertype=2
music=born02
hide_weapon=1
show_all_npc=0
wait_terrain=1
show_head_to_chat=0
recover_camera=0

[player]
resource=player
movetype=0
pathtype=2
base_angle_y=0.0
enter_time=0
alpha_in=0
alpha_out=0
time_action0=stop,10.63,0.05,-6.78,0,-0.78,0,logoin_stand_2,10,true,,,,0,1.00
time_action1=stop,10.63,0.05,-6.78,0,-0.78,0,logoin_stand_2,20,true,,,effect_dazuo_1|main_model::footL_01|7.5,0,1.00

[zhangruozhi]
resource=npc\fbboss00165
movetype=0
pathtype=2
base_angle_y=0.0
enter_time=0
alpha_in=0
alpha_out=0
time_action0=stop,51.2,-4.61,48.98,0,-2.17,0,1_stand,13,true,,,,0,1.00
time_action1=stop,51.2,-4.61,48.98,0,-2.17,0,1_stand,6,true,,,,0,1.00
time_action2=stop,51.2,-4.61,48.98,0,-2.17,0,stand,1,true,,,,0,1.00
time_action3=stop,51.2,-4.61,48.98,0,-2.17,0,buff3,5,false,,,effect_light_move_86|fbboss00165_body_01|5,0,0.88
time_action4=stop,51.2,-4.61,48.98,0,-2.17,0,1_stand,5,true,,,,0,1.00

[movie_talk_id]
r0=3,movie_646_1,0,
r1=10,movie_646_2,0,
r2=25,movie_646_3,0,

[scenario_camera]
pathtype=2
angletype=4
modetype=3
time_action0=20,5,0,8.171295,1.786835,-3.18029,0.178405,2.540881,0,8.171295,1.786835,-3.18029,0.178405,2.540881,0,
time_action1=33,4,0,-0.217346,6.59845,-7.031517,0.041383,5.949999,0,46.185593,-2.654892,45.696777,0.205617,0.983123,0,zhangruozhi
time_action1_ctrl1=-6.509834,8.356339,6.435654
time_action1_ctrl2=-15.14888,11.775925,35.553391
time_action3_ctrl1=56.116013,-2.823662,45.296768
time_action3_ctrl2=49.892792,-2.829674,56.331528
time_action2=17,2,0,46.185593,-2.654892,45.696777,0.205617,0.983123,0,46.185593,-2.654892,45.696777,0.205617,0.983123,0,zhangruozhi
time_action3=65,12,0,46.185593,-2.654892,45.696777,51.134338,-3.063988,48.873474,0,0,1.0,1,zhangruozhi
time_action4=17,2,0,46.185593,-2.654892,45.696777,0.205617,0.983123,0,46.185593,-2.654892,45.696777,0.205617,0.983123,0,zhangruozhi
time_action5=20,5,0,10.081711,1.708115,-6.163826,0.140718,2.423843,0,10.081711,1.708115,-6.163826,0.140718,2.423843,0,
time_action1_vibrate=5,0.3,0.1,4

[fade_section]
time_action0=0,3,0
time_action1=28,1.5,1
time_action2=29.5,1.0,2

[guhai1]
resource=npc\guhai001
movetype=0
pathtype=2
base_angle_y=0.0
enter_time=0
alpha_in=0
alpha_out=0
time_action0=stop,50.78,-4.62,47.11,0.00,-0.71,0.00,stand,30.000008,true,,,,0,1.00

[guhai3]
resource=npc\fbmac009004
movetype=0
pathtype=2
base_angle_y=0.0
enter_time=0
alpha_in=0
alpha_out=0
time_action0=stop,50.66,-4.62,49.38,-0.45,-2.39,-0.00,stand,30,true,,,,0,1.00

[shiti1]
resource=npc\worldnpc232
movetype=0
pathtype=2
base_angle_y=0.0
enter_time=0
alpha_in=0
alpha_out=0
size_x=100
size_y=100
size_z=100
time_action0=stop,53.31,-4.61,48.07,0,1.56,0,b_diedownloop1_1,30,true,,,,0,1.00,

[shiti2]
resource=npc\worldnpc368
movetype=0
pathtype=2
base_angle_y=0.0
enter_time=0
alpha_in=0
alpha_out=0
time_action0=stop,48.40,-4.61,47.18,-0.00,2.27,0.00,h_diedownloop1_1,30,true,,,,0,1.00,
size_x=100
size_y=100
size_z=100

[screen_section]
time_action0=5,4,3,0.0,0.0

