[system]
esc_key=1
enternpc=FunnpcClone007005[cangyudaozhang]@124 100 -546
gutname=qiaoyu
taskname=movie_clone009_648.ini
info=
teamtype=0
refertype=2
hide_weapon=1
music=FBdonghua02_huiyi
show_all_npc=0
wait_terrain=1
show_head_to_chat=0
recover_camera=0

[jueyoushitai]
resource=npc\fbboss00162
movetype=0
pathtype=2
base_angle_y=0.0
enter_time=0
alpha_in=0
alpha_out=0
time_action0=stop,4.91,127.04,-8.86,0,-0.45,0,h_stand_2,15,true,,,,0,1.00,
size_x=100
size_y=100
size_z=100
time_action1=stop,4.91,127.04,-8.86,0,-0.45,0,ty_kv3_2,7,true,,,,0,1.00,
time_action2=stop,4.91,127.04,-8.86,0,-0.45,0,h_stand_2,13,true,,,,0,1.00,
time_action3=stop,4.91,127.04,-8.86,0,-0.45,0,ty_cry,8,true,,,,0,1.00,

[player]
resource=player
movetype=0
pathtype=2
base_angle_y=0.0
enter_time=0
alpha_in=0
alpha_out=0
time_action0=stop,2.16,124.77,-3.79,-0.00,2.62,0.00,interact288,6,true,,,,0,1.00,
time_action1=stop,2.16,124.77,-3.79,-0.00,2.62,0.00,logoin_stand_2,4,true,,,,0,1.00,
time_action2=stop,2.16,124.77,-3.79,-0.00,2.62,0.00,interact008,6,false,,,,0,1.00,
time_action3=stop,2.16,124.77,-3.79,-0.00,2.62,0.00,logoin_stand_2,5,true,,,,0,1.00,
time_action4=stop,2.16,124.77,-3.79,0,2.62,0,interact330,8,true,,,,0,1.00,
time_action5=stop,2.16,124.77,-3.79,0,2.62,0,interact306,7,true,,,,0,1.00,
time_action6=stop,2.16,124.77,-3.79,-0.00,2.62,0.00,logoin_stand_2,7,true,,,,0,1.00,
size_x=100
size_y=100
size_z=100

[movie_talk_id]
r0=1,movie_648_2,2,
r1=6,movie_648_3,2,
r2=10,movie_648_4,2,
r3=16,movie_648_5,2,
r4=21,movie_648_6,2,
r5=36,movie_648_7,2,

[fade_section]
time_action0=0,2,0
time_action1=42,1.0,1
time_action2=43,1.0,2

[scenario_camera]
pathtype=2
angletype=4
modetype=3
time_action0=20,6,0,2.689484,126.305283,-4.698242,0.2227,5.782625,0,2.992172,126.448105,-5.251526,0.2227,5.782625,0,
time_action1=20,4,0,4.739944,128.2836,-7.429871,-0.053062,3.064915,0,4.727066,128.274673,-7.262268,-0.053062,3.064915,0,
time_action2=20,3,0,2.022308,126.077774,-4.588684,-0.133347,6.493615,0,2.022308,126.077774,-4.588684,-0.133347,6.493615,0,
time_action3=20,3,0,5.412842,128.045395,-9.702087,-0.203159,-0.4949,0,5.351303,128.320908,-9.565491,-0.126365,-0.540715,0,
time_action4=20,5,0,4.672638,128.255814,-7.865906,-0.115893,2.899323,0,4.558594,128.151779,-7.404297,-0.067024,2.888415,0,
time_action5=20,15,0,4.100082,126.359985,-5.071106,0.219211,5.177431,0,5.024918,126.540863,-4.746094,0.282043,4.965811,0,
time_action6=20,7,0,5.168503,127.809799,-7.136902,-0.234576,3.27043,0,5.089432,127.988892,-7.609131,-0.252029,3.307519,0,

