[system]
esc_key=1
enternpc=FunnpcClone007005[cangyudaozhang]@682 314 24
gutname=zhujuedechengsi
taskname=movie_clone009_653.ini
info=
teamtype=0
refertype=2
music=school06
hide_weapon=1
show_all_npc=0
wait_terrain=1

[player]
resource=player
movetype=0
pathtype=2
base_angle_y=0.0
enter_time=0
alpha_in=0
alpha_out=0
time_action0=stop,5.19,1.30,1.37,-0.00,0.28,0.00,grd_0h_stand,0.1,true,,,,0,1.00
time_action1=moveto,8.85,3.35,15.56,fi_0h_run,5,true,,,,0,1.00
time_action2=stop,8.85,3.35,15.56,0,0.72,0,logoin_stand_2,27.9,true,,,,0,1.00

[scenario_camera]
pathtype=2
angletype=4
modetype=3
enter_time=0
time_action0=20,2,0,3.401611,3.998627,-5.330338,0.124356,0.281436,0,3.401611,3.998627,-5.330338,0.124356,0.281436,0,
time_action1=17,3,0,13.057678,6.432312,17.778687,0.386156,-2.091939,0,13.057678,6.432312,17.778687,0.386156,-2.091939,0,player
time_action2=65,25,0,13.057678,6.432312,17.778687,9.072571,3.548126,15.490932,0,0,1.0,1,player
time_action3=17,3,0,13.108276,6.422485,17.851151,0.332486,-2.028975,0,13.108276,6.422485,17.851151,0.332486,-2.028975,0,player
time_action0_ctrl1=1.74585,3.805115,-0.108297
time_action0_ctrl2=-4.261902,3.270508,-3.232346

[fade_section]
time_action0=0,2,0
time_action1=31,2,1

[movie_talk_id]
r0=3,movie_653_1,0,
r1=15,movie_653_2,0,

[screen_section]

