[system]
esc_key=1
hide_weapon=1
enternpc=FunnpcClone007005[cangyudaozhang]@-386 55 578
gutname=kaichang
taskname=movie_clone009_654.ini
info=
teamtype=0
refertype=2
show_all_npc=0
wait_terrain=1
music=clone009
show_head_to_chat=0
recover_camera=0
restore_pos=0

[yiling]
resource=npc\fbfunnpc00162
movetype=0
pathtype=2
base_angle_y=0.0
enter_time=0
alpha_in=0
alpha_out=0
time_action0=stop,28.1,10.2,-25.44,0,-1.49,0,stand_free01,53,true,,,,1,1.00,
size_x=100
size_y=100
size_z=100

[fangzi]
resource=npc\fbmac002019
movetype=0
pathtype=2
base_angle_y=0.0
enter_time=0
alpha_in=0
alpha_out=0
size_x=100
size_y=100
size_z=100
time_action0=stop,0,-0.28,0,0,0,0,stand,53,true,,,,1,1.00,

[xizi]
resource=npc\itemnpc617
movetype=0
pathtype=2
base_angle_y=0.0
enter_time=0
alpha_in=0
alpha_out=0
size_x=100
size_y=100
size_z=100
time_action0=stop,27.06,10,-25.48,0,-3.1,0,stand,53,true,,,,1,1.00,

[scenario_camera]
pathtype=2
angletype=4
modetype=3
time_action0=20,1,0,27.583801,10.876015,-24.952209,0.653517,-10.714965,0,27.583801,10.876015,-24.952209,0.653517,-10.714965,0,
time_action1=20,10,0,27.583801,10.876015,-24.952209,0.653517,-10.714965,0,28.069977,10.857658,-25.825195,0.852485,-11.491659,0,
time_action2=20,14,0,-48.664185,45.905754,-90.335907,0.555773,-3.441353,0,-31.946442,37.785774,-144.04483,0.056609,-3.415172,0,
time_action3=20,2,0,25.16629,52.840393,-265.550079,-0.177319,8.720518,0,25.189423,52.760628,-265.573242,-0.135431,8.735792,0,
time_action4=20,12,0,25.16629,52.840393,-265.550079,-0.177319,8.720518,0,22.403992,53.653938,-270.114227,-0.07609,8.225252,0,
time_action5=20,2,0,28.048859,11.223389,-25.511536,1.292309,-11.026954,0,28.048859,11.223389,-25.511536,1.292309,-11.026954,0,
time_action6=20,11,0,28.269592,10.865967,-25.46521,1.117775,-11.072778,0,27.372986,13.616898,-25.530884,1.292309,-10.989862,0,

[fade_section]
time_action0=0,1.0,2
time_action1=1,1.0,0
time_action2=10,1.0,1
time_action3=11,1.0,2
time_action4=12,1.0,0
time_action5=24,1.0,1
time_action6=25,2,2
time_action7=27,1.0,0
time_action8=38,1.0,1
time_action9=39,2,2
time_action10=41,1.0,0
time_action11=51,1.0,1
time_action12=52,2,2

[movie_talk_id]
r0=1,movie_654_1,0,
r1=9,movie_654_2,0,
r2=18,movie_654_3,0,
r3=28,movie_654_4,0,
r4=41,movie_654_5,0,

