[ppfilter]
GammaEnable=false
GradualEnable=true
GradualStart=0.300000
GradualEnd=1.000000
GradualExp=1.000000
GradualColor=255,249,197,109
HSIEnable=true
AdjustBaseColor=255,254,255,249
AdjustBrightness=54.000000
AdjustContrast=3.000000
AdjustSaturation=55.000000
AngleEnable=true
AngleStart=0.400000
AngleEnd=1.000000
AngleExp=1.000000
AngleColor=255,8,8,12

