[pphdr]
BloomEnable=true
MaxBrightness=0.540000
GlowWeight=0.300000
Dither=0.009100
Gamma=1.500000
HDREnable=true
HDRExposure=3.000000
HDRGaussianScale=15.000000
HDRExposureAdd=0.200000

