[ppvolumelighting]
ppvolumelightingEnable=true
SunColor=255, 214,153,115
SunRadius=0.000000
SunLevel=4.000000
SunShineRadius=6.000000
SunShineUp=0.087000
SampleBias=0.203000
SampleDistance=1.985800

