[MainInfo]
FrameTime=0.033333
RulerStart=0.000000
RulerEnd=120.000000
CameraX=-925.718262
CameraY=3.083832
CameraZ=-6201.700684
CameraRX=0.005818
CameraRY=-2.451091
CameraRZ=0.000000
CaptureAngleX=0.000000
CaptureAngleY=0.000000
CaptureAngleZ=0.000000
CapturePosX=0.000000
CapturePosY=0.000000
CapturePosZ=0.000000
CanBreak=1
ShowPlayer=0
ShowNpc=0
ShowWeapon=0
Player=

[camera_1]
WorldType=objects
ObjectType=camera
Name=C7F90390969149918A6003E3F64A9861
VisualType=CameraWrapper
PositionX=-925.718262
PositionY=3.083832
PositionZ=-6201.700684
AngleX=0.005818
AngleY=-2.451091
AngleZ=0.000000
ScaleX=1.000000
ScaleY=1.000000
ScaleZ=1.000000
VisualConfig=mdl\camera\camera01\camera.xmod
CameraType=free
Fovx=1.326379
Path=camera_1.xml

[object_hsi]
WorldType=global
ObjectType=ppfilter_hsi
Name=
VisualType=
Path=object_hsi.xml

[npc_1]
WorldType=objects
ObjectType=Actor
Name=0959E00A5FBA413EAE850B3F47617E71
VisualType=Actor
PositionX=-931.787231
PositionY=1.340979
PositionZ=-6212.060547
AngleX=-0.000000
AngleY=1.394992
AngleZ=0.000000
ScaleX=0.999990
ScaleY=1.000000
ScaleZ=0.999990
VisualConfig=ini\npc\homenpc002_b.ini
Path=npc_1.xml

[npc_2]
WorldType=objects
ObjectType=Actor
Name=23A2C55A0FB34332ABFC06392F6564F7
VisualType=Actor
PositionX=-935.048767
PositionY=1.334492
PositionZ=-6209.341309
AngleX=-0.000000
AngleY=1.564998
AngleZ=0.000000
ScaleX=0.999986
ScaleY=1.000000
ScaleZ=0.999986
VisualConfig=ini\npc\homenpc002_g.ini
Path=npc_2.xml

