[ppfilter]
GammaEnable=false
GradualEnable=true
GradualStart=0.300000
GradualEnd=1.000000
GradualExp=1.000000
GradualColor=255,22,137,209
HSIEnable=false
AdjustBaseColor=255,255,224,238
AdjustBrightness=60.000000
AdjustContrast=5.000000
AdjustSaturation=55.000000
AngleEnable=true
AngleStart=0.300000
AngleEnd=0.980000
AngleExp=0.700000
AngleColor=255,8,8,12

