[ppdof]
PPdofEnable=true
Linear=true
StartDepth=0.000000
EndDepth=20.000000
FocusDepth=17.000000
BlurValue=0.010000
MaxofBlur=3.000000

