[ppfilter]
GammaEnable=false
GradualEnable=true
GradualStart=0.300000
GradualEnd=0.700000
GradualExp=1.000000
GradualColor=255,55,108,198
HSIEnable=true
AdjustBaseColor=255,254,255,249
AdjustBrightness=52.000000
AdjustContrast=3.000000
AdjustSaturation=54.000000
AngleEnable=true
AngleStart=0.400000
AngleEnd=1.000000
AngleExp=0.700000
AngleColor=255,8,8,12

