[pphdr]
BloomEnable=true
MaxBrightness=0.150000
GlowWeight=0.450000
Dither=0.005000
Gamma=1.500000
HDREnable=true
HDRExposure=4.000000
HDRGaussianScale=20.000000
HDRExposureAdd=0.200000

