[MainInfo]
FrameTime=0.033333
RulerStart=0.000000
RulerEnd=450.000000
CameraX=1769.938232
CameraY=31.054911
CameraZ=481.971710
CameraRX=-0.598710
CameraRY=0.007914
CameraRZ=-0.000000
CaptureAngleX=0.000000
CaptureAngleY=0.000000
CaptureAngleZ=0.000000
CapturePosX=0.000000
CapturePosY=0.000000
CapturePosZ=0.000000
CanBreak=0
ShowPlayer=0
ShowNpc=0
ShowWeapon=0
Player=npc_2

[npc_4]
WorldType=objects
ObjectType=Actor
Name=1570E1E144154BD2A444C0D33B363EA8
VisualType=Actor
PositionX=1813.582886
PositionY=16.481438
PositionZ=455.209869
AngleX=0.000000
AngleY=-0.733185
AngleZ=0.000000
ScaleX=0.999920
ScaleY=1.000000
ScaleZ=0.999920
VisualConfig=ini\npc\worldnpc1671.ini
Path=npc_4.xml

[npc_1]
WorldType=objects
ObjectType=Actor
Name=267D0CC4A5894F09A83DEE6C23C53E31
VisualType=Actor
PositionX=1813.706421
PositionY=16.544746
PositionZ=453.660797
AngleX=0.000000
AngleY=-0.833179
AngleZ=0.000000
ScaleX=0.999914
ScaleY=1.000000
ScaleZ=0.999914
VisualConfig=ini\npc\worldnpc1680.ini
Path=npc_1.xml

[npc_5]
WorldType=objects
ObjectType=Actor
Name=14C32D2C2D9E45E493786D78C7A67495
VisualType=Actor
PositionX=1815.048340
PositionY=16.444780
PositionZ=454.944977
AngleX=0.000000
AngleY=-0.834992
AngleZ=0.000000
ScaleX=0.999967
ScaleY=1.000000
ScaleZ=0.999967
VisualConfig=ini\npc\worldnpc1683.ini
Path=npc_5.xml

[light_move_1027_1]
WorldType=objects
ObjectType=EffectModel
Name=4A46264984D14C858A22B2ABF4E79885
VisualType=EffectModel
PositionX=1769.362061
PositionY=16.591307
PositionZ=496.712463
AngleX=-0.000000
AngleY=0.000000
AngleZ=0.000000
ScaleX=2.579999
ScaleY=2.579999
ScaleZ=2.579999
EffectConfig=ini\effect\model.ini
EffectName=light_move_1027
Path=light_move_1027_1.xml

[npc_2]
WorldType=objects
ObjectType=Actor
Name=AEEE20E9D91F4C869154B0064207C8E4
VisualType=Actor
PositionX=1812.259888
PositionY=16.552666
PositionZ=456.841034
AngleX=-0.000000
AngleY=2.279970
AngleZ=0.000000
ScaleX=0.999780
ScaleY=1.000000
ScaleZ=0.999780
VisualConfig=ini\npc\b_banlvxinmo02.ini
Path=npc_2.xml

[camera_1]
WorldType=objects
ObjectType=camera
Name=620B9E6437B94B0EB3AEA6C1CC329B78
VisualType=CameraWrapper
PositionX=1818.357788
PositionY=17.470413
PositionZ=461.246979
AngleX=-0.118745
AngleY=-2.281194
AngleZ=0.000000
ScaleX=0.999999
ScaleY=0.999996
ScaleZ=0.999952
VisualConfig=mdl\camera\camera01\camera.xmod
CameraType=free
Fovx=1.442724
Path=camera_1.xml

[camera_2]
WorldType=objects
ObjectType=camera
Name=6FA717B9239749318FE3CDB71DB5B370
VisualType=CameraWrapper
PositionX=1769.938232
PositionY=31.054911
PositionZ=481.971710
AngleX=-0.598710
AngleY=0.007914
AngleZ=-0.000000
ScaleX=1.000000
ScaleY=1.000000
ScaleZ=1.000000
VisualConfig=mdl\camera\camera01\camera.xmod
CameraType=free
Fovx=1.442724
Path=camera_2.xml

[custom]
WorldType=global
ObjectType=custom
Name=
VisualType=
Path=custom.xml

[camera_3]
WorldType=objects
ObjectType=camera
Name=909D1CC893D74C06A03C597B3885BC83
VisualType=CameraWrapper
PositionX=1812.953369
PositionY=17.956135
PositionZ=458.254578
AngleX=0.020882
AngleY=-3.099316
AngleZ=-0.000000
ScaleX=0.999967
ScaleY=1.000000
ScaleZ=0.999988
VisualConfig=mdl\camera\camera01\camera.xmod
CameraType=free
Fovx=1.442724
Path=camera_3.xml

[camera_4]
WorldType=objects
ObjectType=camera
Name=78BDEAAE13C743DC8B5CBF16A2B66001
VisualType=CameraWrapper
PositionX=1813.201782
PositionY=17.954535
PositionZ=455.992493
AngleX=-0.040205
AngleY=-1.014738
AngleZ=0.000000
ScaleX=1.000000
ScaleY=1.000000
ScaleZ=1.000000
VisualConfig=mdl\camera\camera01\camera.xmod
CameraType=free
Fovx=1.442724
Path=camera_4.xml

[object_hsi]
WorldType=global
ObjectType=ppfilter_hsi
Name=
VisualType=
Path=object_hsi.xml

[city01_yanjing]
WorldType=music
ObjectType=Music
Name=FEE25F695C414857A273104F2BBF9FE8
VisualType=Music
MusicConfig=mus\city01_yanjing.ogg
MusicType=npc
Path=city01_yanjing.xml

