[ppvolumelighting]
ppvolumelightingEnable=true
SunColor=255, 160,193,214
SunRadius=0.000000
SunLevel=5.000000
SunShineRadius=5.000000
SunShineUp=0.001000
SampleBias=0.093000
SampleDistance=1.811800

