[MainInfo]
FrameTime=0.033333
RulerStart=0.000000
RulerEnd=200.000000
CameraX=0.000977
CameraY=11.956415
CameraZ=32.850754
CameraRX=0.049449
CameraRY=0.019635
CameraRZ=0.000000
CaptureAngleX=0.000000
CaptureAngleY=0.000000
CaptureAngleZ=0.000000
CapturePosX=0.000000
CapturePosY=0.000000
CapturePosZ=0.000000
CanBreak=1
ShowPlayer=0
ShowNpc=0
ShowWeapon=0
Player=

[npc_1]
WorldType=objects
ObjectType=action_obj
Name=731AF65EFD0B4AF98792C728F4822425
VisualType=Actor
PositionX=0.000000
PositionY=10.000000
PositionZ=0.000000
AngleX=-0.000000
AngleY=0.000000
AngleZ=0.000000
ScaleX=1.000000
ScaleY=1.000000
ScaleZ=1.000000
VisualConfig=ini\npc\b_huashan02.ini
Path=npc_1.xml

[camera_1]
WorldType=objects
ObjectType=camera
Name=03885AE8F8204DCCA56BDE98644DAACC
VisualType=CameraWrapper
PositionX=0.000977
PositionY=11.956415
PositionZ=32.850754
AngleX=0.049449
AngleY=0.019635
AngleZ=0.000000
ScaleX=1.000000
ScaleY=1.000000
ScaleZ=1.000000
VisualConfig=mdl\camera\camera01\camera.xmod
CameraType=free
Fovx=0.950021
Path=camera_1.xml

[light_move_1051b_ys_1]
WorldType=objects
ObjectType=EffectModel
Name=D77B43C691A44199BC544D14EF0F48A4
VisualType=EffectModel
PositionX=0.000000
PositionY=9.999999
PositionZ=0.000000
AngleX=-0.000000
AngleY=-3.141593
AngleZ=0.000000
ScaleX=1.000000
ScaleY=1.000000
ScaleZ=1.000000
EffectConfig=ini\effect\model.ini
EffectName=light_move_1051b_ys
Path=light_move_1051b_ys_1.xml

