[system]
enternpc=@0 0 0
gutname=qiecuo_duruo
taskname=movie_yhg_4276.ini
info=
teamtype=0
refertype=2
show_all_npc=0
wait_terrain=1
show_head_to_chat=0
recover_camera=0

[scenario_camera]
pathtype=2
angletype=4
modetype=3
time_action0=20,2,0,514.79,3.60,972.00,0.45,6.25,0.00,511.83,3.60,973.08,0.59,7.21,0.00,
time_action1=20,4,0,506.21,1.43,968.52,-0.03,0.89,0.00,513.37,1.76,974.15,-0.01,0.86,0.00,
time_action2=20,1,0,513.01,1.74,974.27,0.12,1.16,0.00,513.01001,1.74,974.27002,0.12,1.16,0,
time_action3=20,1,0,514.01,7.54,967.90,0.68,0.08,0.00,514.64,3.20,973.35,0.81,-0.08,0.00,

[duruo]
resource=npc\worldnpc1172
movetype=0
pathtype=2
base_angle_y=0.0
enter_time=0
alpha_in=0
alpha_out=0
size_x=100
size_y=100
size_z=100
time_action0=stop,514.21,0.79,974.95,-0.00,-2.99,0.00,dc_atk2_1,1.0,true,,,,0,1.00,
time_action1=stop,514.21,0.79,974.95,-0.00,-2.99,0.00,dc_atk1_1,1.0,true,,,,0,1.00,
time_action2=stop,514.21,0.79,974.95,-0.00,-2.99,0.00,dc_buffloop1_1,4,true,,,,0,1.00,
time_action3=stop,514.21,0.79,974.95,-0.00,-2.99,0.00,dc_buff1_1,2.5,true,,,,0,1.00,

[screen_section]
time_action0=7,1.0,3,0.0,0.0

