[system]
esc_key=0
enternpc=
gutname=busuzhike
taskname=busuzhike.ini
info=
teamtype=0
refertype=2
show_all_npc=0
wait_terrain=1
show_head_to_chat=0
recover_camera=1
hide_weapon=1

[scenario_camera]
pathtype=2
angletype=4
modetype=3
time_action0=20,3,0,201.77,63.80,546.29,0.33,1.82,0.00,201.77,63.80,546.29,0.33,1.82,0.00,
time_action1=20,1,0,201.770004,63.799999,546.289978,0.33,1.82,0,204.27,63.18,545.99,0.29,4.52,0.00,
time_action2=20,7,0,204.27,63.18,545.99,0.29,4.52,0.00,204.27,63.18,545.99,0.29,4.52,0.00,

[player]
resource=player
movetype=0
pathtype=2
base_angle_y=0.0
enter_time=0
alpha_in=0
alpha_out=0
size_x=100
size_y=100
size_z=100
time_action0=stop,207.92,60.01,545.05,0,1.93,0,stand,11.0,true,,,,0,1.00,

[fade_section]
time_action0=0,1.0,0
time_action1=10,1.0,1

[movie_talk_id]
r0=2,movie_4158_1,0,

[jingxuan]
resource=npc\worldnpc1162
movetype=0
pathtype=2
base_angle_y=0.0
enter_time=0
alpha_in=0
alpha_out=0
size_x=100
size_y=100
size_z=100
time_action0=stop,209.89,60.31,544.85,0,-1.69,0,ty_sit_jt,4.0,true,,,,0,1.00,
time_action1=stop,205.70,60.01,541.45,0.00,-1.10,0.00,stand,1.0,true,,,,0,1.00,
time_action2=moveto,199.4,60.31,544.09,run,2,true,,,,0,1.00,1,
time_action3=moveto,199.4,60.31,544.09,stand,4.0,true,,,,0,1.00,1,

[yuming]
resource=npc\worldnpc1162_1
movetype=0
pathtype=2
base_angle_y=0.0
enter_time=0
alpha_in=0
alpha_out=0
size_x=100
size_y=100
size_z=100
time_action0=stop,209.87,60.31,544.25,0,-1.35,0,ty_sit_jt,4.0,true,,,,0,1.00,
time_action1=stop,206.01,60.01,547.67,0.00,-1.85,0.00,stand,1.0,true,,,,0,1.00,
time_action2=moveto,199.78,60.09,545.69,run,2,true,,,,0,1.00,1,
time_action3=moveto,199.78,60.09,545.69,stand,4.0,true,,,,0,1.00,1,

[suke]
resource=npc\worldnpc1162_2
movetype=0
pathtype=2
base_angle_y=0.0
enter_time=0
alpha_in=0
alpha_out=0
size_x=100
size_y=100
size_z=100
time_action0=stop,199.33,60.31,544.97,0,-1.81,0,ty_writeloop,11.0,true,,,,0,1.00,

[yuetao]
resource=npc\worldnpc1163
movetype=0
pathtype=2
base_angle_y=0.0
enter_time=0
alpha_in=0
alpha_out=0
size_x=100
size_y=100
size_z=100
time_action0=stop,198.44,60.61,545.01,0,0.19,0,s_hurtdownloop_1,11.0,true,,,,0,1.00,

