[system]
hide_weapon=0
enternpc=
gutname=gongzhuchushou
taskname=gongzhuchushou.ini
info=
teamtype=0
refertype=2
show_all_npc=0
wait_terrain=1
show_head_to_chat=0
recover_camera=1
esc_key=0

[scenario_camera]
pathtype=2
angletype=4
modetype=3
time_action0=20,7,0,505.42,83.58,590.28,0.34,0.19,0.00,499.99,79.53,606.35,0.09,0.70,0.00,
time_action1=20,5.3,0,499.98999,79.529999,606.349976,0.09,0.7,0,499.98999,79.529999,606.349976,0.09,0.7,0,
time_action2=20,3,1,502.10,79.37,614.06,0.06,2.58,0.00,502.10,79.37,614.06,0.06,2.58,0.00,
time_action3=17,7.7,0,504.71,79.70,608.13,0.13,0.76,0.00,507.84,79.54,610.98,0.16,-1.16,0.00,duruo

[player]
resource=player
movetype=0
pathtype=2
base_angle_y=0.0
enter_time=0
alpha_in=0
alpha_out=0
size_x=100
size_y=100
size_z=100
time_action0=stop,507.31,77.92,614.42,0,3.14,0,stand,7.0,true,,,,0,1.00,
time_action1=stop,507.31,77.92,614.42,0.00,-1.64,0.00,stand,1.0,true,,,,0,1.00,
time_action2=stop,507.31,77.92,614.42,0,-1.64,0,stand,15,true,,,,0,1.00,

[fade_section]
time_action0=0,1.0,0
time_action1=22,1.0,1

[movie_talk_id]
r0=3,movie_4161_1,0,
r1=7,movie_4161_2,0,

[jingxuan]
resource=npc\worldnpc1162_1
movetype=0
pathtype=2
base_angle_y=0.0
enter_time=0
alpha_in=0
alpha_out=0
size_x=100
size_y=100
size_z=100
time_action0=stop,502.87,78,612.49,0,2.64,0,stand,14,true,,,,0,1.00,
time_action1=moveto,502.18,77.95,615.76,b_hurtout2_1,0.7,true,,,,1,1.00,1,
time_action2=stop,502.18,77.95,615.76,0,2.64,0,b_hurtdownloop_1,0.2,true,,,,0,1.00,
time_action3=stop,502.16,77.95,615.83,0,2.64,0,ty_lie_cryloop_free01,8.1,true,,,,0,1.00,

[yuming]
resource=npc\worldnpc1162
movetype=0
pathtype=2
base_angle_y=0.0
enter_time=0
alpha_in=0
alpha_out=0
size_x=100
size_y=100
size_z=100
time_action0=stop,503.41,77.95,612.95,0,2.85,0,stand,14,true,,,,0,1.00,
time_action1=moveto,503.63,77.95,616.87,b_hurtout2_1,0.7,true,,,,1,1.00,1,
time_action2=stop,503.63,77.95,616.87,0,-2.72,0,b_hurtdownloop_1,0.2,true,,,,0,1.00,
time_action3=stop,503.03,77.95,616.28,0,-2.47,0,ty_cry,8.1,true,,,,0,1.00,

[duruo]
resource=npc\worldnpc1172
movetype=0
pathtype=2
base_angle_y=0.0
enter_time=0
alpha_in=0
alpha_out=0
size_x=100
size_y=100
size_z=100
time_action0=stop,513.36,77.92,614.15,0,-2.73,0,stand,5.0,true,,,,0,1.00,
time_action1=stop,513.36,77.92,614.15,0,-1.7,0,stand,1,true,,,,0,1.00,
time_action2=stop,513.36,77.92,614.15,0,-1.7,0,stand,8.5,true,,,,0,1.00,
time_action3=moveto,503.39,78.01,614.8,run,1.5,true,,,,0,1.00,0,
time_action4=stop,503.39,78.01,614.8,0,2.98,0,stand,0.3,true,,,,0,1.00,
time_action5=stop,503.39,78.01,614.8,0,2.98,0,h_fi_stand_3,6.7,true,,,,0,1.00,

[xingyi]
resource=npc\worldnpc191
movetype=0
pathtype=2
base_angle_y=0.0
enter_time=0
alpha_in=0
alpha_out=0
size_x=100
size_y=100
size_z=100
time_action0=stop,512.21,77.92,614.67,0,-2.92,0,stand,5.0,true,,,,0,1.00,
time_action1=stop,512.21,77.92,614.67,0,-1.96,0,stand,1,true,,,,0,1.00,
time_action2=stop,512.21,77.92,614.67,0,-1.96,0,stand,9,true,,,,0,1.00,
time_action3=moveto,504.98,78.01,615.08,walk,4,true,,,,0,1.00,0,
time_action4=stop,504.98,78.01,615.08,-0.00,-2.80,0.00,stand,0.1,true,,,,0,1.00,
time_action5=stop,504.98,78.01,615.08,0,-2.8,0,h_fi_stand_2,3.9,true,,,,0,1.00,

[dagongzhu]
resource=npc\worldnpc1156
movetype=0
pathtype=2
base_angle_y=0.0
enter_time=0
alpha_in=0
alpha_out=0
size_x=100
size_y=100
size_z=100
time_action0=stop,508.45,78.05,603.41,0.00,-0.46,0.00,stand,1.0,true,,,,0,1.00,
time_action1=moveto,503.64,78.01,611.64,walk,8.0,true,,,,1,1.00,1,
time_action2=stop,503.64,78.01,611.64,0,-0.57,0,stand,4.2,true,,,,0,1.00,
time_action3=stop,503.64,78.01,611.64,0,-0.57,0,atkhit1,1.2,true,,,effect_light_move_640c1||2|2,0,1.00,
time_action4=stop,503.64,78.01,611.64,0,-0.57,0,stand,8.6,true,,,,0,1.00,

