[system]
enternpc=EventNpc_yhg_24@203 60 555
gutname=songjiangeishijie
taskname=songjiangeishijie.ini
info=
teamtype=0
refertype=2
show_all_npc=1
wait_terrain=1
show_head_to_chat=0
recover_camera=0
esc_key=0
hide_weapon=1

[player]
resource=player
movetype=0
pathtype=2
base_angle_y=0.0
enter_time=0
alpha_in=0
alpha_out=0
size_x=100
size_y=100
size_z=100
time_action0=stop,11.31,-0.01,10.4,0,-2.37,0,stand,0.1,true,,,,0,1.00,
time_action1=moveto,1.12,0.01,0.80,walk,6.0,true,,,,0,1.00,1,
time_action2=stop,1.12,0.01,0.8,0,3.11,0,stand,0.5,true,,,,0,1.00,
time_action3=stop,1.12,0.01,0.8,0,3.11,0,ty_kv3_1,15.4,true,,,,0,1.00,

[fade_section]
time_action0=0,1.0,0
time_action1=21,1.0,1

[scenario_camera]
pathtype=2
angletype=4
modetype=3
time_action0=20,6,0,13.54,2.63,12.04,0.30,4.06,0.00,5.27,2.53,5.38,0.25,3.87,0.00,
time_action1=20,1,0,5.270004,2.529999,5.380005,0.25,3.87,0,5.270004,2.529999,5.380005,0.25,3.87,0,
time_action2=20,15,1,-0.43,2.22,-11.31,0.21,1.42,0.00,-0.43,2.22,-11.31,0.21,1.42,0.00,

[movie_talk_id]
r0=5,movie_4157_1,0,
r1=7,movie_4157_3,2,
r2=12,movie_4157_4,2,
r3=16,movie_4157_5,2,
r4=20,movie_4157_2,0,

