[system]
enternpc=
gutname=kaoyan
taskname=yhg_rm_yc_01.ini
info=
teamtype=0
refertype=2
show_all_npc=0
wait_terrain=1
show_head_to_chat=0
recover_camera=0
esc_key=0
hide_weapon=0
restore_pos=1

[scenario_camera]
pathtype=2
angletype=4
modetype=3
time_action0=36,10,0,625.04,42.15,725.03,0.19,3.04,0.00,620.97,42.15,712.26,0.17,1.01,0.00,
time_action0_ctrl1=621.54,42.15,722.96
time_action0_ctrl2=619.43,42.15,717.83
time_action1=20,6,0,615.00,44.26,724.93,0.25,2.54,0.00,615.46,43.79,722.02,0.25,2.38,0.00,
time_action2=20,0,0,657.584534,61.232952,564.795471,0.492625,3.71791,0,657.584534,61.232952,564.795471,0.492625,3.71791,0,

[player]
resource=player
movetype=0
pathtype=2
base_angle_y=0.0
enter_time=0
alpha_in=0
alpha_out=0
size_x=100
size_y=100
size_z=100
time_action0=stop,627.89,39.72,718.95,0,-1.6,0,stand,14,true,,,,0,1.00,
time_action1=stop,627.89,39.72,718.95,0,-1.6,0,stand,2,true,,,,0,1.00,

[dagongzhu]
resource=npc\worldnpc1156
movetype=0
pathtype=2
base_angle_y=0.0
enter_time=0
alpha_in=0
alpha_out=0
size_x=100
size_y=100
size_z=100
time_action0=stop,623.48,39.48,718.51,0,1.54,0,talk,10,true,,,,0,1.00,
time_action1=stop,623.36,39.48,718.44,0,-3.12,0,stand,0.2,true,,,,0,1.00,
time_action2=moveto,621.7,39.51,711.64,walk,5.8,true,,,,0,1.00,0,

[movie_talk_id]
r0=1,movie_4153_1,0,
r1=4,movie_4153_2,0,
r2=7,movie_4153_3,0,
r3=10,movie_4153_4,0,

[fade_section]
time_action0=0,1.0,0
time_action1=16,1,1
time_action2=17,4,2
time_action3=21,0,2
time_action4=23,0,2

