[system]
enternpc=
gutname=yhg_panshi
taskname=yhg_panshi.ini
info=
teamtype=0
refertype=0
show_all_npc=0
wait_terrain=0
show_head_to_chat=0
recover_camera=0
esc_key=0
hide_weapon=1

[dagongzhu]
resource=npc\worldnpc1156
movetype=0
pathtype=2
base_angle_y=0.0
enter_time=0
alpha_in=0
alpha_out=0
size_x=100
size_y=100
size_z=100
time_action0=stop,509.6,78.27,601.94,0,0.07,0,stand,4,true,,,,0,1.00,
time_action1=stop,509.6,78.27,601.94,0,0.07,0,talk,4,true,,,,0,1.00,
time_action2=stop,509.6,78.27,601.94,0,0.07,0,stand,4,true,,,,0,1.00,
time_action3=stop,509.6,78.27,601.94,0,0.07,0,stand,4,true,,,,0,1.00,
time_action4=stop,509.6,78.27,601.94,0,0.07,0,talk,4,true,,,,0,1.00,
time_action5=stop,509.6,78.27,601.94,0,0.07,0,stand,4,true,,,,0,1.00,
time_action6=moveto,509.19,77.95,606.04,stand,0.5,true,,,effect_light_move_449b1|worldnpc1111::worldnpc1156|1|1,1,1.00,0,
time_action7=moveto,509.19,77.95,606.04,atkhit3,1,true,,,,1,1.00,1,
time_action8=stop,509.19,77.95,606.04,0,0,0,atkhit2,2,true,,,effect_light_move_640_g01|worldnpc1111::worldnpc1156|2|1,0,1.00,
time_action9=stop,509.19,77.95,606.04,0,0,0,stand,1,true,,,effect_light_move_640_g04|worldnpc1111::worldnpc1156|1|1,0,1.00,
time_action10=moveto,509.7,77.95,620.29,walk,7,true,,,effect_obj_circ_11|worldnpc1111::worldnpc1156|7|1,0,1.00,0,
time_action11=stop,509.7,77.95,620.29,0,0,0,stand,2,true,,,,0,1.00,

[scenario_camera]
pathtype=2
angletype=4
modetype=3
enter_time=0
time_action0=17,4,0,501.35,84.85,597.76,0.49,0.73,0.00,517.44,84.02,598.27,0.51,-0.58,0.00,player
time_action1=20,4,0,510.52,80.14,605.38,0.25,-2.76,0.00,513.67,82.29,612.98,0.28,-2.70,0.00,
time_action2=17,4,0,509.53,84.31,596.06,0.50,-6.20,0.00,509.94,80.34,605.08,0.40,-6.25,0.00,player
time_action3=20,4,0,515.31,80.80,608.35,0.34,-7.83,0.00,515.31,80.80,608.35,0.34,-7.83,0.00,
time_action4=17,4,0,508.02,79.99,605.59,0.28,-9.83,0.00,504.41,82.30,609.68,0.36,-10.03,0.00,dagongzhu
time_action5=17,4,0,507.75,82.27,599.98,0.53,-12.25,0.00,512.29,82.27,600.04,0.45,-12.87,0.00,player
time_action6=20,5,0,519.24,88.45,600.57,0.74,-13.32,0.00,503.98,90.32,594.43,0.66,-12.21,0.00,
time_action7=20,4,0,509.52,94.24,625.79,1.34,-15.45,0.00,506.72,85.21,624.09,1.01,-16.33,0.00,
time_action8=20,4,0,506.720001,85.209999,624.090027,1.01,-16.33,0,506.720001,85.209999,624.090027,1.01,-16.33,0,

[player]
resource=player
movetype=0
pathtype=2
base_angle_y=0.0
enter_time=0
alpha_in=0
alpha_out=0
size_x=100
size_y=100
size_z=100
time_action0=stop,509.53,77.95,607.29,0,-3.08,0,interact283,1,true,,,,0,1.00,
time_action1=stop,509.53,77.95,607.29,0,-3.08,0,stand,3,true,,,,0,1.00,
time_action2=stop,509.53,77.95,607.29,0,-3.08,0,stand,4,true,,,,0,1.00,
time_action3=stop,509.53,77.95,607.29,0,-3.08,0,interact257,4,true,,,,0,1.00,
time_action4=stop,509.53,77.95,607.29,0,-3.08,0,interact284,2,true,,,,0,1.00,
time_action5=stop,509.53,77.95,607.29,0,-3.08,0,stand,2,true,,,,0,1.00,
time_action6=stop,509.53,77.95,607.29,0,-3.08,0,stand,4,true,,,,0,1.00,
time_action7=stop,509.53,77.95,607.29,0,-3.08,0,interact324,4,true,,,,0,1.00,
time_action8=stop,509.53,77.95,607.29,0,-3.08,0,fi_3h_parrying_up,1.0,true,,,,0,1.00,
time_action9=moveto,509.77,78.02,609.47,qg_fastback,1.0,true,,,,1,1.00,1,
time_action10=moveto,509.77,78.02,609.47,fi_3h_parrying_up,1.5,true,,,effect_light_circ_32|main_model::Tpose|1.5|1,0,1.00,1,
time_action11=moveto,509.77,78.02,609.47,fi_3h_phyparry_beback,0.5,true,,,effect_light_move_164b|main_model::Tpose|0.5|3,0,1.00,1,
time_action12=moveto,509.88,77.95,621.87,hurt_float,1.0,true,,,,1,1.00,1,
time_action13=moveto,509.88,77.95,621.87,be_hurtdownloop,8,true,,,,0,1.00,1,

[fade_section]
time_action0=34,2,1
time_action1=36,1.0,2

[movie_talk_id]
r0=0,move_7003_1,2,
r1=4,move_7003_2,2,
r2=8,move_7003_3,2,
r3=12,move_7003_4,2,
r4=16,move_7003_5,2,
r5=20,move_7003_6,2,
r6=24,move_7003_7,2,
r7=27,move_7003_8,2,
r8=32,move_7003_9,2,

