[MainInfo]
FrameTime=0.033333
RulerStart=0.000000
RulerEnd=333.000000
CameraX=179.155289
CameraY=-77.266441
CameraZ=-599.324341
CameraRX=-0.121792
CameraRY=-3.950278
CameraRZ=0.000000
CaptureAngleX=0.000000
CaptureAngleY=0.000000
CaptureAngleZ=0.000000
CapturePosX=0.000000
CapturePosY=0.000000
CapturePosZ=0.000000
CanBreak=0
ShowPlayer=0
ShowNpc=0
ShowWeapon=0
Player=

[npc_1]
WorldType=objects
ObjectType=Actor
Name=2C53AC892051469DAE7F27B60E28F801
VisualType=Actor
PositionX=188.369308
PositionY=-78.980675
PositionZ=-604.589050
AngleX=0.002594
AngleY=-1.326866
AngleZ=-0.054781
ScaleX=0.999693
ScaleY=0.999859
ScaleZ=0.999704
VisualConfig=ini\npc\boss210.ini
Path=npc_1.xml

[camera_1]
WorldType=objects
ObjectType=camera
Name=F262F2FEC2E54EACA3AEEBA31994AAE9
VisualType=CameraWrapper
PositionX=251.311478
PositionY=-65.507317
PositionZ=-573.697937
AngleX=0.925472
AngleY=2.346015
AngleZ=-0.000000
ScaleX=0.999974
ScaleY=0.999965
ScaleZ=0.999961
VisualConfig=mdl\camera\camera01\camera.xmod
CameraType=free
Fovx=1.932298
Path=camera_1.xml

[camera_2]
WorldType=objects
ObjectType=camera
Name=49AE9DCFA47A41ADA9F651702EE006E7
VisualType=CameraWrapper
PositionX=259.349701
PositionY=-88.905701
PositionZ=-581.291809
AngleX=0.125464
AngleY=2.723969
AngleZ=-0.000000
ScaleX=1.000000
ScaleY=1.000000
ScaleZ=1.000000
VisualConfig=mdl\camera\camera01\camera.xmod
CameraType=free
Fovx=1.932298
Path=camera_2.xml

[custom]
WorldType=global
ObjectType=custom
Name=
VisualType=
Path=custom.xml

[camera_3]
WorldType=objects
ObjectType=camera
Name=4878A1EAA8CC4847B0F5757212AC7409
VisualType=CameraWrapper
PositionX=232.234741
PositionY=-69.061905
PositionZ=-584.700195
AngleX=0.544343
AngleY=1.969658
AngleZ=0.000000
ScaleX=1.000000
ScaleY=0.999991
ScaleZ=0.999991
VisualConfig=mdl\camera\camera01\camera.xmod
CameraType=free
Fovx=1.932298
Path=camera_3.xml

[camera_4]
WorldType=objects
ObjectType=camera
Name=F8BC2497F9F24BC59021998C427FA1B7
VisualType=CameraWrapper
PositionX=179.155289
PositionY=-77.266441
PositionZ=-599.324341
AngleX=-0.121792
AngleY=-3.950278
AngleZ=0.000000
ScaleX=1.000000
ScaleY=1.000000
ScaleZ=1.000000
VisualConfig=mdl\camera\camera01\camera.xmod
CameraType=free
Fovx=1.932298
Path=camera_4.xml

[light_move_827a_2_water_1]
WorldType=objects
ObjectType=EffectModel
Name=34272AAF0E1D441696091CCA9DB26DB1
VisualType=EffectModel
PositionX=252.426193
PositionY=-83.079941
PositionZ=-584.980896
AngleX=0.211457
AngleY=1.472313
AngleZ=0.116144
ScaleX=1.699934
ScaleY=1.699996
ScaleZ=1.699928
EffectConfig=ini\effect\model.ini
EffectName=light_move_827a_2_water
Path=light_move_827a_2_water_1.xml

[blast_move_29_1]
WorldType=objects
ObjectType=EffectModel
Name=B17C9DB6E20841D38236909C117D321D
VisualType=EffectModel
PositionX=186.092209
PositionY=-79.058464
PositionZ=-604.812683
AngleX=-0.000000
AngleY=0.000000
AngleZ=0.000000
ScaleX=1.529999
ScaleY=1.529999
ScaleZ=1.529999
EffectConfig=ini\effect\model.ini
EffectName=blast_move_29
Path=blast_move_29_1.xml

[light_move_1187_yj_1]
WorldType=objects
ObjectType=EffectModel
Name=312B208D90884072ABC44C6DF77E0417
VisualType=EffectModel
PositionX=182.283936
PositionY=-76.886658
PositionZ=-602.981934
AngleX=0.059291
AngleY=-1.034991
AngleZ=0.000000
ScaleX=0.659995
ScaleY=0.660000
ScaleZ=0.659994
EffectConfig=ini\effect\model.ini
EffectName=light_move_1187_yj
Path=light_move_1187_yj_1.xml

[object_hsi]
WorldType=global
ObjectType=ppfilter_hsi
Name=
VisualType=
Path=object_hsi.xml

[clone040]
WorldType=music
ObjectType=Music
Name=D064C3D70B4B4BC4A8DEF6C8C4CFD1A5
VisualType=Music
MusicConfig=mus\clone040.ogg
MusicType=npc
Path=clone040.xml

