[ppvolumelighting]
ppvolumelightingEnable=false
SunColor=255, 93,166,244
SunRadius=0.100000
SunLevel=2.000000
SunShineRadius=2.000000
SunShineUp=0.500000
SampleBias=0.500000
SampleDistance=1.750000

