[system]
enternpc=thd[gxchuansong]@-379 10 35
gutname=4209shuansong2
taskname=movie_thd_4209.ini
info=
teamtype=0
refertype=2
show_all_npc=0
wait_terrain=0
show_head_to_chat=0
recover_camera=0
hide_weapon=0

[player]
resource=player
movetype=0
pathtype=2
base_angle_y=0.0
enter_time=0
alpha_in=0
alpha_out=1
size_x=100
size_y=100
size_z=100
time_action0=stop,-8.22,35.99,2.98,0,-1.24,0,stand,0.5,true,,,,0,1.00,
time_action1=stop,-8.22,35.99,2.98,0,-1.24,0,stand,0.5,true,,,,0,1.00,
time_action2=moveto,-11.37,36.60,4.02,fi_0h_walk,2.9,true,,,,0,1.00,1,
time_action3=moveto,-13.26,36.93,4.66,fi_0h_walk,2,true,,,,0,1.00,1,

[scenario_camera]
pathtype=2
angletype=4
modetype=3
time_action0=20,6.5,0,-6.18869,38.05238,-0.284893,0.081018,5.455575,0,-6.943817,37.998844,0.382114,0.018186,5.412378,0,

[fade_section]
time_action0=0,1,2
time_action1=6.,0.5,1
time_action2=6.5,2,2

