[ppvolumelighting]
ppvolumelightingEnable=true
SunColor=255, 66,47,35
SunRadius=0.000000
SunLevel=9.870000
SunShineRadius=1.000000
SunShineUp=0.332000
SampleBias=0.093000
SampleDistance=1.811800

