[system]
hide_weapon=1
esc_key=0
enternpc=6455[hewt]@-189.362 947.616 319.635
gutname=6455scene20heizemotou
taskname=movie_scene20_6455.ini
info=
teamtype=0
refertype=2
show_all_npc=0
wait_terrain=1
show_head_to_chat=0
recover_camera=1
music=scene08

[heizemotou]
resource=npc\boss043
movetype=0
pathtype=2
base_angle_y=0.0
enter_time=0
alpha_in=0
alpha_out=0
show_name=0
name=
size_x=100
size_y=100
size_z=100
time_action0=stop,0.47,-0.05,-0.30,-0.00,2.04,0.00,stand,1.0,true,,,,0,1.00,
time_action1=stop,0.47,-0.05,-0.3,0,2.04,0,ty_drink,8,true,,,,0,1.00,
time_action2=stop,0.47,-0.05,-0.3,0,2.04,0,h_stand_2,26,true,,,,0,1.00,

[player]
resource=player
movetype=0
pathtype=2
base_angle_y=0.0
enter_time=0
alpha_in=0
alpha_out=0
size_x=100
size_y=100
size_z=100
show_name=0
name=
time_action0=stop,2.6,-0.12,-1.34,0,-1.09,0,logoin_stand_2,6,true,,,,0,1.00,
time_action1=stop,2.6,-0.12,-1.34,0,-1.09,0,offact289,7,true,,,,0,1.00,
time_action2=stop,2.6,-0.12,-1.34,0,-1.09,0,logoin_stand_2,6,true,,,,0,1.00,
time_action3=stop,2.6,-0.12,-1.34,0,-1.09,0,interact284,2.5,true,,,,0,1.00,
time_action4=stop,2.6,-0.12,-1.34,0,-1.09,0,logoin_stand_2,9,true,,,,0,1.00,
time_action5=stop,2.6,-0.12,-1.34,0,-1.09,0,interact284,2.5,true,,,,0,1.00,
time_action6=stop,2.6,-0.12,-1.34,0,-1.09,0,logoin_stand_2,2,true,,,,0,1.00,

[scenario_camera]
pathtype=2
angletype=4
modetype=3
time_action0=20,8,0,1.363328,1.150235,-0.729452,-0.118318,5.122276,0,1.928818,1.073636,-0.973287,-0.048504,5.153362,0,
is_offset_angle=0
offset_angle_y=0.0
time_action1=20,4,0,1.787034,1.348294,-0.536886,0.079486,2.36847,0,1.787034,1.348294,-0.536886,0.079486,2.36847,0,
time_action2=20,7,0,1.537095,1.039334,-0.766439,-0.327756,5.051934,0,1.127091,1.352018,-0.628011,-0.275396,5.050298,0,
time_action3=20,6,0,-1.174972,0.430509,4.052866,-0.05723,2.682652,0,-1.474685,2.165494,4.425669,0.242385,2.651563,0,
time_action4=20,10,0,17.194535,-0.333346,3.368632,-0.063047,4.449796,0,24.803147,-0.643893,5.416086,-0.164859,4.423619,0,

[fade_section]
time_action0=0,1.5,2
time_action1=1.5,1.0,0
time_action2=34,1.0,1
time_action3=35,2,2

[movie_talk_id]
r0=12,movie_6455_1,2,
r1=19,movie_6455_2,2,
r2=25,movie_6455_3,2,
r3=30,movie_6455_4,2,

