[system]
hide_weapon=1
esc_key=0
enternpc=6456[hewt]@-147.377 194.851 -115.258
gutname=6456scene23xiegaiguanjing
taskname=movie_scene23_6456.ini
info=
teamtype=0
refertype=2
show_all_npc=0
wait_terrain=1
show_head_to_chat=0
recover_camera=1
music=scene08

[huoche]
resource=npc\itemnpc721
movetype=0
pathtype=2
base_angle_y=0.0
enter_time=0
alpha_in=0
alpha_out=0
show_name=0
name=
size_x=100
size_y=100
size_z=100
time_action0=stop,-11.78,0.8,21.43,0,-1.19,0,walk,12,true,,,,1,1.00,
time_action1=moveto,-41.61,-0.78,32.91,walk,8,true,,,,1,1.00,0,,0,0.00,-1.21,0.00

[ma]
resource=npc\ride_horse_0101
movetype=0
pathtype=2
base_angle_y=0.0
enter_time=0
alpha_in=0
alpha_out=0
show_name=0
name=
size_x=100
size_y=100
size_z=100
time_action0=stop,-14.63,0.64,22.58,0,-1.21,0,walk,12,true,,,,1,1.00,
time_action1=moveto,-44.42,-0.93,33.99,ride_run_3,8,true,,,,1,1.00,0,,0,0,0,0

[guanjing]
resource=npc\worldnpc736
movetype=0
pathtype=2
base_angle_y=0.0
enter_time=0
alpha_in=0
alpha_out=0
show_name=0
name=
size_x=100
size_y=100
size_z=100
time_action0=stop,-13.07,1.67,21.94,0,-1.14,0,ty_sitground_drink,12,true,,,,1,1.00,
time_action1=moveto,-42.88,0.09,33.40,ty_sitground_drink,8,true,,,,1,1.00,0,,0,-0.00,0.00,0.00

[scenario_camera]
pathtype=2
angletype=4
modetype=3
time_action0=20,8,0,6.182206,4.082334,27.264592,-0.096886,2.503458,0,6.787294,4.386427,26.440701,-0.405228,2.511639,0,
is_offset_angle=0
offset_angle_y=0.0
time_action1=20,4,0,6.787294,4.386427,26.440701,-0.405228,2.511639,0,6.787294,4.386427,26.440701,-0.405228,2.511639,0,
time_action2=20,8,0,-16.788833,2.283247,24.840733,-0.003539,2.433103,0,-44.699355,0.414549,36.34631,-0.050081,2.655635,0,
time_action3=20,5,0,2.433335,8.431654,29.468243,0.650697,2.271109,0,-10.214339,21.024031,40.127858,0.650697,2.271109,0,

[player]
resource=player
movetype=0
pathtype=2
base_angle_y=0.0
enter_time=0
alpha_in=0
alpha_out=0
size_x=100
size_y=100
size_z=100
show_name=0
name=
time_action0=stop,7.17,3.05,25.91,0,-0.87,0,logoin_stand_2,7,true,,,,0,1.00,
time_action1=stop,7.17,3.05,25.91,0,-0.87,0,interact276,1,true,,,,0,1.00,
time_action2=stop,7.17,3.05,25.91,0,-0.87,0,interact277,11,true,,,,0,1.00,
time_action3=stop,7.17,3.05,25.91,0,-0.87,0,interact305,1.0,true,,,,0,1.00,
time_action4=stop,7.17,3.05,25.91,0,-0.87,0,interact305,5,true,,,,0,1.00,

[movie_talk_id]
r0=1,movie_6456_1,2,
r1=8,movie_6456_2,2,
r2=13,movie_6456_3,2,
r3=20,movie_6456_4,2,

[fade_section]
time_action0=0,1.0,2
time_action1=1,1.0,0
time_action2=12,1.0,0
time_action3=24,1.0,1
time_action4=25,2,2

[sound_section]
r0=12,footstep\9001_0401.wav
r1=14,footstep\9001_0401.wav
r2=16,footstep\9001_0401.wav
r3=17.4,footstep\9001_0401.wav

