[system]
esc_key=0
hide_weapon=1
enternpc=6457[hewt]@-495.222 129.906 241.504
gutname=6457scene23yiliyimo
taskname=movie_scene23_6457.ini
info=
teamtype=0
refertype=2
show_all_npc=0
wait_terrain=1
show_head_to_chat=0
recover_camera=1

[yili]
resource=npc\monster704
movetype=0
pathtype=2
base_angle_y=0.0
enter_time=0
alpha_in=0
alpha_out=0
show_name=0
name=
size_x=100
size_y=100
size_z=100
time_action0=stop,-0.52,-0.17,-0.54,0,-3.11,0,h_stand_2,21,true,,,,0,1.00,

[yimo]
resource=npc\monster705
movetype=0
pathtype=2
base_angle_y=0.0
enter_time=0
alpha_in=0
alpha_out=0
show_name=0
name=
size_x=100
size_y=100
size_z=100
time_action0=stop,-3.32,-13.50,-39.52,-0.00,-2.47,0.00,stand,1.0,true,,,,0,1.00,
time_action1=moveto,-9.33,-20.39,-48.32,h_walk1_1,11,true,,,,0,1.00,0,,0,-0.00,0.00,0.00
time_action2=moveto,-13.79,-24.38,-53.46,h_walk1_1,7,true,,,,0,1.00,0,,0,-0.00,0.00,0.00

[scenario_camera]
pathtype=2
angletype=4
modetype=3
time_action0=20,7,0,2.195969,1.829016,-0.802676,0.363252,-1.53336,0,2.790298,1.903891,-0.052126,0.217808,-1.644626,0,
is_offset_angle=0
offset_angle_y=0.0
time_action1=20,5,0,0.02742,1.550238,0.318159,0.290531,-2.866904,0,-0.060257,1.453634,0.007215,0.290531,-2.866904,0,
time_action2=20,6,0,-9.579605,-19.400278,-49.3324,-0.361375,0.323158,0,-14.109116,-23.068064,-53.147173,-0.384647,0.328067,0,
time_action3=20,3,0,-14.109116,-23.068064,-53.147173,-0.384647,0.328067,0,-14.627426,-23.331232,-53.623614,-0.501002,0.290434,0,

[player]
resource=player
movetype=0
pathtype=2
base_angle_y=0.0
enter_time=0
alpha_in=0
alpha_out=0
size_x=100
size_y=100
size_z=100
show_name=0
name=
time_action0=stop,1.9,0.28,0.08,0,-3.11,0,logoin_stand_2,21,true,,,,0,1.00,

[movie_talk_id]
r0=1,movie_6457_1,2,
r1=7,movie_6457_2,2,

[fade_section]
time_action0=0,1.0,2
time_action1=1,1.0,0
time_action2=20,1.0,1
time_action3=21,2,2

[music_section0]
name=main_scene_music_8
trigger_time=0
keep_time=22
fade_in_time=2
fade_out_time=2
loop=0
start_time=0

