[system]
hide_weapon=1
esc_key=0
enternpc=6551[hewt]@-293.235 126.455 -23.223
gutname=6551scene14LXKheQZDS
taskname=movie_scene14_6551.ini
info=
teamtype=0
refertype=2
show_all_npc=0
wait_terrain=1
show_head_to_chat=0
recover_camera=1
music=scene08

[LXK]
resource=npc\boss096
movetype=0
pathtype=2
base_angle_y=0.0
enter_time=0
alpha_in=0
alpha_out=0
show_name=0
name=
size_x=100
size_y=100
size_z=100
time_action0=stop,1.54,0.08,1.59,-0.00,-2.14,0.00,ty_bukuai_guard,18,true,,,,0,1.00,
time_action1=stop,1.54,0.08,1.59,-0.00,2.54,0.00,h_walk1_1,1.0,true,,,,0,1.00,
time_action2=stop,1.54,0.08,1.59,0,2.54,0,ty_bukuai_guard,21,true,,,,0,1.00,
time_action3=stop,1.54,0.08,1.58,-0.00,0.76,0.00,stand,1,true,,,,0,1.00,
time_action4=stop,1.54,0.08,1.58,0,0.76,0,h_stand_2,10,true,,,,0,1.00,

[QZDS]
resource=npc\fbboss00095
movetype=0
pathtype=2
base_angle_y=0.0
enter_time=15
alpha_in=0
alpha_out=0
show_name=0
name=
size_x=100
size_y=100
size_z=100
time_action0=stop,5.39,-0.07,-4.00,0.00,-0.61,0.00,stand,1.0,true,,,,0,1.00,
time_action1=moveto,4.02,-0.02,-2.03,h_walk1_1,2,true,,,,0,1.00,0,,0,0.00,-0.61,0.00
time_action2=stop,4.02,-0.02,-2.03,0,-0.61,0,ty_heshang_bow2,1.0,true,,,,0,1.00,
time_action3=stop,4.02,-0.02,-2.03,0,-0.61,0,ty_heshang_bowloop3,32,true,,,,0,1.00,

[movie_talk_id]
r0=1,movie_6551_1,2,
r1=9,movie_6551_2,2,
r2=14,movie_6551_3,2,
r3=18,movie_6551_4,2,
r4=26,movie_6551_5,2,
r5=32,movie_6551_6,2,
r6=38,movie_6551_7,2,
r7=44,movie_6551_8,2,

[player]
resource=player
movetype=0
pathtype=2
base_angle_y=0.0
enter_time=0
alpha_in=0
alpha_out=0
size_x=100
size_y=100
size_z=100
show_name=0
name=
time_action0=stop,-1.35,-0.01,-0.07,0,0.97,0,logoin_stand_2,15.5,true,,,,0,1.00,
time_action1=stop,-1.35,-0.01,-0.07,0,0.97,0,interact284,2.5,true,,,,0,1.00,
time_action2=stop,-1.35,-0.01,-0.07,0,1.884958,0,stand_turnright,1.0,true,,,,0,1.00,
time_action3=stop,-1.35,-0.01,-0.07,0,1.884958,0,logoin_stand_2,19,true,,,,0,1.00,
time_action4=stop,-1.35,-0.01,-0.07,0,0.97,0,stand_turnleft,0.5,true,,,,0,1.00,
time_action5=stop,-1.35,-0.01,-0.07,0,0.97,0,interact284,2.5,true,,,,0,1.00,
time_action6=stop,-1.35,-0.01,-0.07,0,0.97,0,logoin_stand_2,10,true,,,,0,1.00,

[scenario_camera]
pathtype=2
angletype=4
modetype=3
time_action0=20,14,0,0.769332,1.860613,0.921481,-0.344596,0.81894,0,0.868942,1.42029,0.96596,-0.193334,0.820577,0,
is_offset_angle=0
offset_angle_y=0.0
time_action1=20,4,0,5.680282,0.578501,-2.859775,-0.042072,-0.98584,0,5.959274,0.564417,-3.044555,-0.042072,-0.98584,0,
time_action2=20,8,0,-3.170792,1.382395,0.581376,0.083938,1.849777,0,-2.316758,1.284838,1.251221,0.040305,1.982313,0,
time_action3=20,6,0,2.534408,1.532625,0.959307,0.043214,-1.332724,0,2.319229,1.573305,1.337853,-0.012055,-1.32618,0,
time_action4=20,6,0,4.262405,1.171244,-0.528932,-0.070233,-2.784074,0,4.174697,1.377161,-1.142322,-0.00042,-2.669537,0,
time_action5=20,4,0,-0.023759,1.388079,0.436747,0.066484,-1.885779,0,-0.342606,1.365755,0.332854,0.037395,-1.900505,0,
time_action6=20,5,0,2.11177,1.493097,2.521016,0.080667,4.139716,0,2.01799,1.722383,2.106268,0.083575,3.894281,0,
time_action7=20,4,0,-5.452683,0.363138,-4.411317,-0.061868,0.809944,0,-4.64528,0.363138,-5.256639,-0.064776,0.749403,0,

[fade_section]
time_action0=0,1.0,2
time_action1=1,1.0,0
time_action2=50,1.0,1
time_action3=51,1.0,2

