[system]
esc_key=0
hide_weapon=1
enternpc=6602[hewt]@993 657 1416
gutname=6603baoenjian
taskname=movie_scene22_6603.ini
info=
teamtype=0
refertype=2
show_all_npc=0
wait_terrain=1
show_head_to_chat=0
recover_camera=0
music=firework1

[yuanshiping]
resource=npc\worldnpc1145
movetype=0
pathtype=2
base_angle_y=0.0
enter_time=0
alpha_in=0
alpha_out=0
show_name=0
name=
size_x=100
size_y=100
size_z=100
time_action0=stop,-4.61,0,-8.75,0,1.16,0,h_stand_2,3,true,,,,0,1.00,
time_action1=stop,-4.61,0,-8.75,0,1.16,0,ty_kv3_3,6,true,,,,0,1.00,
time_action2=stop,-4.61,0,-8.75,0,1.16,0,h_stand_2,5,true,,,,0,1.00,
time_action3=stop,-4.61,0,-8.75,0,1.16,0,ty_kv3_3,10,true,,,,0,1.00,

[scenario_camera]
pathtype=2
angletype=4
modetype=3
time_action0=20,3,0,2.72052,0.702576,-6.840698,-0.13313,4.651365,0,3.145386,0.645569,-6.814697,-0.13313,4.651365,0,
is_offset_angle=0
offset_angle_y=0.0
time_action1=20,6,0,-1.787598,1.024475,-8.94043,-0.164546,4.777901,0,-1.775208,1.024475,-8.42688,-0.168037,4.686272,0,
time_action2=20,5,0,-6.806702,2.513184,-10.917847,0.327639,7.308629,0,-6.746094,2.639465,-11.723267,0.313676,7.15591,0,
time_action3=20,2,0,-2.793213,1.010071,-6.633789,-0.168035,3.86597,0,-3.183411,1.130615,-7.084595,-0.199451,3.855061,0,
time_action4=20,2,0,0.186096,0.640442,-8.268311,-0.235832,0.321259,0,0.186096,0.640442,-8.268311,-0.235832,0.321259,0,
time_action5=20,8,2,-0.178467,2.380554,-8.597656,0.563529,0.569968,0,-0.178467,2.380554,-8.597656,-0.347533,1.104474,0,

[player]
resource=player
movetype=0
pathtype=2
base_angle_y=0.0
enter_time=0
alpha_in=0
alpha_out=0
size_x=100
size_y=100
size_z=100
show_name=0
name=
time_action0=stop,0.6,-0.15,-6.56,0,-1.96,0,logoin_stand_2,9,true,,,,0,1.00,
time_action1=stop,0.6,-0.15,-6.56,0,-1.96,0,interact295,2.2,true,,,,0,0.69,
time_action2=stop,0.6,-0.15,-6.56,0,-1.96,0,interact296,2.8,true,,,,0,1.00,
time_action3=stop,0.6,-0.15,-6.56,0,-1.96,0,interact296_loop,2,true,,,,0,1.00,
time_action4=stop,0.6,-0.15,-6.56,0,-1.96,0,interact297,2,true,,,,0,0.57,
time_action5=stop,0.6,-0.15,-6.56,0,-1.96,0,logoin_stand_2,8,true,,,,0,1.00,

[fade_section]
time_action0=0,1.0,0
time_action1=24,1.0,1
time_action2=25,1.0,2

[movie_talk_id]
r0=3,movie_6603_1,2,
r1=9, ,2,
r2=11,movie_6603_2,2,
r3=14, ,2,
r4=18,movie_6603_3,2,

