[ppvolumelighting]
ppvolumelightingEnable=true
SunColor=255, 104,140,168
SunRadius=0.000000
SunLevel=5.000000
SunShineRadius=5.000000
SunShineUp=0.551000
SampleBias=0.026000
SampleDistance=1.835800

