[ssao]
SSAOEnable=true
AoDepthScale=2.000000
AoContrast=1.750000
AoBlurSharpness=16.000000

