[system]
esc_key=0
enternpc=2255545@913 27 847
gutname=5802midao
taskname=movie_qyschool05_5802.ini
info=
teamtype=0
refertype=2
show_all_npc=0
wait_terrain=1
hide_weapon=1
scene_param=
restore_pos=0

[jiguan]
resource=npc\fbmac013045
movetype=0
pathtype=2
base_angle_y=0.0
enter_time=0
alpha_in=0
alpha_out=0
time_action0=stop,-0.56,0.28,1.36,-0.00,2.44,0.00,stand,9,true,,,,1,1.00,
time_action1=stop,-0.56,0.28,1.36,-0.00,2.44,0.00,open,1.0,true,,,,1,1.00,
time_action2=stop,-0.56,0.28,1.36,-0.00,2.44,0.00,openloop,7,true,,,,1,1.00,

[deng]
resource=npc\fbmac021035
movetype=0
pathtype=2
base_angle_y=0.0
enter_time=0
alpha_in=0
alpha_out=0
time_action0=stop,1.47,0.89,-1.29,0.00,-0.67,0.00,stand,5,true,,,,1,1.00,
time_action1=stop,1.47,0.89,-1.29,0,-0.67,0,open,1.0,false,,,,1,1.00,
time_action2=stop,1.47,0.89,-1.29,0,-0.67,0,openloop,11,true,,,,1,1.00,

[scenario_camera]
pathtype=2
angletype=4
modetype=3
time_action0=20,4,0,3.184692,1.903517,2.543945,-0.045686,4.020084,0,3.184692,1.903517,2.543945,-0.045686,4.020084,0,
time_action1=20,4,0,-1.844788,2.101393,2.555969,-0.017761,2.442742,0,0.084961,2.154671,0.259644,-0.017761,2.442742,0,
time_action2=20,1,0,0.084961,2.154671,0.259644,-0.017761,2.442742,0,0.084961,2.154671,0.259644,-0.017761,2.442742,0,
time_action3=20,2,0,5.717957,1.874983,7.870117,-0.000308,3.85864,0,5.717957,1.874983,7.870117,-0.000308,3.85864,0,
time_action4=20,7,0,5.717957,1.874983,7.870117,-0.000308,3.85864,0,5.717957,1.874983,7.870117,-0.000308,3.85864,0,

[player]
resource=player
movetype=0
pathtype=2
base_angle_y=0.0
enter_time=0
alpha_in=0
alpha_out=0
time_action0=stop,-1.29,0.44,1.75,0,2.49,0,logoin_stand_2,1,true,,,,0,1.00,
time_action1=moveto,0.61,0.44,-0.31,walk,3,true,,,,0,1.00,0,
time_action2=stop,0.61,0.44,-0.31,0,2.49,0,interact253,2,true,,,,0,1.00,
time_action3=stop,0.61,0.44,-0.31,0,2.49,0,logoin_stand_2,3,true,,,,0,1.00,
time_action4=stop,0.61,0.44,-0.31,0.00,-0.42,0.00,logoin_stand_2,1,true,,,,0,1.00,
time_action5=moveto,-1.15,-0.93,2.08,walk,7,true,,,,1,1.00,0,

[fade_section]
time_action0=0,2,0
time_action1=15,1,1
time_action2=16,3,2
time_action2=17,1.0,2

