[system]
hide_weapon=1
restore_pos=0
esc_key=0
enternpc=6DDAWZ5809[hewt]@206 -1 541
gutname=5809GBheimushangshu
taskname=movie_qyschool05_5809.ini
info=
scene_param=
teamtype=0
refertype=2
show_all_npc=0
wait_terrain=1

[scenario_camera]
pathtype=2
angletype=4
modetype=3
time_action0=20,1,0,1.388535,4.517274,9.063782,0.360915,3.293607,0,1.388535,4.517274,9.063782,0.360915,3.293607,0,
time_action1=20,6,0,383.218079,41.17141,-264.7005,1.01396,5.590897,0,383.218079,41.17141,-264.7005,1.01396,5.590897,0,

[player]
resource=player
movetype=0
pathtype=2
base_angle_y=0.0
enter_time=0
alpha_in=0
alpha_out=0
time_action0=stop,0.00,-0.49,0.00,-0.00,-2.99,0.00,stand,1.0,true,,,,0,1.00,
time_action1=stop,382.66,38.21,-264.02,0.00,-0.69,0.00,stand,1.0,true,,,,1,1.00,
time_action2=stop,382.66,38.21,-264.02,0.00,-0.69,0.00,stand,5,true,,,,1,1.00,

[fade_section]
time_action0=0,7,2

