[system]
esc_key=1
restore_pos=1
enternpc=16WZHGN5954[caokun]@814.227 -13.981 143.322
gutname=water
taskname=movie_qyschool05_5810.ini
info=
teamtype=0
refertype=0
show_all_npc=0
wait_terrain=1
hide_weapon=1

[player]
resource=player
movetype=0
pathtype=2
base_angle_y=0.0
enter_time=0
alpha_in=1
alpha_out=1
time_action0=stop,1423.09,207.02,-27.24,-0.00,3.02,0.00,ng_state_1,15,true,,,,0,1.00,
time_action1=stop,1423.09,207.02,-27.24,-0.00,3.02,0.00,xl_ng_succeed_01,8,false,,,,0,1.00,
time_action2=stop,1423.09,207.02,-27.24,-0.00,3.02,0.00,stand,4,true,,,,0,1.00,
time_action3=stop,1423.09,207.02,-27.24,-0.00,3.02,0.00,interact288,3,true,,,,0,1.00,
time_action4=stop,1423.09,207.02,-27.24,-0.00,3.02,0.00,stand,1.0,true,,,,0,1.00,

[xiuxingzhe]
resource=npc\fbboss00169
movetype=0
pathtype=2
base_angle_y=0.0
enter_time=0
alpha_in=1
alpha_out=1
time_action0=stop,1423.32,207.02,-31.43,-0.00,2.92,0.00,ty_dazuoloop,13,true,,,,0,1.00,
time_action1=stop,1423.32,207.02,-31.43,-0.00,2.92,0.00,1_stand_free01,4,true,,,,0,1.00,
time_action2=stop,1423.34,207.02,-31.53,0.00,-0.18,0.00,walk,1.0,true,,,,0,1.00,
time_action3=stop,1423.34,207.02,-31.53,0.00,-0.18,0.00,ty_nod,5,true,,,,0,1.00,
time_action4=stop,1423.34,207.02,-31.53,0.00,-0.18,0.00,ty_talk,3,true,,,,0,1.00,
time_action5=stop,1423.34,207.02,-31.53,0.00,-0.18,0.00,ty_nod,5,true,,,,0,1.00,

[fade_section]
time_action0=30,1.0,1
time_action1=31,1.0,2

[movie_talk_id]
r0=0,movie_5113_1,2,;;;
r1=5,movie_5113_2,2,
r2=10,movie_5113_3,2,
r3=15,movie_5113_4,2,
r4=20,movie_5113_5,2,
r5=25,movie_5113_6,2,

[scenario_camera]
pathtype=2
angletype=4
modetype=3
enter_time=0
time_action0=33,8,0,1394.225464,223.407349,-60.171421,0.687788,0.677081,0,1416.262207,209.809891,-34.002911,0.230511,0.759984,0,player
time_action1=33,10,0,1416.262207,209.809891,-34.002911,0.230511,0.759984,0,1430.056519,216.60611,-20.765781,0.844868,3.964846,0,player
time_action2=20,2,0,1430.056519,216.60611,-20.765781,0.844868,3.964846,0,1428.818115,214.703384,-21.913904,0.844868,3.964846,0,
time_action1_ctrl1=1412.112671,212.580933,-25.294922
time_action1_ctrl2=1419.425415,213.786331,-16.826982
time_action0_ctrl1=1401.916626,215.860931,-51.011002
time_action0_ctrl2=1408.620728,212.019272,-42.982925
time_action3=17,5,0,1423.339233,208.85965,-25.622286,0.321452,3.138659,0,1423.339233,208.85965,-25.622286,0.321452,3.138659,0,xiuxingzhe
time_action4=17,5,0,1422.841797,208.960114,-32.370895,0.380607,6.34067,0,1422.841797,208.960114,-32.370895,0.380607,6.34067,0,player

