[system]
enternpc=FunnpcClone013001[ca]@687 105 -216
gutname=jianxi
info=
teamtype=0
refertype=2
esc_key=1
hide_weapon=1
music=clone003_fight
taskname=movie_clone013_768.ini
show_all_npc=0
wait_terrain=0

[scenario_camera]
pathtype=2
angletype=4
modetype=3
time_action0=20,3,0,-4.757874,2.226952,-3.305939,0.25452,-1.565886,0,-4.757874,2.226952,-3.305939,0.25452,-1.565886,0,
time_action1=20,0.1,0,-4.757874,2.226952,-3.305939,0.25452,-1.565886,0,-4.757874,2.226952,-3.305939,0.144073,-1.278726,0,
time_action2=20,3.4,0,-4.757874,2.226952,-3.305939,0.144073,-1.278726,0,-4.757874,2.226952,-3.305939,0.144073,-1.278726,0,
time_action3=20,2.2,0,-11.553223,2.521606,-0.23175,0.215114,-1.021017,0,-11.553223,2.521606,-0.23175,0.215114,-1.021017,0,
time_action4=20,3,0,-4.753479,1.870041,-4.209274,0.481653,-1.0112,0,-5.717957,1.870041,-5.332153,0.432566,-0.439332,0,

[jx]
resource=npc\monster247
movetype=0
pathtype=2
base_angle_y=0.0
enter_time=0
alpha_in=0
alpha_out=0
time_action0=stop,-7.81,0.68,-3.25,0,1.25,0,b_fi_stand_2,4.8,true,,,,0,1.00
time_action1=stop,-7.81,0.68,-3.25,0,1.25,0,da_diedown1_1,1.0,true,°¡......,,effect_dam_xue_2|monster160_back_01|0.7|1,0,1.00
time_action2=stop,-7.81,0.68,-3.25,0,1.25,0,da_diedownloop1_1,5.9,true,,,effect_npcitem307||,0,1.00

[shashou]
resource=npc\monster072
movetype=0
pathtype=2
base_angle_y=0.0
enter_time=2
alpha_in=0
alpha_out=0
time_action0=stop,-21.09,1.78,8.01,0.00,2.37,0.00,stand,0.1,true,,,,0,1.00
time_action1=moveto,-14.38,0.68,1.57,b_fi_run1_1,2,true,,,,0,1.00
time_action2=stop,-14.38,0.68,1.57,0.00,2.24,0.00,stand,0.2,true,,,,0,1.00
time_action3=stop,-14.38,0.68,1.57,0,2.24,0,b_atk2_3,0.9,true,,,effect_jn_qiankunzhang2|monster072_P_obj_01|0.6,0,1.00
time_action4=stop,-14.38,0.68,1.57,0,2.24,0,stand,1.4,true,,,,0,1.00
time_action5=stop,-15.42,0.68,2.27,0,2.24,0,b_jumpback03_1,0.5,true,,,effect_fog_move_16|Model::footR_01|1,0,1.00

[xue]
resource=npc\itemnpc162
movetype=0
pathtype=2
base_angle_y=0.0
enter_time=7
alpha_in=0
alpha_out=0
time_action0=stop,-6.47,0.68,-2.93,0.00,23.56,0.00,stand,4.7,true,,,,0,1.00

[xue1]
resource=npc\itemnpc162
movetype=0
pathtype=2
base_angle_y=0.0
enter_time=7
alpha_in=0
alpha_out=0
time_action0=stop,-6.31,0.68,-2.49,0.00,26.70,0.00,stand,4.7,true,,,,0,1.00

[fade_section]
time_action0=0,1.0,0
time_action1=10.7,1.0,1

[player]
resource=player
movetype=0
pathtype=2
base_angle_y=0.0
enter_time=0
alpha_in=0
alpha_out=0
time_action0=stop,0.18,0.68,-0.04,0.00,17.05,0.00,stand,1.0,true,,,,0,1.00

