//初始复活点
[init]
force=17,911.073,31.192,537.350,1.742,ui_pos_ReliveCJ101702,HomePointcity05B

school=17,911.073,31.192,537.350,1.742,ui_pos_ReliveCJ101702,HomePointcity05B

noschool=17,911.073,31.192,537.350,1.742,ui_pos_ReliveCJ101702,HomePointcity05B

//各势力合法复活点
[force]
force_yihua=281,340.160004,47.979000,657.283997,2.588000,ui_HomePointschool09A,HomePointschool09A

force_taohua=286,-390.248993,41.262001,73.962997,0.920000,ui_HomePointschool10A,HomePointschool10A

force_wugen=296,-89.360001,3.315000,338.454010,3.138000,ui_pos_Reliveschool11,HomePointschool11A

force_wanshou=6,340.196991,87.078003,1014.906006,4.813000,ui_HomePointschool02E,HomePointschool02E

force_xujia=17,575.130005,38.630001,272.575989,1.045000,ui_pos_relivecj101704,HomePointcity05F

force_jinzhen=17,354.600006,81.000000,800.099976,1.045000,ui_pos_relivecj101705,HomePointcity05G

//各门派合法复活点
[school]
school_jinyiwei=5,437.575989,66.607002,3.387000,4.780000,ui_pos_ReliveCJ100501,HomePointschool01A

school_gaibang=6,581.208984,16.702000,296.339996,1.970000,ui_pos_ReliveCJ100602,HomePointschool02B

school_junzitang=7,768.997986,104.473999,496.141998,1.625000,ui_pos_ReliveCJ100701,HomePointschool03A

school_jilegu=8,278.084015,136.104996,-249.343994,2.055000,ui_pos_ReliveCJ100801,HomePointschool04A

school_tangmen=9,965.241028,71.079002,-88.752998,0.352000,ui_pos_ReliveCJ100901,HomePointschool05A

school_emei=10,403.423004,123.377998,209.998993,0.600000,ui_pos_ReliveCJ101003,HomePointschool06C

school_wudang=11,420.622986,109.971001,394.578003,1.595000,ui_pos_ReliveCJ101105,HomePointschool07E

school_shaolin=12,735.697998,73.500000,401.023010,1.205000,ui_pos_ReliveCJ012104,HomePointschool08D

newschool_xuedao=2,552,32.5,922,0.00,ui_pos_ReliveCJ100201,HomePointborn02A

newschool_gumu=541,-277,356,-325,0.00,ui_HomePointschool14A,HomePointschoo14A

newschool_nianluo=565,2133.586,108.031,1007.968,2.632,ui_HomePointschool15A,HomePointschoo15A

newschool_changfeng=15,1582,9,470,0.00,ui_HomePointschool16A,HomePointschoo16A

newschool_shenshuigong=573,2269.290,162.755,-1373.458,1.57,ui_HomePointschool19A,HomePointschool19A

newschool_huashan=571,1561.900,156.214,731.400,-1.900,ui_HomePointschool17A

newschool_wuxian=634,1451.899,49.252,799.405,1.335,ui_HomePointschool12A,HomePointschool12A

newschool_damo=637,-373.021,276.227,-573.989,-0.790004,ui_HomePointschool18A,HomePointschool18A

school_mingjiao=769,-140.371,93.089,162.732,3.180,ui_HomePointschool20A,HomePointschool20A

newschool_shenji=786,-45.400,18.600,-46.900,0.1,ui_HomePointschool21A,HomePointschool21A

school_tianshan=832,1594.875,163.137,1201.744,0.090,ui_HomePointschool22A,HomePointschool22A

newschool_xingmiao=891,259.598,246.446,70.540,-1.32,ui_HomePointschool23A,HomePointschool23A