[MainInfo]
FrameTime=0.033333
RulerStart=0.000000
RulerEnd=300.000000
CameraX=142.437576
CameraY=23.429159
CameraZ=1395.283569
CameraRX=0.390562
CameraRY=2.399214
CameraRZ=0.000000
CaptureAngleX=0.000000
CaptureAngleY=0.000000
CaptureAngleZ=0.000000
CapturePosX=0.000000
CapturePosY=0.000000
CapturePosZ=0.000000
CanBreak=0
ShowPlayer=0
ShowNpc=0
ShowWeapon=0
Player=npc_4

[npc_1]
WorldType=objects
ObjectType=Actor
Name=5D140C2C57424141A7716ED605BE5FFC
VisualType=Actor
PositionX=150.654022
PositionY=18.580326
PositionZ=1388.935791
AngleX=-0.000000
AngleY=0.000000
AngleZ=0.000000
ScaleX=1.000000
ScaleY=1.000000
ScaleZ=1.000000
VisualConfig=ini\npc\itemnpc560.ini
Path=npc_1.xml

[npc_2]
WorldType=objects
ObjectType=Actor
Name=6E9E7942CEB6482F92F59B00D7FCDB69
VisualType=Actor
PositionX=150.801651
PositionY=18.602650
PositionZ=1388.341187
AngleX=0.000000
AngleY=-0.844983
AngleZ=0.000000
ScaleX=0.999978
ScaleY=1.000000
ScaleZ=0.999978
VisualConfig=ini\npc\monster447.ini
Path=npc_2.xml

[npc_3]
WorldType=objects
ObjectType=Actor
Name=1E414AFE7DF847BAB189F81ACE471F00
VisualType=Actor
PositionX=151.354950
PositionY=18.584959
PositionZ=1389.500000
AngleX=-0.000000
AngleY=-2.704989
AngleZ=0.000000
ScaleX=0.999886
ScaleY=1.000000
ScaleZ=0.999886
VisualConfig=ini\npc\monster447.ini
Path=npc_3.xml

[npc_4]
WorldType=objects
ObjectType=Actor
Name=F4394D05967049968CB35ABAF0DA7CC7
VisualType=Actor
PositionX=122.909927
PositionY=18.635595
PositionZ=1398.943726
AngleX=-0.000000
AngleY=-2.774993
AngleZ=0.000000
ScaleX=0.999979
ScaleY=1.000000
ScaleZ=0.999979
VisualConfig=ini\npc\b_banlvxinmo02.ini
Path=npc_4.xml

[camera_1]
WorldType=objects
ObjectType=camera
Name=A1752FF2D59B48DCBCFCD23FCE2D8D6C
VisualType=CameraWrapper
PositionX=118.807037
PositionY=20.627535
PositionZ=1394.226685
AngleX=0.044405
AngleY=0.900412
AngleZ=0.000000
ScaleX=1.000000
ScaleY=1.000000
ScaleZ=1.000000
VisualConfig=mdl\camera\camera01\camera.xmod
CameraType=free
Fovx=1.465188
Path=camera_1.xml

[camera_2]
WorldType=objects
ObjectType=camera
Name=42B0CCC3B96041A79C08E24ED7F1BB75
VisualType=CameraWrapper
PositionX=121.824142
PositionY=20.132111
PositionZ=1397.631592
AngleX=0.044405
AngleY=0.900412
AngleZ=0.000000
ScaleX=1.000000
ScaleY=1.000000
ScaleZ=1.000000
VisualConfig=mdl\camera\camera01\camera.xmod
CameraType=free
Fovx=1.465188
Path=camera_2.xml

[camera_3]
WorldType=objects
ObjectType=camera
Name=67B9A8762DD84042AC907F705BCF3258
VisualType=CameraWrapper
PositionX=142.437576
PositionY=23.429159
PositionZ=1395.283569
AngleX=0.390562
AngleY=2.399214
AngleZ=0.000000
ScaleX=1.000000
ScaleY=1.000000
ScaleZ=1.000000
VisualConfig=mdl\camera\camera01\camera.xmod
CameraType=free
Fovx=1.465188
Path=camera_3.xml

[custom]
WorldType=global
ObjectType=custom
Name=
VisualType=
Path=custom.xml

[object_hsi]
WorldType=global
ObjectType=ppfilter_hsi
Name=
VisualType=
Path=object_hsi.xml

