[system]
enternpc=@1470 171 691
gutname=panshi
taskname=movie_school17_6703.ini
info=
teamtype=0
refertype=2
show_all_npc=0
wait_terrain=1
show_head_to_chat=0
recover_camera=0
esc_key=1
hide_weapon=1
music=

[player]
resource=player
movetype=0
pathtype=2
base_angle_y=0.0
enter_time=0
alpha_in=0
alpha_out=0
size_x=100
size_y=100
size_z=100
show_name=0
name=
time_action0=stop,-25.05,0.66,4.12,0,-1.87,0,logoin_stand_2,4,true,,,,0,1.00,
time_action1=stop,-25.05,0.66,4.12,0,-1.87,0,logoin_stand_2,3,true,,,,0,1.00,
time_action2=stop,-25.05,0.66,4.12,0,-1.87,0,logoin_stand_2,2,true,,,,0,1.00,
time_action3=stop,-25.05,0.66,4.12,0.00,-1.87,0.00,interact283,2,true,,,,0,1.00,
time_action4=moveto,-19.79,0.66,5.71,fi_0h_walk,3,true,,,,0,1.00,0,,0,0,0,0
time_action5=stop,-19.79,0.66,5.71,-0.00,1.61,0.00,hurt_f_1_l,1,true,,,,0,1.00,
time_action6=stop,-19.79,0.66,5.71,-0.00,1.61,0.00,parry_hitdownloop,4,true,,,,0,1.00,

[zhouyixiao]
resource=npc\worldnpc1422
movetype=0
pathtype=2
base_angle_y=0.0
enter_time=0
alpha_in=0
alpha_out=0
show_name=0
name=
size_x=100
size_y=100
size_z=100
time_action0=stop,-34.98,3.03,1.10,-0.00,1.24,0.00,b_nod_1,7,true,,,,0,1.00,
time_action1=stop,-34.98,3.03,1.1,0,1.24,0,stand,6,true,,,,0,1.00,
time_action2=moveto,-21.65,0.66,4.94,ds_run1_1,1,true,,,,0,1.00,0,,0,-0.00,1.22,0.00
time_action3=stop,-21.65,0.66,4.94,-0.00,1.22,0.00,Att_1H_11,1.0,true,,,,0,1.00,
time_action4=stop,-21.65,0.66,4.94,-0.00,1.22,0.00,stand,4,true,,,,0,1.00,

[scenario_camera]
pathtype=2
angletype=4
modetype=3
time_action0=20,3,0,-39.146851,8.916733,10.352417,0.41824,-3.480623,0,-39.146851,8.916733,10.352417,0.435693,-4.059856,0,
is_offset_angle=0
offset_angle_y=0.0
time_action1=20,2,0,-34.329956,4.66185,2.137939,0.095354,-2.662503,0,-34.329956,4.66185,2.137939,0.095354,-2.662503,0,
time_action2=20,2,0,-25.646851,2.341629,4.51709,0.153532,-4.184213,0,-25.646851,2.341629,4.51709,0.153532,-4.184213,0,
time_action3=20,2,0,-34.48291,4.719894,1.791992,0.173894,-2.615045,0,-34.48291,4.719894,1.791992,0.173894,-2.615045,0,
time_action4=20,2,0,-27.86499,2.164841,5.352783,0.197165,-4.266012,0,-27.86499,2.164841,5.352783,0.197165,-4.266012,0,
time_action5=20,6,0,-36.36731,5.950165,0.60498,0.630589,-5.033411,0,-36.36731,5.950165,0.60498,0.322247,-5.030138,0,
time_action6=20,2,0,-36.36731,5.950165,0.60498,0.322247,-5.030138,0,-36.36731,5.950165,0.60498,0.322247,-5.030138,0,

[movie_talk_id]
r0=3,movie_6703_1,0,
r1=5,movie_6703_2,0,
r2=7,movie_6703_3,0,
r3=9,movie_6703_4,0,
r4=13,movie_6703_5,0,

[fade_section]
time_action0=0,3,0
time_action1=16,3,1

