[ppvolumelighting]
ppvolumelightingEnable=false
SunColor=255, 96,137,196
SunRadius=0.100000
SunLevel=10.000000
SunShineRadius=10.000000
SunShineUp=0.551000
SampleBias=0.026000
SampleDistance=1.835800

