[system]
esc_key=1
hide_weapon=1
enternpc=3001[hewt]@612 350 1046
gutname=3001jingmaichongguan
taskname=movie_scene10_3001.ini
info=
teamtype=0
refertype=2
show_all_npc=0
wait_terrain=1
show_head_to_chat=0
recover_camera=0

[player]
resource=player
movetype=0
pathtype=2
base_angle_y=0.0
enter_time=0
alpha_in=0
alpha_out=0
size_x=100
size_y=100
size_z=100
time_action0=stop,10.34,-23.50,-12.78,0.00,-0.09,0.00,ng_state_1,1,true,,,,1,0.50,
time_action1=stop,10.34,-23.50,-12.78,0.00,-0.09,0.00,hurt_assist_aid,7,true,,,,1,1.00,
time_action2=stop,10.34,-23.50,-12.78,0.00,-0.09,0.00,ng_state_1,4,true,,,effect_zhenfa_wd_03_effect_01|Tpose_body_01|5|1,1,0.50,

[scenario_camera]
pathtype=2
angletype=4
modetype=3
time_action0=20,12,0,13.25885,-22.018219,-6.682129,0.178022,3.72061,0,13.25885,-22.018219,-6.682129,0.178022,3.72061,0,

[laozhe]
resource=npc\worldnpc009
movetype=0
pathtype=2
base_angle_y=0.0
enter_time=0
alpha_in=0
alpha_out=0
size_x=100
size_y=100
size_z=100
time_action0=stop,9.96,-23.75,-8.63,-0.00,3.03,0.00,ty_interact237,12,true,,,,1,1.00,

[fade_section]
time_action0=0,1.0,2
time_action1=1,1.0,0
time_action2=11,1.0,1
time_action3=12,1.0,2

