[system]
esc_key=1
hide_weapon=1
enternpc=3002[hewt]@587 330 878
gutname=3002huiyiwangshi
taskname=movie_scene10_3002.ini
info=
teamtype=0
refertype=2
show_all_npc=0
wait_terrain=1
show_head_to_chat=0
recover_camera=0

[player]
resource=player
movetype=0
pathtype=2
base_angle_y=0.0
enter_time=0
alpha_in=0
alpha_out=0
size_x=100
size_y=100
size_z=100
time_action0=stop,0.00,-2.73,0.00,-0.00,0.00,0.00,stand,10,true,,,,1,1.00,

[scenario_camera]
pathtype=2
angletype=4
modetype=3
time_action0=20,10,0,-0.32135,-0.466095,3.735352,0.279252,3.084867,0,-0.32135,-0.466095,3.735352,0.279252,3.084867,0,

