[system]
hide_weapon=1
enternpc=huashan[gxzaizang]@659 470 821
gutname=3004zaizang
taskname=movie_scene10_3004.ini
info=
teamtype=0
refertype=2
show_all_npc=0
wait_terrain=1
show_head_to_chat=0
recover_camera=0
esc_key=0

[emei]
resource=npc\worldnpc379
movetype=0
pathtype=2
base_angle_y=0.0
enter_time=0
alpha_in=0
alpha_out=0
size_x=100
size_y=100
size_z=100
time_action0=stop,20.40,-4.96,-6.15,-0.00,1.01,0.00,stand,1,true,,,,0,1.00,
time_action1=moveto,26.72,-2.87,-1.33,ty_walk,8,true,,,,0,1.00,0,
time_action2=stop,26.72,-2.87,-1.33,-0.00,1.26,0.00,ty_angry2,6.3,true,,,,0,1.00,

[heishou]
resource=npc\fbmac004012
movetype=0
pathtype=2
base_angle_y=0.0
enter_time=0
alpha_in=0
alpha_out=0
size_x=100
size_y=100
size_z=100
time_action0=stop,24.56,-4.68,-3.19,1.41,0.86,-3.14,stand,15.2,true,,,effect_lstuff_shaolin_001|Model::Point01|30|1,1,1.00,
time_action1=stop,24.56,-0.42,-3.19,1.41,0.86,-3.14,stand,0.1,true,,,effect_lstuff_shaolin_001|Model::Point01|30|1,1,1.00,
time_action2=moveto,25.12,-2.69,-2.29,stand,0.2,true,,,,1,1.00,1,

[player]
resource=player
movetype=0
pathtype=2
base_angle_y=0.0
enter_time=0
alpha_in=0
alpha_out=0
size_x=100
size_y=100
size_z=100
time_action0=stop,16.29,-5.58,-7.65,-0.00,0.98,0.00,stand,1,true,,,,0,1.00,
time_action1=moveto,21.75,-2.65,-2.54,fi_0h_walk,8,true,,,,0,1.00,0,
time_action2=stop,21.75,-2.65,-2.54,-0.00,1.21,0.00,grd_0h_stand,3.3,true,,,,0,1.00,
time_action3=moveto,26.07,-2.76,-1.05,grd_0h_run,2,true,,,,0,1.00,0,
time_action4=stop,26.07,-2.76,-1.05,0,1.71,0,stand,1,true,,,,0,1.00,

[fade_section]
time_action0=0,1.0,2
time_action1=14,3,2

[movie_talk_id]
r0=9,movie_3004_1,2

[music_section0]
name=clone021
trigger_time=0
keep_time=15
fade_in_time=0
fade_out_time=15
loop=1
start_time=0

[scenario_camera]
pathtype=2
angletype=4
modetype=3
time_action0=20,9,0,13.054749,-3.781311,-6.501099,0.101232,7.72896,0,16.897644,-1.77774,-5.407104,0.136139,7.499223,0,
time_action1=20,0.3,1,1.359924,2.872711,-6.200745,0.261226,7.79694,0,24.774963,-0.921967,-0.920593,0.397361,8.046302,0,
time_action2=20,3,0,24.774963,-0.921967,-0.920593,0.397361,8.046302,0,24.774963,-0.921967,-0.920593,0.397361,8.046302,0,
time_action3=20,3,0,18.400818,0.306854,-4.715088,0.358964,7.506338,0,24.638,-0.579285,-2.145569,0.439249,7.392456,0,

[screen_section]
time_action0=9,0.3,3,0.0,0.0

[sound_section]
r0=14,fight\hurt\hurt_7h_005_b.wav
r=

