[MainInfo]
FrameTime=0.033333
RulerStart=0.000000
RulerEnd=490.000000
CameraX=731.597046
CameraY=37.436264
CameraZ=-23.345100
CameraRX=-0.009768
CameraRY=-1.076648
CameraRZ=0.000000
CaptureAngleX=0.000000
CaptureAngleY=0.000000
CaptureAngleZ=0.000000
CapturePosX=0.000000
CapturePosY=0.000000
CapturePosZ=0.000000
CanBreak=0
ShowPlayer=0
ShowNpc=0
ShowWeapon=0
Player=

[npc_1]
WorldType=objects
ObjectType=Actor
Name=FE14F7676B274F22A0AF944F1383C285
VisualType=Actor
PositionX=733.070129
PositionY=36.146503
PositionZ=-24.303633
AngleX=0.000000
AngleY=-1.024980
AngleZ=0.000000
ScaleX=0.999922
ScaleY=1.000000
ScaleZ=0.999922
VisualConfig=ini\npc\worldnpc034.ini
Path=npc_1.xml

[npc_3]
WorldType=objects
ObjectType=Actor
Name=3F23CD6401564229AA50F8403BEC8FBB
VisualType=Actor
PositionX=768.094910
PositionY=28.326727
PositionZ=15.153420
AngleX=-0.000000
AngleY=2.624991
AngleZ=0.000000
ScaleX=0.999899
ScaleY=1.000000
ScaleZ=0.999899
VisualConfig=ini\npc\monster196.ini
Path=npc_3.xml

[npc_5]
WorldType=objects
ObjectType=Actor
Name=B021F7F27253480587BB541FD72FDFEE
VisualType=Actor
PositionX=769.212646
PositionY=28.218395
PositionZ=16.296923
AngleX=-0.000000
AngleY=2.879993
AngleZ=0.000000
ScaleX=0.999950
ScaleY=1.000000
ScaleZ=0.999950
VisualConfig=ini\npc\worldnpc1318.ini
Path=npc_5.xml

[npc_7]
WorldType=objects
ObjectType=Actor
Name=CB7B8FB32D4A496DB8E647DD3C2513FF
VisualType=Actor
PositionX=730.243591
PositionY=36.033455
PositionZ=-22.874514
AngleX=-0.000000
AngleY=1.699994
AngleZ=0.000000
ScaleX=0.999976
ScaleY=1.000000
ScaleZ=0.999976
VisualConfig=ini\npc\b_banlvxinmo01.ini
Path=npc_7.xml

[camera_1]
WorldType=objects
ObjectType=camera
Name=29DB277435864934A70079C002B023FA
VisualType=CameraWrapper
PositionX=723.863770
PositionY=37.651131
PositionZ=-25.347147
AngleX=0.094952
AngleY=1.469352
AngleZ=-0.000000
ScaleX=0.999998
ScaleY=0.999997
ScaleZ=0.999998
VisualConfig=mdl\camera\camera01\camera.xmod
CameraType=free
Fovx=1.442724
Path=camera_1.xml

[npc_2]
WorldType=objects
ObjectType=Actor
Name=7A57DC9E9FB84EF69EEA12ACD8661B1B
VisualType=Actor
PositionX=767.889343
PositionY=29.764984
PositionZ=14.778684
AngleX=0.388965
AngleY=-3.084182
AngleZ=-2.764516
ScaleX=0.999910
ScaleY=0.999973
ScaleZ=0.999914
VisualConfig=ini\npc\npcitem160.ini
Path=npc_2.xml

[camera_2]
WorldType=objects
ObjectType=camera
Name=22AA9E1483B8470A9540FFC207CB14D9
VisualType=CameraWrapper
PositionX=731.597046
PositionY=37.436264
PositionZ=-23.345100
AngleX=-0.009768
AngleY=-1.076648
AngleZ=0.000000
ScaleX=1.000000
ScaleY=1.000000
ScaleZ=1.000000
VisualConfig=mdl\camera\camera01\camera.xmod
CameraType=free
Fovx=1.442724
Path=camera_2.xml

[custom]
WorldType=global
ObjectType=custom
Name=
VisualType=
Path=custom.xml

[camera_3]
WorldType=objects
ObjectType=camera
Name=EE97D44884FF4B409AE05306713CA82C
VisualType=CameraWrapper
PositionX=771.478577
PositionY=30.031658
PositionZ=6.282777
AngleX=0.109496
AngleY=-0.229076
AngleZ=-0.000000
ScaleX=1.000000
ScaleY=0.999995
ScaleZ=1.000000
VisualConfig=mdl\camera\camera01\camera.xmod
CameraType=free
Fovx=1.442724
Path=camera_3.xml

[object_hsi]
WorldType=global
ObjectType=ppfilter_hsi
Name=
VisualType=
Path=object_hsi.xml

[camera_4]
WorldType=objects
ObjectType=camera
Name=0D38A372622247BFB02A6D5DA0739739
VisualType=CameraWrapper
PositionX=731.702148
PositionY=37.328362
PositionZ=-23.904881
AngleX=-0.123214
AngleY=1.619886
AngleZ=0.000000
ScaleX=1.000000
ScaleY=1.000000
ScaleZ=1.000000
VisualConfig=mdl\camera\camera01\camera.xmod
CameraType=free
Fovx=1.442724
Path=camera_4.xml

[hole_02]
WorldType=music
ObjectType=Music
Name=0EF57F9C45C74B5F842CB90EFFF42745
VisualType=Music
MusicConfig=mus\hole_02.ogg
MusicType=npc
Path=hole_02.xml

