[scenario_camera]
pathtype=2
angletype=4
modetype=3
time_action0=20,7,0,-385.191071,-39.605807,51.828308,0.107066,13.510416,0,-415.406616,-32.927738,42.678589,0.267636,13.649834,0,
time_action1=20,7,0,-548.762405,-42.894476,-200.857178,0.133735,2.906261,0,-538.97847,-44.620913,-281.447052,0.176687,2.508655,0,
time_action2=20,8,0,-526.170135,-46.96164,-227.481445,-0.160789,-1.008455,0,-526.170135,-46.96164,-227.481445,-0.108634,0.537798,0,
time_action2_ctrl1=-41.358093,3.451572,-28.97876
time_action2_ctrl2=-114.703247,-15.264977,4.871765
time_action3=20,8,0,-553.883423,-49.184513,-244.71936,-0.154653,2.000602,0,-478.212708,-18.935938,-279.276001,0.103834,2.265668,0,
time_action4=66,5,0,-467.184937,-11.430237,-276.287201,-463.191772,-18.802027,-292.456543,0.1,0.3,0.17,1,-463.191772,-18.802027,-292.456543
time_action5=20,6,0,-389.059601,-38.207814,-159.318695,0.335505,6.919153,0,-378.058502,13.207039,-203.068909,0.712864,6.342376,0,
time_action6=20,3,0,-29.380371,-2.725708,-18.250732,-0.013483,1.464769,0,-29.380371,-2.725708,-18.250732,-0.013483,1.464769,0,

[fade_section]
time_action0=0,1,2
time_action1=1,1.0,0
time_action2=5.5,1.0,1
time_action3=6.5,1.0,2
time_action4=7.5,1.0,0
time_action5=21,1.0,1
time_action6=22,1,2
time_action7=23,1.0,0
time_action8=34,0.8,1
time_action9=34.8,0.8,2
time_action10=35.6,0.8,0
time_action11=42,1.0,1
time_action12=43,1.0,2

[movie_talk_id]
r0=2,movie_702_1,0,
r1=23,movie_702_2,0,

[system]
enternpc=funnpcclone011006[quanzhixing]@739 49 587
gutname=juqingpudian
taskname=movie_clone011_702.ini
info=
teamtype=1
refertype=2
hide_weapon=1
esc_key=1
show_all_npc=0
wait_terrain=1
music=FBdonghua01_beishang
show_head_to_chat=0

[xuzhanglao]
resource=npc\fbboss00243
movetype=0
pathtype=2
base_angle_y=0.0
enter_time=0
alpha_in=0
alpha_out=0
time_action0=stop,-463.15,-20.07,-292.45,0.00,-0.75,0.00,b_stand_4,42,true,,,,0,1.00,

[team_member0]
resource=player
movetype=0
pathtype=2
base_angle_y=0.0
enter_time=0.0
alpha_in=0
alpha_out=0
time_action0=stop,-27.58,-3.89,-18.1,0,-1.46,0,stand,44,true,,,,0,1.00

[team_member1]
resource=player
movetype=0
pathtype=2
base_angle_y=0.0
enter_time=0.0
alpha_in=0
alpha_out=0
time_action0=stop,-27.42,-3.89,-18.97,0.00,-1.46,0.00,stand,44,true,,,,0,1.00

[team_member2]
resource=player
movetype=0
pathtype=2
base_angle_y=0.0
enter_time=0.0
alpha_in=0
alpha_out=0
time_action0=stop,-26.81,-3.89,-17.46,0.00,-1.16,0.00,stand,44,true,,,,0,1.00

[music_section0]
name=FBdonghua04_jiliezhengchao
trigger_time=0
keep_time=44
fade_in_time=0
fade_out_time=43
loop=0
start_time=0

[sidazhanglao1]
resource=npc\fb_monster447
movetype=0
pathtype=2
base_angle_y=0.0
enter_time=0
alpha_in=0
alpha_out=0
time_action0=stop,-464.14,-20.73,-298.12,-0.00,0.20,0.00,stand,30,true,,,,0,1.00,
size_x=100
size_y=100
size_z=100
time_action1=stop,-464.14,-20.73,-298.12,0,0.2,0,ty_xiepai_bow,5,true,,,,0,0.54,

[sidazhanglao2]
resource=npc\fbfunnpc004005
movetype=0
pathtype=2
base_angle_y=0.0
enter_time=0
alpha_in=0
alpha_out=0
time_action0=stop,-459.49,-20.00,-296.55,0.00,-0.73,0.00,stand,30,true,,,,0,1.00,
size_x=100
size_y=100
size_z=100
time_action1=stop,-459.49,-20.00,-296.55,0.00,-0.69,0.00,ty_xiepai_bow,5,true,,,,0,0.54,

[sidazhanglao3]
resource=npc\fbfunnpc004006
movetype=0
pathtype=2
base_angle_y=0.0
enter_time=0
alpha_in=0
alpha_out=0
time_action0=stop,-463.13,-20.94,-299.78,0,-0.01,0,stand,30,true,,,,0,1.00,
time_action1=stop,-463.13,-20.94,-299.78,0,-0.01,0,ty_xiepai_bow,5,true,,,,0,0.54,

[sidazhanglao4]
resource=npc\fbfunnpc00221
movetype=0
pathtype=2
base_angle_y=0.0
enter_time=0
alpha_in=0
alpha_out=0
time_action0=stop,-460.07,-20.76,-299.24,0.00,-0.49,0.00,stand,30,true,,,,0,1.00,
size_x=100
size_y=100
size_z=100
time_action1=stop,-460.07,-20.76,-299.24,0.00,-0.30,0.00,ty_xiepai_bow,5,true,,,,0,0.54,

