[system]
esc_key=1
hide_weapon=1
enternpc=funnpcclone011006[quanzhixing]@93 22.9 340
gutname=dajiuwudaduozhu
taskname=movie_clone011_707.ini
info=
teamtype=0
refertype=2
show_all_npc=0
music=clone019_fight
wait_terrain=0
restore_pos=1
show_head_to_chat=0
recover_camera=0

[xieguangkuan]
resource=npc\fbboss00207
movetype=0
pathtype=2
base_angle_y=0.0
enter_time=0
alpha_in=0
alpha_out=0
time_action0=stop,22.08,-1.11,-5.12,0,-1.52,0,b_stand_1,0.1,true,,,effect_npcitem024|fbboss00207_H_objR_01|100|1,0,1.00,
time_action1=stop,22.08,-1.11,-5.12,0,-1.52,0,b_stand_1,7,true,,,,0,1.00,
time_action2=stop,22.08,-1.11,-5.12,0,-1.52,0,ty_nod2,2,true,,,,0,1.00
time_action3=stop,22.08,-1.11,-5.12,0,-1.52,0,b_stand_1,2.8,true,,,,0,1.00
time_action4=stop,22.08,-1.11,-5.12,0,-1.52,0,ty_angry2,2,true,,,,0,1.00
time_action5=stop,22.08,-1.11,-5.12,0,-1.52,0,b_stand_1,1,true,,,,0,1.00
time_action6=stop,22.08,-1.11,-5.12,0,-1.52,0,b_fi_stand_4,6.2,true,,,,0,1.00,
size_x=100
size_y=100
size_z=100

[player]
resource=player
movetype=0
pathtype=2
base_angle_y=0.0
enter_time=0
alpha_in=0
alpha_out=0
time_action0=stop,11.50,-1.11,-3.69,-0.00,1.87,0.00,stand,0.4,true,,,,0,1.00
time_action1=moveto,15.7,-1.11,-4.83,fi_0h_walk,2.5,true,,,,0,1.00,0,
time_action2=stop,15.70,-1.11,-4.83,0.00,1.82,0.00,stand,1,true,,,,0,1.00
time_action3=stop,15.70,-1.11,-4.83,0.00,1.82,0.00,offact284,1.0,true,,,,0,1.00
time_action4=stop,15.7,-1.11,-4.83,0,1.82,0,grd_0h_stand,3.2,true,,,,0,1.00,
time_action5=stop,15.7,-1.11,-4.83,0,1.82,0,grd_1h_stand,2.8,true,,,,0,1.00
time_action6=stop,15.7,-1.11,-4.83,0,1.82,0,grd_0h_stand,9,true,,,,0,1.00,
size_x=100
size_y=100
size_z=100
time_action7=stop,15.7,-1.11,-4.83,0,1.82,0,fi_0h_stand,1.2,true,,,,0,1.00,

[fade_section]
time_action0=0,0.5,2
time_action1=0.5,0.5,0
time_action2=20,1.0,1
time_action3=21,1.0,2

[movie_talk_id]
r0=3,movie_707_1,1,
r1=5,movie_707_2,1,
r2=7,movie_707_4,1,
r3=8,movie_707_5,1,
r4=10,movie_707_6,1,
r5=12,movie_707_7,1,
r6=13,movie_707_8,1,
r7=14,movie_707_9,1,
r8=15,movie_707_10,2,
r9=19,movie_707_11,1,

[scenario_camera]
pathtype=2
angletype=4
modetype=3
time_action0=66,2.9,0,26.245094,1.651489,-12.279572,11.148643,-1.443777,-7.470581,0,0.2,0.1,1,11.148643,-1.443777,-7.470581
time_action1=20,1.1,0,20.279327,0.245298,-5.090942,0.069633,1.565203,0,20.279327,0.245298,-5.090942,0.069633,1.565203,0,
time_action2=20,2.9,0,17.255867,0.641471,-4.998474,0.226754,4.822787,0,17.255867,0.641471,-4.998474,0.226754,4.822787,0,
time_action3=20,1,0,23.219337,0.798086,-5.97406,0.348817,-7.405509,0,23.219337,0.798086,-5.97406,0.348817,-7.405509,0,
time_action4=20,2,0,20.941353,0.353876,-5.315735,-0.007066,-4.929049,0,19.568863,0.870407,-5.756287,0.321365,1.282159,0,
time_action5=20,1,0,18.32238,0.836273,-4.26886,0.32316,-1.811381,0,18.32238,0.836273,-4.26886,0.32316,-1.811381,0,
time_action6=20,1,0,13.699654,1.652349,-6.259186,0.437792,-11.2196,0,20.87397,0.238538,-4.806488,-0.05615,-10.731163,0,
time_action7=20,1,0,20.87397,0.238538,-4.806488,-0.05615,-10.731163,0,20.87397,0.238538,-4.806488,-0.05615,-10.731163,0,
time_action8=20,1,0,18.711441,0.316738,-6.869019,0.126809,7.295374,0,18.711441,0.316738,-6.869019,0.108402,5.204254,0,
time_action9=20,1.1,0,18.711441,0.316738,-6.869019,0.108402,5.204254,0,18.711441,0.316738,-6.869019,0.108402,5.204254,0,
time_action10=20,3.9,0,20.393906,0.681989,-5.270721,0.468096,-4.803254,0,20.393906,0.681989,-5.270721,0.468096,-4.803254,0,
time_action11=20,2.2,0,25.011024,3.239601,-7.326508,0.603462,-13.747581,0,25.011024,3.239601,-7.326508,0.603462,-13.747581,0,

