[system]
esc_key=0
hide_weapon=1
enternpc=funnpcclone011006[quanzhixing]@556 159 180
gutname=duizhixiaowangye
taskname=movie_clone011_712.ini
info=
teamtype=0
refertype=2
show_all_npc=0
wait_terrain=0
music=clone013_fight
restore_pos=1
show_head_to_chat=0
recover_camera=0

[shouxia1]
resource=npc\monster105
movetype=0
pathtype=2
base_angle_y=0.0
enter_time=0
alpha_in=1
alpha_out=0
size_x=100
size_y=100
size_z=100
time_action0=stop,18.99,0.54,-26.64,0,0.12,0,da_fi_stand_1,16,true,,,,0,1.00,

[scenario_camera]
pathtype=2
angletype=4
modetype=3
time_action0=20,6,0,18.248657,1.961136,-24.925354,-0.009812,8.628922,0,18.508423,1.961136,-24.660156,-0.009812,8.703099,0,
time_action1=20,4,0,19.774841,1.711243,-22.212311,-0.028743,5.489606,0,19.774841,1.711243,-22.212311,-0.028743,5.489606,0,
time_action2=20,2,0,18.851135,2.071259,-24.478119,-0.018272,2.371995,0,18.955444,2.073975,-24.585846,-0.018272,2.376359,0,
time_action3=20,4,0,18.363403,1.783386,-20.20047,0.037579,2.697072,0,20.746338,1.797134,-21.371811,-0.01129,1.955305,0,

[player]
resource=player
movetype=0
pathtype=2
base_angle_y=0.0
enter_time=0
alpha_in=0
alpha_out=0
size_x=100
size_y=100
size_z=100
time_action0=stop,18.95,0.54,-21.07,0,3.07,0,fi_3h_stand,16,true,,,,0,1.00,

[fade_section]
time_action0=0,1.0,0
time_action1=15,1.0,1
time_action2=16,1.0,2

[movie_talk_id]
r0=0,movie_712_1,2,
r1=6,movie_712_2,2,
r2=10,movie_712_3,2,

[shouxia2]
resource=npc\monster105
movetype=0
pathtype=2
base_angle_y=0.0
enter_time=0
alpha_in=1
alpha_out=0
size_x=100
size_y=100
size_z=100
time_action0=stop,20.34,0.54,-27.5,0,-0.08,0,dk_fi_stand_1,16,true,,,,0,1.00,

[xiaowangye]
resource=npc\fbboss00212
movetype=0
pathtype=2
base_angle_y=0.0
enter_time=0
alpha_in=0
alpha_out=0
size_x=100
size_y=100
size_z=100
time_action0=stop,19.34,0.54,-25.29,0,0,0,h_stand_10,7,true,,,,0,1.00,
time_action1=stop,19.34,0.54,-25.29,0,0,0,b_stand_1,5,true,,,,0,1.00,
time_action2=moveto,37.51,1,-27.33,h_run2_1,4,true,,,,0,1.00,0,

