[system]
esc_key=1
restore_pos=1
hide_weapon=1
enternpc=funnpcclone011006[quanzhixing]@-57 12 -226
gutname=jianshuwudazhanglaobeijing
taskname=movie_clone011_714.ini
info=
teamtype=0
refertype=2
show_all_npc=0
wait_terrain=1
music=clone011
show_head_to_chat=0
recover_camera=0

[scenario_camera]
pathtype=2
angletype=4
modetype=3
time_action0=20,4.1,0,4.220871,1.242802,-5.104645,0.387464,5.425732,0,-0.168053,-0.409729,-0.665268,-0.279252,5.953694,0,
time_action1=20,0.9,0,1.350929,-0.9155933,-0.416153,0.038198,3.171443,0,1.350929,-0.9155933,-0.416153,0.038198,3.171443,0,
time_action2=20,1,0,1.350929,-0.915593,-0.416153,0.038198,3.171443,0,1.350929,-0.915593,-0.416153,0.038198,3.171443,0,
time_action3=20,1,0,1.022938,-0.46072,-0.869446,0.130237,4.918956,0,1.022938,-0.46072,-0.869446,0.130237,4.918956,0,
time_action4=20,2,0,2.563576,0.267358,-4.107254,0.182392,5.461379,0,2.563576,0.267358,-4.107254,0.182392,5.461379,0,
time_action5=20,1,0,0.716656,0.341501,-0.817719,0.494248,4.893404,0,0.716656,0.341501,-0.817719,0.494248,4.893404,0,
time_action6=20,2,0,0.229458,-0.4564406,-1.127701,-0.007821,5.051504,0,5.047081,-0.4564406,-3.960114,0.685538,5.058864,0,

[player]
resource=player
movetype=0
pathtype=2
base_angle_y=0.0
enter_time=0
alpha_in=0
alpha_out=0
time_action0=stop,-2.24,-2.03,-1.25,0,1.95,0,stand,1.0,true,,,,0,1.00,
time_action1=stop,-2.24,-2.03,-1.25,0,1.95,0,grd_0h_stand,10.5,true,,,,1,1.00,
size_x=100
size_y=100
size_z=100

[quanzhixing]
resource=npc\fbboss00206
movetype=0
pathtype=2
base_angle_y=0.0
enter_time=0
alpha_in=0
alpha_out=0
time_action0=stop,-1.33,-2.03,-0.50,-0.00,2.27,0.00,stand,4,true,,,,1,1.00,
time_action1=stop,-1.33,-2.03,-0.5,0,2.27,0,ty_talk,7.9,true,,,,1,1.00,
size_x=100
size_y=100
size_z=100

[xuzhanglao]
resource=npc\fbboss00243
movetype=0
pathtype=2
base_angle_y=0.0
enter_time=0
alpha_in=0
alpha_out=0
time_action0=stop,-0.38,-2.03,0.02,0,2.6,0,stand,1.9,true,,,,1,1.00,
time_action1=stop,-0.38,-2.03,0.02,0,2.6,0,ty_talk,3,true,,,,1,1.00,
time_action2=stop,-0.38,-2.03,0.02,0,2.6,0,h_stand_2,7,true,,,,1,1.00,
size_x=100
size_y=100
size_z=100

[fade_section]
time_action0=0,2,2
time_action1=2,8,3
time_action2=10.,1.0,1
time_action3=11.,1.0,2

[movie_talk_id]
r0=1,movie_714_1,0,
r1=4,movie_714_2,1,
r2=6,movie_714_3,1,
r3=7,movie_714_4,1,
r4=9,movie_714_5,1,

[screen_section]

[wdzl1]
resource=npc\worldnpc492
movetype=0
pathtype=2
base_angle_y=0.0
enter_time=0
alpha_in=0
alpha_out=0
time_action0=stop,2.3,-2.03,-3.35,0,-0.76,0,h_stand_2,12,true,,,,1,1.00,
size_x=100
size_y=100
size_z=100

[wdzl2]
resource=npc\worldnpc493
movetype=0
pathtype=2
base_angle_y=0.0
enter_time=0
alpha_in=0
alpha_out=0
time_action0=stop,1.64,-2.03,-3.94,0,-0.57,0,h_stand_2,12,true,,,,1,1.00,
size_x=100
size_y=100
size_z=100

[wdzl3]
resource=npc\worldnpc409
movetype=0
pathtype=2
base_angle_y=0.0
enter_time=0
alpha_in=0
alpha_out=0
time_action0=stop,0.91,-2.03,-4.28,0,0.04,0,h_stand_2,12,true,,,,1,1.00,
size_x=100
size_y=100
size_z=100

[wdzl4]
resource=npc\worldnpc159
movetype=0
pathtype=2
base_angle_y=0.0
enter_time=0
alpha_in=0
alpha_out=0
time_action0=stop,-0.1,-2.03,-4.28,0,0.07,0,h_stand_2,12,true,,,,1,1.00,
size_x=100
size_y=100
size_z=100

