[system]
enternpc=funnpcclone011006[quanzhixing]@570 103 40
gutname=duanmanyingsiwangweixiawenpudian
taskname=movie_clone011_716.ini
info=
teamtype=1
refertype=2
show_all_npc=0
wait_terrain=0
esc_key=1
hide_weapon=1
restore_pos=0
show_head_to_chat=0
recover_camera=0

[daren]
resource=npc\fbboss00201_m
movetype=0
pathtype=2
base_angle_y=0.0
enter_time=0
alpha_in=0
alpha_out=0
time_action0=stop,1.41,0.21,1.65,0,1.91,0,b_debuff1_1,19,true,,,effect_npcitem316|fbboss00201_H_objR_01|20|1,0,1.00,
size_x=100
size_y=100
size_z=100

[dayong]
resource=npc\fbboss00203_m
movetype=0
pathtype=2
base_angle_y=0.0
enter_time=0
alpha_in=0
alpha_out=0
time_action0=stop,4.47,-0.25,0.93,0,-1.5,0,b_stand_4,20,true,,,effect_npcitem160|fbboss00203_H_objR_01|20|1,0,1.00,
size_x=100
size_y=100
size_z=100

[dazhi]
resource=npc\fbboss00202_m
movetype=0
pathtype=2
base_angle_y=0.0
enter_time=0
alpha_in=0
alpha_out=0
time_action0=stop,4.51,-0.14,-0.64,0,-1.35,0,b_stand_4,20,true,,,effect_npcitem394|fbboss00202_H_objR_01|20|1,0,1.00,
size_x=100
size_y=100
size_z=100

[daxin]
resource=npc\fbboss00204_m
movetype=0
pathtype=2
base_angle_y=0.0
enter_time=0
alpha_in=0
alpha_out=0
time_action0=stop,3.57,0.12,-2.14,0,-0.88,0,b_stand_4,20,true,,,effect_npcitem396|fbboss00204_H_objR_01|20|1,0,1.00,
size_x=100
size_y=100
size_z=100

[dali]
resource=npc\fbboss00205_m
movetype=0
pathtype=2
base_angle_y=0.0
enter_time=0
alpha_in=0
alpha_out=0
time_action0=stop,4.53,-0.33,2.52,0,-2.06,0,b_stand_4,20,true,,,effect_npcitem397|fbboss00205_H_objR_01|20|1,0,1.00,
size_x=100
size_y=100
size_z=100

[scenario_camera]
pathtype=2
angletype=4
modetype=3
time_action0=20,9,0,5.84082,4.55484,6.344543,0.431236,-2.624166,0,5.84082,4.55484,6.344543,0.431236,-2.624166,0,
time_action1=20,4,0,2.508484,1.613327,-0.197109,0.086923,-0.609127,0,2.508484,1.613327,-0.197109,0.086923,-0.609127,0,
time_action2=20,6,0,2.389465,1.976303,0.692322,0.384516,2.247759,0,-3.278809,5.141815,4.739479,0.473487,2.179037,0,

[fade_section]
time_action0=0,1.0,2
time_action1=1,1.0,0
time_action2=18,1.0,1
time_action3=19,1.0,2

[movie_talk_id]
r0=2,movie_716_1,0,
r1=9,movie_716_2,0,
r2=13,movie_716_3,0,

[eren1]
resource=npc\fbboss00208
movetype=0
pathtype=2
base_angle_y=0.0
enter_time=0
alpha_in=0
alpha_out=0
time_action0=stop,0.06,0.48,0.35,0.00,-17.00,0.00,diedownloop,20,true,,,,0,1.00

[team_member0]
resource=player
movetype=0
pathtype=2
base_angle_y=0.0
enter_time=0.0
alpha_in=0
alpha_out=0
time_action0=stop,1.32,0.39,-1.36,0,1,0,grd_0h_stand,2,true,,,,0,1.00
time_action1=stop,1.32,0.39,-1.36,0,1,0,offact284,2,false,,,,0,1.00
time_action2=stop,1.32,0.39,-1.36,0,1,0,grd_0h_stand,16,true,,,,0,1.00

[team_member1]
resource=player
movetype=0
pathtype=2
base_angle_y=0.0
enter_time=0
alpha_in=0
alpha_out=0
time_action0=stop,-0.06,0.55,-0.75,0,-24.07,0,grd_0h_stand,1.3,true,,,,0,1.00
time_action1=stop,-0.06,0.55,-0.75,0,-24.07,0,grd_0h_stand,2,true,,,,0,1.00
time_action2=stop,-0.06,0.55,-0.75,0,-24.07,0,grd_0h_stand,15.7,true,,,,0,1.00

[team_member2]
resource=player
movetype=0
pathtype=2
base_angle_y=0.0
enter_time=0
alpha_in=0
alpha_out=0
time_action0=stop,0.43,0.33,2.62,0,-23.28,0,grd_2h_stand,19,true,,,,0,1.00

