[system]
esc_key=1
restore_pos=1
hide_weapon=0
enternpc=
gutname=717findGSY
taskname=movie_clone011_717.ini
info=
teamtype=0
refertype=2
show_all_npc=1
wait_terrain=1

[player]
resource=player
movetype=0
pathtype=2
base_angle_y=0.0
enter_time=0
alpha_in=0
alpha_out=0
time_action0=stop,58.79,10.62,397.32,0.00,3.79,0.00,stand,1.0,true,,,,0,1.00,
time_action1=moveto,53.83,10.23,387.37,walk,4,true,,,,0,1.00,0,
time_action2=stop,53.83,10.23,387.3,0,3.79,0,interact005,2,true,,,,0,1.00,
time_action3=stop,56.97,13.36,388.53,0,3.79,0,stand,2,true,,,,1,1.00,
time_action4=moveto,55.26,10.76,385.87,jump,2,true,,,,1,1.00,0,
time_action5=stop,55.26,10.76,385.87,0,0,0,stand,1.0,true,,,,0,1.00,

[movie_talk_id]

[scenario_camera]
pathtype=2
angletype=4
modetype=3
time_action0=20,6,0,59.697701,12.561025,399.07486,0.309168,3.713121,0,55.509327,11.61541,389.002197,0.228883,3.909472,0,
time_action1=20,2,0,54.099529,11.553745,387.303101,0.120673,3.344418,0,54.099529,11.553745,387.303101,-0.556515,1.57509,0,
time_action2=20,2,0,54.099529,11.553745,387.303101,-0.556515,1.57509,0,54.099529,11.553745,387.303101,-0.68916,-0.51276,0,
time_action2_ctrl1=63.78,13.14,386.36
time_action2_ctrl2=63.78,13.14,386.36
time_action3=20,1,0,54.099529,11.553745,387.303101,-0.68916,-0.51276,0,54.099529,11.553745,387.303101,-0.113202,0.215914,0,

[gsy]
resource=npc\fb_monster447
movetype=0
pathtype=2
base_angle_y=0.0
enter_time=0.0
alpha_in=0
alpha_out=0

