[system]
enternpc=
gutname=2011siyue.ini
taskname=2011siyue.ini
info=
teamtype=0
refertype=2
show_all_npc=0
wait_terrain=1
show_head_to_chat=0
recover_camera=1
hide_weapon=0
esc_key=0

[dhf]
resource=npc\composite_npc005
movetype=0
pathtype=2
base_angle_y=0.0
enter_time=0
alpha_in=0
alpha_out=0
show_name=0
name=
size_x=100
size_y=100
size_z=100
time_action0=stop,755.58,64.44,211.04,0,2.8,0,stand,4.5,true,,,,0,0.23,
time_action1=stop,755.7,64.41,211.26,0,2.73,0,3h_return_weapon,1.5,true,,,effect_npcitem307|Tpose_handR_01|2.0|1.0,0,0.05,
time_action2=stop,755.83,64.41,211.34,-0.00,2.84,0.00,stand,0.1,true,,,,0,1.00,
time_action3=moveto,755.83,64.41,211.34,fi_0h_diedownloop,5.9,true,,,,0,1.00,1,,0,0,0,0

[xqq]
resource=npc\composite_npc004
movetype=0
pathtype=2
base_angle_y=0.0
enter_time=0
alpha_in=0
alpha_out=0
show_name=0
name=
size_x=100
size_y=100
size_z=100
time_action0=stop,756.17,64.92,209.06,0,2.76,0,stand,0.2,true,,,,0,1.00,
time_action1=moveto,758.81,68.02,202.83,fi_0h_walk,4.8,true,,,,1,1.00,0,,0,0,0,0
time_action2=stop,758.81,68.10,202.59,0.00,-0.36,0.00,stand,0.1,true,,,,0,1.00,
time_action3=moveto,758.83,68.02,202.84,stand,6.9,true,,,,0,1.00,1,,0,0,0,0

[xbq]
resource=npc\worldnpc1381
movetype=0
pathtype=2
base_angle_y=0.0
enter_time=0
alpha_in=0
alpha_out=0
show_name=0
name=
size_x=100
size_y=100
size_z=100
time_action0=stop,756.83,64.93,209.34,0,2.77,0,stand,0.2,true,,,,0,1.00,
time_action1=moveto,759.77,68.04,203.42,walk,4.8,true,,,,1,1.00,0,,0,0,0,0
time_action2=stop,759.70,68.04,203.31,0.00,-0.41,0.00,stand,3,true,,,,0,1.00,
time_action3=moveto,756.52,64.57,210.01,run,4,true,,,,1,1.00,0,,0,0.00,-0.44,0.00

[player]
resource=player
movetype=0
pathtype=2
base_angle_y=0.0
enter_time=0
alpha_in=0
alpha_out=0
size_x=100
size_y=100
size_z=100
show_name=0
name=
time_action0=stop,736.36,63.78,204.03,0,1.29,0,stand,17,true,,,,0,1.00,

[scenario_camera]
pathtype=2
angletype=4
modetype=3
is_offset_angle=0
offset_angle_y=0.0
time_action0=20,1,0,754.63,66.33,213.40,0.23,2.67,0.00,754.63,66.33,213.40,0.23,2.67,0.00,
time_action1=20,3.5,0,754.631165,66.330795,213.397888,0.226332,2.671989,0,755.90,66.70,209.72,-0.34,2.50,0.00,
time_action2=20,1.5,0,755.18,65.63,210.87,0.53,1.15,0.00,755.18,65.63,210.87,0.53,1.15,0.00,
time_action3=20,2,0,754.619995,65.809998,210.440002,0.47,1.1,0,754.619995,65.809998,210.440002,0.47,1.1,0,
time_action4=20,2,1,757.77,68.51,205.96,-0.13,2.48,0.00,751.79,70.84,218.69,0.54,2.57,0.00,

[fade_section]
time_action0=0,1.0,0
time_action1=6.,2,2
time_action2=11.,6,2

[movie_talk_id]
r0=8,movie_2011_1,2,
r1=11,movie_2011_2,1,

