[system]
esc_key=0
enternpc=
gutname=2017siyue.ini
taskname=2017siyue.ini
info=
teamtype=0
refertype=2
show_all_npc=0
wait_terrain=1
show_head_to_chat=0
recover_camera=1

[scenario_camera]
pathtype=2
angletype=4
modetype=3
time_action0=20,2,0,676.70,74.97,131.39,-0.06,3.25,0.00,676.70,74.97,131.39,-0.06,3.25,0.00,
is_offset_angle=0
offset_angle_y=0.0
time_action1=36,3,0,676.702148,74.967415,131.390671,-0.059708,3.245368,0,678.11,76.31,124.30,0.30,-0.21,0.00,
time_action1_ctrl1=678.85,75.09,133.62
time_action1_ctrl2=683.67,76.80,129.36
time_action2=20,5,0,678.109985,76.309998,124.300003,0.3,-0.21,0,678.109985,76.309998,124.300003,0.3,-0.21,0,
time_action3=20,6,0,767.77,78.10,177.23,0.16,9.28,0.00,767.77,78.10,177.23,0.16,9.28,0.00,
time_action4=20,2,0,768.49,77.84,180.38,-0.07,0.05,0.00,767.56,78.35,175.35,0.34,0.01,0.00,

[player]
resource=player
movetype=0
pathtype=2
base_angle_y=0.0
enter_time=0
alpha_in=0
alpha_out=0
size_x=100
size_y=100
size_z=100
show_name=0
name=
time_action0=stop,689.40,75.91,90.55,-0.00,1.51,0.00,interact151_a,20,true,,,,0,1.00,

[fade_section]
time_action0=0,1.0,0
time_action1=9,1.0,1
time_action2=10,3,2
time_action3=13,1.0,0
time_action4=19,1.0,1

[movie_talk_id]
r0=10,movie_2017_1,2,
r1=13,movie_2017_2,2,
r2=16,movie_2017_3,2,

[bls]
resource=npc\composite_npc006
movetype=0
pathtype=2
base_angle_y=0.0
enter_time=0
alpha_in=0
alpha_out=0
show_name=0
name=
size_x=100
size_y=100
size_z=100
time_action0=stop,676.52,73.55,129.84,-0.00,0.16,0.00,ty_dance_cxw_1,10,true,,,,0,1.00,
time_action1=hide,0,0,0,0,2,
time_action2=stop,768.13,76.48,176.40,-0.00,-2.69,0.00,stand,0.1,true,,,,0,1.00,
time_action3=stop,768.13,76.48,176.4,0,-2.69,0,stand,5,true,,,,0,1.00,
time_action4=moveto,768.03,76.48,176.36,walk,0.1,true,,,,1,1.00,0,,0,0,0,0
time_action5=stop,768.03,76.48,176.36,0,0.08,0,stand,2.8,true,,,,0,1.00,

[xiaobieq]
resource=npc\worldnpc1114
movetype=0
pathtype=2
base_angle_y=0.0
enter_time=0
alpha_in=0
alpha_out=0
show_name=0
name=
size_x=100
size_y=100
size_z=100
time_action0=stop,677.15,73.55,133.95,0,-3.09,0,ty_musical_dizi,10,true,,,,0,1.00,
time_action1=hide,0,0,0,0,2,
time_action2=stop,767.96,76.48,173.89,0,0.08,0,stand,0.1,true,,,,0,1.00,
time_action3=moveto,767.96,76.48,173.89,ty_chijian,5,true,,,,0,1.00,1,,0,0,0,0

[gmpzm]
resource=npc\worldnpc1377
movetype=0
pathtype=2
base_angle_y=0.0
enter_time=16
alpha_in=0
alpha_out=0
show_name=0
name=
size_x=100
size_y=100
size_z=100
time_action0=stop,768.86,76.81,183.34,0,-3.05,0,stand,0.1,true,,,,0,1.00,
time_action1=moveto,768.57,76.48,180.22,walk,3.9,true,,,,1,1.00,1,,0,0,0,0

