[system]
enternpc=
gutname=2021siyue.ini
taskname=2021siyue.ini
info=
teamtype=0
refertype=2
show_all_npc=1
wait_terrain=1
show_head_to_chat=0
recover_camera=1
esc_key=0
hide_weapon=0
repeat=0

[scenario_camera]
pathtype=2
angletype=4
modetype=3
time_action0=20,2,0,952.87,18.58,260.15,-0.09,0.73,0.00,952.87,18.58,260.15,-0.09,0.73,0.00,
is_offset_angle=0
offset_angle_y=0.0
time_action1=20,2,0,952.869995,18.58,260.149994,-0.09,0.73,0,952.87,18.58,260.15,0.09,-0.37,0.00,
time_action2=20,1,0,952.869995,18.58,260.149994,0.09,-0.37,0,952.869995,18.58,260.149994,0.09,-0.37,0,
time_action3=20,8,0,947.62,16.34,275.58,0.08,2.90,0.00,947.19,16.16,285.14,-0.06,2.97,0.00,
time_action4=20,2,0,947.190002,16.16,285.140015,-0.06,2.97,0,947.190002,16.16,285.140015,-0.06,2.97,0,
time_action5=20,3,0,939.56,19.37,290.45,0.38,1.77,0.00,939.559998,19.370001,290.450012,0.38,1.77,0,
time_action6=20,4,2,939.559998,19.370001,290.450012,0.38,1.77,0,939.56,19.37,290.45,-0.42,1.79,0.00,

[player]
resource=player
movetype=0
pathtype=2
base_angle_y=0.0
enter_time=0
alpha_in=0
alpha_out=0
size_x=100
size_y=100
size_z=100
show_name=0
name=
time_action0=stop,927.06,20.84,168.12,0,-2.14,0,stand,22,true,,,,0,1.00,

[fade_section]
time_action0=0,1.0,0
time_action1=21,1.0,1

[movie_talk_id]
r0=0,movie_2021_1,2,
r1=5,movie_2021_2,2,
r2=8,movie_2021_3,2,
r3=12,movie_2021_4,2,
r4=16,movie_2021_5,2,
r5=19,movie_2021_6,2,

[xiaobieq]
resource=npc\worldnpc1114
movetype=0
pathtype=2
base_angle_y=0.0
enter_time=0
alpha_in=0
alpha_out=0
show_name=0
name=
size_x=100
size_y=100
size_z=100
time_action0=stop,946.95,14.06,269.86,-0.00,0.29,0.00,stand,0.5,true,,,,0,1.00,
time_action1=moveto,949.66,15.28,292.29,walk,21.5,true,,,,0,1.00,1,,0,0,0,0

[biliushu]
resource=npc\composite_npc006
movetype=0
pathtype=2
base_angle_y=0.0
enter_time=0
alpha_in=0
alpha_out=0
show_name=0
name=
size_x=100
size_y=100
size_z=100
time_action0=stop,945.80,14.17,269.74,-0.00,0.29,0.00,stand,0.5,true,,,,0,1.00,
time_action1=moveto,948.62,15.41,292.14,walk,21.5,true,,,,0,1.00,1,,0,0,0,0

[shiyanbing]
resource=npc\worldnpc754
movetype=0
pathtype=2
base_angle_y=0.0
enter_time=0
alpha_in=0
alpha_out=0
show_name=0
name=
size_x=100
size_y=100
size_z=100
time_action0=stop,948.06,13.98,270.02,-0.00,0.06,0.00,stand,0.5,true,,,,0,1.00,
time_action1=moveto,950.75,15.12,292.02,h_walk4_1_2,21.5,true,,,,0,1.00,1,,0,0,0,0

