[system]
enternpc=
gutname=2023siyue.ini
taskname=2023siyue.ini
info=
teamtype=0
refertype=2
show_all_npc=1
wait_terrain=1
show_head_to_chat=0
recover_camera=1
hide_weapon=1
esc_key=0

[scenario_camera]
pathtype=2
angletype=4
modetype=3
time_action0=20,1,1,3340.87,35.92,1040.21,0.14,3.63,0.00,3336.16,35.81,1032.20,0.06,3.36,0.00,
is_offset_angle=0
offset_angle_y=0.0
time_action1=20,2,0,3336.159912,35.810001,1032.199951,0.06,3.36,0,3336.159912,35.810001,1032.199951,0.06,3.36,0,
time_action2=20,2,0,3346.44,16.63,1001.91,0.36,2.20,0.00,3346.44,16.63,1001.91,0.36,2.20,0.00,
time_action3=20,2,0,3300.34,20.32,1022.94,0.38,6.67,0.00,3300.34,20.32,1022.94,0.38,6.67,0.00,

[player]
resource=player
movetype=0
pathtype=2
base_angle_y=0.0
enter_time=0
alpha_in=0
alpha_out=0
size_x=100
size_y=100
size_z=100
show_name=0
name=
time_action0=stop,3340.01,33.87,1036.87,0,-2.51,0,stand,8,true,,,,0,1.00,

[fade_section]
time_action0=0,1.0,0
time_action1=7,1.0,1

