[system]
enternpc=
gutname=2025siyue
taskname=2025siyue.ini
info=
teamtype=1
refertype=2
show_all_npc=0
wait_terrain=1
show_head_to_chat=1
recover_camera=1
esc_key=1

[scenario_camera]
pathtype=2
angletype=4
modetype=3
time_action0=17,4,0,2192.61,69.65,1284.40,-0.29,-1.85,0.00,2192.61,69.65,1284.40,-0.29,-1.85,0.00,dadiao
is_offset_angle=0
offset_angle_y=0.0
time_action1_vibrate=4,1.0,1.0,2.0,0
time_action1=20,6,0,2178.01,42.12,1311.96,0.14,7.90,0.00,2166.76,43.66,1312.49,0.25,7.90,0.00,
time_action2=20,0.5,1,2166.76001,43.66,1312.48999,0.25,7.9,0,2175.58,39.87,1330.23,0.17,7.26,0.00,

[fade_section]
time_action0=0,1.0,0
time_action1=14,1.0,1

[laopopo]
resource=npc\boss219
movetype=0
pathtype=2
base_angle_y=0.0
enter_time=0
alpha_in=0
alpha_out=0
show_name=0
name=
size_x=100
size_y=100
size_z=100
time_action0=stop,2177.41,38.84,1331.25,0,-1.75,0,stand,15,true,,,,0,1.00,

[dadiao]
resource=npc\scene_npc01
movetype=0
pathtype=2
base_angle_y=0.0
enter_time=0
alpha_in=0
alpha_out=0
show_name=0
name=
size_x=100
size_y=100
size_z=100
time_action0=stop,2080.18,95.74,1262.28,0,1.45,0,stand,0.1,true,,,,1,1.00,
time_action1=moveto,2163.24,55.43,1326.02,stand,9,true,,,,1,1.00,0,,0,0,0,0

[msz]
resource=npc\boss088
movetype=0
pathtype=2
base_angle_y=0.0
enter_time=0
alpha_in=0
alpha_out=0
show_name=0
name=
size_x=100
size_y=100
size_z=100
time_action0=stop,2182.67,38.63,1312.3,0,-1.46,0,stand,4,true,,,,0,1.00,
time_action1=moveto,2178.42,38.56,1313.33,walk,4,true,,,,0,1.00,0,,0,0,-1.45,0
time_action2=moveto,2178.42,38.56,1313.33,stand,5,true,,,,0,1.00,1,,0,0,0,0

[xbq]
resource=npc\worldnpc1114
movetype=0
pathtype=2
base_angle_y=0.0
enter_time=0
alpha_in=0
alpha_out=0
show_name=0
name=
size_x=100
size_y=100
size_z=100
time_action0=stop,2182.5,38.62,1311.4,0,-1.46,0,stand,4,true,,,,0,1.00,
time_action1=moveto,2178.47,38.50,1311.97,walk,4,true,,,,0,1.00,0,,0,-0.00,-3.05,0.00
time_action2=moveto,2178.47,38.5,1311.97,stand,5,true,,,,0,1.00,1,,0,0,0,0

[bls]
resource=npc\composite_npc006
movetype=0
pathtype=2
base_angle_y=0.0
enter_time=0
alpha_in=0
alpha_out=0
show_name=0
name=
size_x=100
size_y=100
size_z=100
time_action0=stop,2182.45,38.64,1310.34,0,-1.48,0,stand,4,true,,,,0,1.00,
time_action1=moveto,2178.57,38.51,1310.72,walk,4,true,,,,0,1.00,1,,0,-0.00,-3.05,0.00
time_action2=moveto,2178.57,38.51,1310.72,stand,5,true,,,,0,1.00,1,,0,0,0,0

[team_member0]
resource=player
movetype=0
pathtype=2
base_angle_y=0.0
enter_time=0
alpha_in=0
alpha_out=0
size_x=100
size_y=100
size_z=100
show_name=0
name=
time_action0=stop,2188.04,38.84,1330.59,0,-1.31,0,stand,15,true,,,,0,1.00,

[movie_talk_id]
r0=3,movie_1064_1,2,
r1=9,movie_1064_2,2,

