[system]
esc_key=1
enternpc=
gutname=2026siyue
taskname=2026siyue.ini
info=
teamtype=1
refertype=2
show_all_npc=0
wait_terrain=1
show_head_to_chat=1
recover_camera=1

[boss]
resource=npc\boss220
movetype=0
pathtype=2
base_angle_y=0.0
enter_time=0
alpha_in=0
alpha_out=0
show_name=0
name=
size_x=100
size_y=100
size_z=100
time_action0=stop,1869.69,104.15,1628.88,0,2.34,0,stand,7,true,,,,1,1.00,
time_action1=moveto,1912.17,85.26,1576.46,qg_gj_air_rush_3_typ4,4,true,,,,1,1.00,1,,0,0,0,0
time_action2=moveto,1912.17,85.26,1576.46,qg_gj_dive_end_typ4,0.6,true,,,,0,1.00,1,,0,0,0,0
time_action3=moveto,1912.17,85.26,1576.46,h_stand_10,8.4,true,,,,0,1.00,1,,0,0,0,0

[scenario_camera]
pathtype=2
angletype=4
modetype=3
time_action0=36,8,0,1721.34,194.37,1459.67,0.01,0.40,0.00,1895.09,112.58,1581.84,-0.02,-0.73,0.00,
is_offset_angle=0
offset_angle_y=0.0
time_action0_ctrl1=1820.11,183.59,1459.64
time_action0_ctrl2=1915.73,146.16,1561.38
time_action1=17,3,1,1890.880005,113.529999,1620.329956,0.57,-1.36,0,1922.13,103.76,1604.49,0.25,-1.21,0.00,boss
time_action0_vibrate=2,1.0,1.0,2.0,0
time_action2=20,5,0,1915.84,86.20,1571.66,-0.20,5.53,0.00,1915.84,86.20,1571.66,-0.20,5.53,0.00,
time_action3=20,2,0,1928.56,84.06,1531.58,0.18,2.51,0.00,1928.56,84.06,1531.58,0.18,2.51,0.00,

[fade_section]
time_action0=0,1.0,0
time_action1=19,1.0,1

[movie_talk_id]
r0=11,movie_1065_1,2,
r1=16,movie_1065_2,2,

[team_member0]
resource=player
movetype=0
pathtype=2
base_angle_y=0.0
enter_time=0
alpha_in=0
alpha_out=0
size_x=100
size_y=100
size_z=100
show_name=0
name=
time_action0=stop,1930.22,82.08,1528.49,0,-0.64,0,ty_talk4,20,true,,,,0,1.00,

[team_member1]
resource=player
movetype=0
pathtype=2
base_angle_y=0.0
enter_time=0
alpha_in=0
alpha_out=0
size_x=100
size_y=100
size_z=100
show_name=0
name=
time_action0=stop,1929.26,82.04,1527.78,0.00,-0.61,0.00,stand,20,true,,,,0,1.00,

[team_member2]
resource=player
movetype=0
pathtype=2
base_angle_y=0.0
enter_time=0
alpha_in=0
alpha_out=0
size_x=100
size_y=100
size_z=100
show_name=0
name=
time_action0=stop,1931.40,82.12,1529.06,0.00,-0.61,0.00,stand,20,true,,,,0,1.00,

[team_member3]
resource=player
movetype=0
pathtype=2
base_angle_y=0.0
enter_time=0
alpha_in=0
alpha_out=0
size_x=100
size_y=100
size_z=100
show_name=0
name=
time_action0=stop,1929.17,81.97,1526.50,0.00,-0.61,0.00,stand,20,true,,,,0,1.00,

[team_member4]
resource=player
movetype=0
pathtype=2
base_angle_y=0.0
enter_time=0
alpha_in=0
alpha_out=0
size_x=100
size_y=100
size_z=100
show_name=0
name=
time_action0=stop,1931.20,82.03,1527.93,0.00,-0.62,0.00,stand,20,true,,,,0,1.00,

