[system]
esc_key=1
enternpc=
gutname=2028siyue.ini
taskname=2028siyue.ini
info=
teamtype=1
refertype=2
show_all_npc=0
wait_terrain=1
show_head_to_chat=1
recover_camera=1

[scenario_camera]
pathtype=2
angletype=4
modetype=3
time_action0=20,1,0,1870.043823,115.499954,1348.000488,-0.219451,1.720346,0,1870.043823,115.499954,1348.000488,-0.219451,1.720346,0,
is_offset_angle=0
offset_angle_y=0.0
time_action1=20,3,1,1870.04,115.50,1348.00,-0.22,1.72,0.00,1946.21,134.35,1336.95,-0.09,1.78,0.00,
time_action2=20,0.5,0,1946.209961,134.350006,1336.949951,-0.09,1.78,0,1946.209961,134.350006,1336.949951,-0.09,1.78,0,
time_action3=20,2,0,1946.209961,134.350006,1336.949951,-0.09,1.78,0,1946.16,133.79,1335.25,0.15,2.20,0.00,
time_action4=20,1,1,1946.162354,133.787949,1335.251953,0.14562,2.203793,0,1974.00,126.30,1314.29,0.39,2.00,0.00,

[fade_section]
time_action0=0,1.0,0
time_action1=9,1.0,1

[jzx]
resource=npc\boss222
movetype=0
pathtype=2
base_angle_y=0.0
enter_time=0
alpha_in=0
alpha_out=0
show_name=0
name=
size_x=100
size_y=100
size_z=100
time_action0=stop,1976.55,124.87,1312.91,0,-1.29,0,sit_state_1_8h,10,true,,,,0,1.00,

[tuzi]
resource=npc\monster118
movetype=0
pathtype=2
base_angle_y=0.0
enter_time=0
alpha_in=0
alpha_out=0
show_name=0
name=
size_x=100
size_y=100
size_z=100
time_action0=stop,1979.17,124.87,1316.26,-0.00,-2.35,0.00,stand,1.0,true,,,,0,1.00,
time_action1=moveto,1976.62,124.87,1313.42,walk,6,true,,,,0,1.00,0,,0,0.00,-1.29,0.00
time_action2=moveto,1976.62,124.87,1313.42,stand_free01,3,true,,,,0,1.00,1,,0,0,-1.29,0

[movie_talk_id]
r0=5,movie_1067_1,2,

[team_member0]
resource=player
movetype=0
pathtype=2
base_angle_y=0.0
enter_time=0
alpha_in=0
alpha_out=0
size_x=100
size_y=100
size_z=100
show_name=0
name=
time_action0=stop,1858.48,113.43,1351.06,-0.00,1.63,0.00,stand,10,true,,,,0,1.00,

