[system]
enternpc=
gutname=2029siyue
taskname=2029siyue.ini
info=
teamtype=1
refertype=2
show_all_npc=0
wait_terrain=1
show_head_to_chat=1
recover_camera=1
esc_key=1

[fade_section]
time_action0=0,1.0,0
time_action1=9,1.0,1

[scenario_camera]
pathtype=2
angletype=4
modetype=3
time_action0=20,1,0,1773.75,202.03,1093.94,-0.18,-2.24,0.00,1773.75,202.03,1093.94,-0.18,-2.24,0.00,
is_offset_angle=0
offset_angle_y=0.0
time_action1=20,3,2,1773.750977,202.028061,1093.939453,-0.17947,-2.239702,0,1829.55,209.44,1122.32,0.17,-2.21,0.00,
time_action2=20,1,0,1829.550049,209.440002,1122.319946,0.17,-2.21,0,1829.550049,209.440002,1122.319946,0.17,-2.21,0,
time_action3=20,1,1,1829.547729,209.44194,1122.321533,0.166687,-2.205338,0,1767.20,155.04,1086.14,0.28,3.74,0.00,
time_action4=20,2,0,1767.196899,155.036606,1086.135132,0.27517,3.735027,0,1767.196899,155.036606,1086.135132,0.27517,3.735027,0,

[jinlinglong]
resource=npc\boss223
movetype=0
pathtype=2
base_angle_y=0.0
enter_time=3
alpha_in=0
alpha_out=0
show_name=0
name=
size_x=100
size_y=100
size_z=100
time_action0=stop,1765.78,152.93,1084.43,0,0.32,0,atkhit_22307a,7,true,,,,0,0.50,

[movie_talk_id]
r0=1,movie_1068_2,2,
r1=5,movie_1068_1,2,

[team_member0]
resource=player
movetype=0
pathtype=2
base_angle_y=0.0
enter_time=0
alpha_in=0
alpha_out=0
size_x=100
size_y=100
size_z=100
show_name=0
name=
time_action0=stop,1789.15,150.98,1108.02,-0.00,-2.34,0.00,stand,10,true,,,,0,1.00,

