[system]
esc_key=1
enternpc=
gutname=2030siyue
taskname=2030siyue.ini
info=
teamtype=1
refertype=2
show_all_npc=0
wait_terrain=1
show_head_to_chat=1
recover_camera=1

[scenario_camera]
pathtype=2
angletype=4
modetype=3
is_offset_angle=0
offset_angle_y=0.0
enter_time=0
time_action0=20,6,1,1331.04,304.70,1144.56,0.77,4.64,0.00,1166.99,212.84,1145.65,0.42,4.69,0.00,
time_action1_ctrl1=1183.19,220.90,1131.77
time_action1_ctrl2=1180.55,229.77,1161.56
time_action1=20,2,0,1166.98999,212.839996,1145.650024,0.42,4.69,0,1166.98999,212.839996,1145.650024,0.42,4.69,0,
time_action2=20,5,0,1168.16,204.76,1137.60,-0.05,5.12,0.00,1178.81,204.54,1156.03,0.40,4.15,0.00,

[bosss]
resource=npc\boss224
movetype=0
pathtype=2
base_angle_y=0.0
enter_time=0
alpha_in=0
alpha_out=0
show_name=0
name=
size_x=100
size_y=100
size_z=100
time_action0=stop,1147.00,209.96,1146.13,-0.00,1.58,0.00,stand,1.0,true,,,,0,1.00,
time_action1=moveto,1164.75,196.72,1145.25,h_walk4_1,13,true,,,,1,1.00,1,,0,0,0,0

[fade_section]
time_action0=0,1.0,0
time_action1=13,1.0,1

[movie_talk_id]
r0=3,movie_1069_1,2,
r1=6,movie_1069_2,2,
r2=9,movie_1069_3,2,
r3=12,movie_1069_4,2,

[team_member0]
resource=player
movetype=0
pathtype=2
base_angle_y=0.0
enter_time=0
alpha_in=0
alpha_out=0
size_x=100
size_y=100
size_z=100
show_name=0
name=
time_action0=stop,1289.91,195.93,1146.54,0.00,-1.63,0.00,stand,14,true,,,,0,1.00,

