[MainInfo]
FrameTime=0.033333
RulerStart=0.000000
RulerEnd=200.000000
CameraX=-0.004129
CameraY=11.976154
CameraZ=24.752010
CameraRX=0.108320
CameraRY=-0.004119
CameraRZ=0.000000
CaptureAngleX=0.000000
CaptureAngleY=0.000000
CaptureAngleZ=0.000000
CapturePosX=0.000000
CapturePosY=0.000000
CapturePosZ=0.000000
CanBreak=1
ShowPlayer=0
ShowNpc=0
ShowWeapon=0
Player=

[npc_1]
WorldType=objects
ObjectType=action_obj
Name=CE36E3DAC8AC4A5A84E7DD6A0F6D0840
VisualType=Actor
PositionX=0.000000
PositionY=10.000000
PositionZ=0.000000
AngleX=-0.000000
AngleY=0.000000
AngleZ=0.000000
ScaleX=1.000000
ScaleY=1.000000
ScaleZ=1.000000
VisualConfig=ini\npc\b_huashan02.ini
Path=npc_1.xml

[camera_1]
WorldType=objects
ObjectType=camera
Name=3B266DF264DB4EC8854D1A0AC78F74D7
VisualType=CameraWrapper
PositionX=-0.004129
PositionY=11.976154
PositionZ=24.752010
AngleX=0.108320
AngleY=-0.004119
AngleZ=0.000000
ScaleX=1.000000
ScaleY=1.000000
ScaleZ=1.000000
VisualConfig=mdl\camera\camera01\camera.xmod
CameraType=free
Fovx=1.510192
Path=camera_1.xml

[light_move_1048a_1]
WorldType=objects
ObjectType=EffectModel
Name=0BB36E88E065470EB6D6FAAC68B538FC
VisualType=EffectModel
PositionX=0.000000
PositionY=9.999999
PositionZ=0.000000
AngleX=-0.000000
AngleY=-3.141593
AngleZ=0.000000
ScaleX=1.000000
ScaleY=1.000000
ScaleZ=1.000000
EffectConfig=ini\effect\model.ini
EffectName=light_move_1048a
Path=light_move_1048a_1.xml

