[MainInfo]
FrameTime=0.033333
RulerStart=0.000000
RulerEnd=145.000000
CameraX=1.624211
CameraY=12.437366
CameraZ=48.587791
CameraRX=0.058178
CameraRY=-0.094902
CameraRZ=0.000000
CaptureAngleX=0.000000
CaptureAngleY=0.000000
CaptureAngleZ=0.000000
CapturePosX=0.000000
CapturePosY=0.000000
CapturePosZ=0.000000
CanBreak=1
ShowPlayer=0
ShowNpc=0
ShowWeapon=0
Player=

[npc_1]
WorldType=objects
ObjectType=action_obj
Name=CE36E3DAC8AC4A5A84E7DD6A0F6D0840
VisualType=Actor
PositionX=0.000000
PositionY=10.000000
PositionZ=0.000000
AngleX=-0.000000
AngleY=0.000000
AngleZ=0.000000
ScaleX=1.000000
ScaleY=1.000000
ScaleZ=1.000000
VisualConfig=ini\npc\b_huashan02.ini
Path=npc_1.xml

[camera_1]
WorldType=objects
ObjectType=camera
Name=9BE804AE05CF457E828D3DBDCAC5DA92
VisualType=CameraWrapper
PositionX=1.624211
PositionY=12.437366
PositionZ=48.587791
AngleX=0.058178
AngleY=-0.094902
AngleZ=0.000000
ScaleX=1.000000
ScaleY=1.000000
ScaleZ=1.000000
VisualConfig=mdl\camera\camera01\camera.xmod
CameraType=free
Fovx=1.552446
Path=camera_1.xml

[light_move_1140_03lx_1]
WorldType=objects
ObjectType=EffectModel
Name=E84F998A67064DCFB71D808D5B6C5574
VisualType=EffectModel
PositionX=0.000000
PositionY=10.000000
PositionZ=0.000000
AngleX=-0.000000
AngleY=-3.140185
AngleZ=0.000000
ScaleX=0.999871
ScaleY=1.000000
ScaleZ=0.999871
EffectConfig=ini\effect\model.ini
EffectName=light_move_1140_03lx
Path=light_move_1140_03lx_1.xml

