[light]
UseSkyLight=false
UsePointLight=true
SaveOcclusion=true
usecolor=0
smoothUseNormals=1
smoothRadius=0.200000
blurTrace=0
blurRadius=5.000000
blurAtt=2.000000
blurCos=0.500000
blurKf=0.300000
ambient_intens=0.170000
ambient_clrR=0.478431
ambient_clrG=0.635294
ambient_clrB=1.000000
sun_light_isOn=1
sun_light_intens=0.280000
sun_light_clrR=1.000000
sun_light_clrG=0.866667
sun_light_clrB=0.552941
sun_light_cosine=0.660000
sun_light_shadow=0.950000
sun_light_bright=0.660000
sun_light_contr=1.000000
sun_light_gamma=0.000000
sky_light_isOn=1
sky_light_intens=0.000000
sky_light_clrR=0.300000
sky_light_clrG=0.500000
sky_light_clrB=1.000000
sky_light_cosine=1.000000
sky_light_shadow=0.800000
sky_light_bright=0.500000
sky_light_contr=0.500000
sky_light_gamma=0.500000

