[ppfilter]
GammaEnable=false
GradualEnable=true
GradualStart=0.250000
GradualEnd=1.000000
GradualExp=1.000000
GradualColor=255,45,125,206
HSIEnable=false
AdjustBaseColor=255,255,249,239
AdjustBrightness=55.000000
AdjustContrast=5.000000
AdjustSaturation=55.000000
AngleEnable=true
AngleStart=0.500000
AngleEnd=1.000000
AngleExp=0.700000
AngleColor=255,8,8,12

