[ppfilter]
GammaEnable=false
GradualEnable=true
GradualStart=0.300000
GradualEnd=1.000000
GradualExp=1.000000
GradualColor=255,97,128,155
HSIEnable=false
AdjustBaseColor=255,254,255,249
AdjustBrightness=50.000000
AdjustContrast=5.000000
AdjustSaturation=53.000000
AngleEnable=true
AngleStart=0.400000
AngleEnd=1.000000
AngleExp=0.700000
AngleColor=255,8,8,12

