[ppvolumelighting]
ppvolumelightingEnable=true
SunColor=255, 158,98,52
SunRadius=0.000000
SunLevel=5.000000
SunShineRadius=2.500000
SunShineUp=0.551000
SampleBias=0.026000
SampleDistance=1.835800

