[ppfilter]
GammaEnable=false
GradualEnable=true
GradualStart=-0.010000
GradualEnd=0.690000
GradualExp=3.000000
GradualColor=255,50,120,158
HSIEnable=true
AdjustBaseColor=255,232,235,255
AdjustBrightness=52.000000
AdjustContrast=2.000000
AdjustSaturation=52.000000
AngleEnable=true
AngleStart=0.400000
AngleEnd=1.000000
AngleExp=1.000000
AngleColor=255,8,8,12

