[AI_jzt_01]
r=207,738.687,101.632,628.137,-10,0,stand,nil,walk,nil,1,
r=210,736.634,102.425,603.626,-10,0,stand,nil,walk,nil,1,
r=211,735.854,101.632,570.594,-10,0,stand,nil,walk,nil,1,
r=212,735.642,101.638,529.251,-10,0,stand,nil,walk,nil,1,
r=8,723.169,101.634,501.889,-10,0,stand,nil,walk,nil,1,
r=7,712.644,101.632,500.626,-10,0,stand,nil,walk,nil,1,
r=6,703.341,106.604,500.005,-10,0,stand,nil,walk,nil,1,
r=9,690.239,101.867,499.397,-10,0,stand,nil,walk,nil,1,
r=10,675.613,101.632,497.756,-10,0,stand,nil,walk,nil,1,
r=14,662.722,101.632,498.723,-10,0,stand,nil,walk,nil,1,
r=15,635.162,101.632,496.374,-10,0,stand,nil,walk,nil,1,
r=28,602.848,101.632,498.245,-10,0,stand,nil,walk,nil,1,
r=26,577.326,101.632,497.907,-10,0,stand,nil,walk,nil,1,

[AI_jzt_02]
r=231,659.427,101.632,569.971,-10,0,stand,nil,walk,nil,1,
r=230,643.963,101.632,568.777,-10,0,stand,nil,walk,nil,1,
r=229,641.599,101.632,586.25,-10,0,stand,nil,walk,nil,1,
r=226,621.287,101.632,585.306,-10,0,stand,nil,walk,nil,1,
r=225,620.669,101.632,568.81,-10,0,stand,nil,walk,nil,1,
r=224,608.545,102.042,568.922,-10,0,stand,nil,walk,nil,1,
r=223,605.187,101.838,569.093,-10,0,stand,nil,walk,nil,1,
r=30,597.84,101.632,568.29,-10,0,stand,nil,walk,nil,1,
r=29,576.125,101.632,568.678,-10,0,stand,nil,walk,nil,1,
r=27,575.739,101.632,516.403,-10,0,stand,nil,walk,nil,1,

[AI_jzt_03]
r=233,491.602,101.632,517.422,-10,0,stand,nil,walk,nil,1,
r=238,493,101.632,490.511,-10,0,stand,nil,walk,nil,1,
r=241,496.632,101.632,467.152,-10,0,stand,nil,walk,nil,1,
r=242,499.743,101.709,457.213,-10,0,stand,nil,walk,nil,1,
r=247,498.43,101.632,446.37,-10,0,stand,nil,walk,nil,1,
r=248,494.626,101.632,422.668,-10,0,stand,nil,walk,nil,1,
r=32,495.409,101.632,404.711,-10,0,stand,nil,walk,nil,1,
r=33,496.084,101.632,394.033,-10,0,stand,nil,walk,nil,1,
r=58,495.344,101.946,377.987,-10,0,stand,nil,walk,nil,1,
r=57,516.112,101.638,362.781,-10,0,stand,nil,walk,nil,1,
r=35,552.113,101.632,351.35,-10,0,stand,nil,walk,nil,1,

[AI_jzt_04]
r=221,765.711,104.461,211.217,-10,0,stand,nil,walk,nil,1,
r=222,784.435,101.632,222.613,-10,0,stand,nil,walk,nil,1,
r=220,791.723,101.632,236.479,-10,0,stand,nil,walk,nil,1,
r=219,794.719,101.639,278.512,-10,0,stand,nil,walk,nil,1,

[AI_jzt_05]
r=38,593.453,101.632,351.267,-10,0,stand,nil,walk,nil,1,
r=49,607.053,101.632,350.785,-10,0,stand,nil,walk,nil,1,
r=39,612.393,101.868,351.735,-10,0,stand,nil,walk,nil,1,
r=40,629.919,101.869,353.536,-10,0,stand,nil,walk,nil,1,
r=41,649.359,101.869,345.668,-10,0,stand,nil,walk,nil,1,
r=42,661.699,101.869,354.575,-10,0,stand,nil,walk,nil,1,
r=43,671.358,101.869,347.04,-10,0,stand,nil,walk,nil,1,
r=44,671.438,101.896,319.906,-10,0,stand,nil,walk,nil,1,
r=46,671.93,103.644,301.605,-10,0,stand,nil,walk,nil,1,
r=47,671.66,101.822,282.402,-10,0,stand,nil,walk,nil,1,

[AI_jzt_06]
r=264,309.589,74.365,441.142,-10,0,stand,nil,walk,nil,1,
r=263,296.416,74.365,442.011,-10,0,stand,nil,walk,nil,1,
r=262,295.662,74.365,456.078,-10,0,stand,nil,walk,nil,1,
r=260,284.236,74.365,456.419,-10,0,stand,nil,walk,nil,1,
r=268,272.593,74.365,449.036,-10,0,stand,nil,walk,nil,1,
r=269,261.948,74.365,440.052,-10,0,stand,nil,walk,nil,1,
r=270,256.089,75.447,439.887,-10,0,stand,nil,walk,nil,1,
r=271,252.204,75.859,440.509,-10,0,stand,nil,walk,nil,1,
r=272,246.009,75.859,440.576,-10,0,stand,nil,walk,nil,1,
r=273,240.923,74.591,442.118,-10,0,stand,nil,walk,nil,1,
r=274,235.392,72.191,441.676,-10,0,stand,nil,walk,nil,1,
r=276,231.702,71.971,441.208,-10,0,stand,nil,walk,nil,1,
r=275,228.047,71.971,441.084,-10,0,stand,nil,walk,nil,1,

[AI_jzt_07]
r=59,487.712,102.186,354.539,-10,0,stand,nil,walk,nil,1,
r=60,458.333,121.464,328.781,-10,0,stand,nil,walk,nil,1,
r=61,440.124,135.846,300.428,-10,0,stand,nil,walk,nil,1,
r=62,434.522,137.265,274.041,-10,0,stand,nil,walk,nil,1,
r=67,411.677,137.37,271.446,-10,0,stand,nil,walk,nil,1,
r=68,368.771,129.861,245.097,-10,0,stand,nil,walk,nil,1,
r=69,360.09,121.662,195.813,-10,0,stand,nil,walk,nil,1,
r=70,381.219,113.165,160.587,-10,0,stand,nil,walk,nil,1,
r=71,429.172,96.312,126.35,-10,0,stand,nil,walk,nil,1,
r=72,435.429,96.306,113.376,-10,0,stand,nil,walk,nil,1,

[AI_jzt_08]
r=107,836.357,105.246,21.18,-10,0,stand,nil,walk,nil,1,
r=106,818.348,105.246,20.249,-10,0,stand,nil,walk,nil,1,
r=105,814.714,105.461,19.913,-10,0,stand,nil,walk,nil,1,
r=103,801.702,105.246,20.04,-10,0,stand,nil,walk,nil,1,
r=102,791.256,105.246,32.277,-10,0,stand,nil,walk,nil,1,
r=101,779.065,105.246,31.873,-10,0,stand,nil,walk,nil,1,
r=100,770.782,105.246,31.824,-10,0,stand,nil,walk,nil,1,
r=96,756.566,105.246,22.885,-10,0,stand,nil,walk,nil,1,
r=95,745.477,105.246,22.874,-10,0,stand,nil,walk,nil,1,
r=94,739.861,106.766,23.093,-10,0,stand,nil,walk,nil,1,

[AI_jzt_09]
r=465,395.013,22.704,1071.739,-10,0,stand,nil,walk,nil,1,
r=466,398.89,23.045,1073.141,-10,0,stand,nil,walk,nil,1,
r=467,405.458,23.045,1075.085,-10,0,stand,nil,walk,nil,1,
r=468,414.73,23.029,1077.764,-10,0,stand,nil,walk,nil,1,
r=485,421.572,23.052,1080.109,-10,0,stand,nil,walk,nil,1,
r=486,440.53,23.038,1084.916,-10,0,stand,nil,walk,nil,1,
r=487,451.017,23.048,1087.9,-10,0,stand,nil,walk,nil,1,
r=488,454.161,23.029,1106.546,-10,0,stand,nil,walk,nil,1,
r=489,475.014,23.029,1113.379,-10,0,stand,nil,walk,nil,1,
r=490,490.357,23.048,1091.292,-10,0,stand,nil,walk,nil,1,

[AI_jzt_10]
r=423,456.119,33.286,1198.479,-10,0,stand,nil,walk,nil,1,
r=424,418.747,36.683,1209.032,-10,0,stand,nil,walk,nil,1,
r=425,372.479,36.798,1204.054,-10,0,stand,nil,walk,nil,1,
r=433,374.022,37.417,1221.057,-10,0,stand,nil,walk,nil,1,
r=434,374.384,37.427,1245.944,-10,0,stand,nil,walk,nil,1,
r=435,372.128,37.427,1267.869,-10,0,stand,nil,walk,nil,1,
r=429,355.081,37.427,1265.485,-10,0,stand,nil,walk,nil,1,
r=430,335.885,37.412,1271.329,-10,0,stand,nil,walk,nil,1,
r=431,333.646,37.427,1243.137,-10,0,stand,nil,walk,nil,1,
r=432,331.567,36.862,1217.07,-10,0,stand,nil,walk,nil,1,

[AI_jzt_11]
r=494,372.436,17.919,1067.086,-10,0,stand,nil,walk,nil,1,
r=493,368.178,22.317,1101.37,-10,0,stand,nil,walk,nil,1,
r=463,364.55,24.822,1120.556,-10,0,stand,nil,walk,nil,1,
r=462,347.095,25.74,1120.844,-10,0,stand,nil,walk,nil,1,
r=461,325.746,25.74,1149.277,-10,0,stand,nil,walk,nil,1,
r=460,343.922,31.331,1156.092,-10,0,stand,nil,walk,nil,1,
r=459,356.551,37.167,1166.117,-10,0,stand,nil,walk,nil,1,
r=458,358.273,36.907,1198.82,-10,0,stand,nil,walk,nil,1,
r=427,354.168,37.427,1227.786,-10,0,stand,nil,walk,nil,1,
r=428,355.03,37.427,1245.776,-10,0,stand,nil,walk,nil,1,

[AI_jzt_12]
r=32,495.409,101.632,404.711,-10,0,stand,nil,walk,nil,1,
r=798,495.347,101.632,428.416,-10,0,stand,nil,walk,nil,1,
r=799,496.08,101.632,447.362,-10,0,stand,nil,walk,nil,1,
r=800,494.803,101.632,469.604,-10,0,stand,nil,walk,nil,1,
r=801,492.559,101.632,494.652,-10,0,stand,nil,walk,nil,1,
r=802,491.539,101.632,516.346,-10,0,stand,nil,walk,nil,1,
r=803,535.968,101.632,516.537,-10,0,stand,nil,walk,nil,1,
r=804,575.628,101.632,516.684,-10,0,stand,nil,walk,nil,1,
r=805,575.893,101.632,485.019,-10,0,stand,nil,walk,nil,1,
r=806,575.569,101.632,456.994,-10,0,stand,nil,walk,nil,1,
r=19,574.911,101.632,423.509,-10,0,stand,nil,walk,nil,1,
r=20,574.109,101.632,404.896,-10,0,stand,nil,walk,nil,1,
r=31,553.094,101.632,403.517,-10,0,stand,nil,walk,nil,1,
r=808,525.071,101.632,403.783,-10,0,stand,nil,walk,nil,1,

[AI_jzt_13]
r=19,574.911,101.632,423.509,-10,0,stand,nil,walk,nil,1,
r=806,575.569,101.632,456.994,-10,0,stand,nil,walk,nil,1,
r=805,575.893,101.632,485.019,-10,0,stand,nil,walk,nil,1,
r=26,577.326,101.632,497.907,-10,0,stand,nil,walk,nil,1,
r=28,602.848,101.632,498.245,-10,0,stand,nil,walk,nil,1,
r=15,635.162,101.632,496.374,-10,0,stand,nil,walk,nil,1,
r=17,633.034,101.632,461.159,-10,0,stand,nil,walk,nil,1,
r=18,635.038,101.632,443.5,-10,0,stand,nil,walk,nil,1,
r=13,632.257,101.632,422.886,-10,0,stand,nil,walk,nil,1,
r=809,598.772,101.632,423.317,-10,0,stand,nil,walk,nil,1,

[AI_jzt_14]
r=13,632.257,101.632,422.886,-10,0,stand,nil,walk,nil,1,
r=12,658.412,101.632,422.412,-10,0,stand,nil,walk,nil,1,
r=11,675.916,101.632,418.543,-10,0,stand,nil,walk,nil,1,
r=5,689.779,101.632,418.762,-10,0,stand,nil,walk,nil,1,
r=4,698.6,101.491,418.791,-10,0,stand,nil,walk,nil,1,
r=3,710.567,106.806,418.812,-10,0,stand,nil,walk,nil,1,
r=1,724.765,101.491,418.931,-10,0,stand,nil,walk,nil,1,
r=2,734.81,101.641,418.837,-10,0,stand,nil,walk,nil,1,
r=52,751.137,101.632,419.374,-10,0,stand,nil,walk,nil,1,
r=215,740.048,101.632,451.524,-10,0,stand,nil,walk,nil,1,
r=214,743.861,101.633,476.594,-10,0,stand,nil,walk,nil,1,
r=213,736.143,101.632,505.734,-10,0,stand,nil,walk,nil,1,
r=8,723.169,101.634,501.889,-10,0,stand,nil,walk,nil,1,
r=7,712.644,101.632,500.626,-10,0,stand,nil,walk,nil,1,
r=6,703.341,106.604,500.005,-10,0,stand,nil,walk,nil,1,
r=9,690.239,101.867,499.397,-10,0,stand,nil,walk,nil,1,
r=10,675.613,101.632,497.756,-10,0,stand,nil,walk,nil,1,
r=14,662.722,101.632,498.723,-10,0,stand,nil,walk,nil,1,
r=15,635.162,101.632,496.374,-10,0,stand,nil,walk,nil,1,
r=17,633.034,101.632,461.159,-10,0,stand,nil,walk,nil,1,
r=18,635.038,101.632,443.5,-10,0,stand,nil,walk,nil,1,

[AI_jzt_15]
r=798,495.347,101.632,428.416,-10,0,stand,nil,walk,nil,1,
r=799,496.08,101.632,447.362,-10,0,stand,nil,walk,nil,1,
r=800,494.803,101.632,469.604,-10,0,stand,nil,walk,nil,1,
r=801,492.559,101.632,494.652,-10,0,stand,nil,walk,nil,1,
r=802,491.539,101.632,516.346,-10,0,stand,nil,walk,nil,1,
r=803,535.968,101.632,516.537,-10,0,stand,nil,walk,nil,1,
r=804,575.628,101.632,516.684,-10,0,stand,nil,walk,nil,1,
r=805,575.893,101.632,485.019,-10,0,stand,nil,walk,nil,1,
r=806,575.569,101.632,456.994,-10,0,stand,nil,walk,nil,1,
r=19,574.911,101.632,423.509,-10,0,stand,nil,walk,nil,1,
r=20,574.109,101.632,404.896,-10,0,stand,nil,walk,nil,1,
r=31,553.094,101.632,403.517,-10,0,stand,nil,walk,nil,1,
r=808,525.071,101.632,403.783,-10,0,stand,nil,walk,nil,1,
r=32,495.409,101.632,404.711,-10,0,stand,nil,walk,nil,1,

[AI_jzt_16]
r=799,496.08,101.632,447.362,-10,0,stand,nil,walk,nil,1,
r=800,494.803,101.632,469.604,-10,0,stand,nil,walk,nil,1,
r=801,492.559,101.632,494.652,-10,0,stand,nil,walk,nil,1,
r=802,491.539,101.632,516.346,-10,0,stand,nil,walk,nil,1,
r=803,535.968,101.632,516.537,-10,0,stand,nil,walk,nil,1,
r=804,575.628,101.632,516.684,-10,0,stand,nil,walk,nil,1,
r=805,575.893,101.632,485.019,-10,0,stand,nil,walk,nil,1,
r=806,575.569,101.632,456.994,-10,0,stand,nil,walk,nil,1,
r=19,574.911,101.632,423.509,-10,0,stand,nil,walk,nil,1,
r=20,574.109,101.632,404.896,-10,0,stand,nil,walk,nil,1,
r=31,553.094,101.632,403.517,-10,0,stand,nil,walk,nil,1,
r=808,525.071,101.632,403.783,-10,0,stand,nil,walk,nil,1,
r=32,495.409,101.632,404.711,-10,0,stand,nil,walk,nil,1,
r=798,495.347,101.632,428.416,-10,0,stand,nil,walk,nil,1,

[AI_jzt_17]
r=800,494.803,101.632,469.604,-10,0,stand,nil,walk,nil,1,
r=801,492.559,101.632,494.652,-10,0,stand,nil,walk,nil,1,
r=802,491.539,101.632,516.346,-10,0,stand,nil,walk,nil,1,
r=803,535.968,101.632,516.537,-10,0,stand,nil,walk,nil,1,
r=804,575.628,101.632,516.684,-10,0,stand,nil,walk,nil,1,
r=805,575.893,101.632,485.019,-10,0,stand,nil,walk,nil,1,
r=806,575.569,101.632,456.994,-10,0,stand,nil,walk,nil,1,
r=19,574.911,101.632,423.509,-10,0,stand,nil,walk,nil,1,
r=20,574.109,101.632,404.896,-10,0,stand,nil,walk,nil,1,
r=31,553.094,101.632,403.517,-10,0,stand,nil,walk,nil,1,
r=808,525.071,101.632,403.783,-10,0,stand,nil,walk,nil,1,
r=32,495.409,101.632,404.711,-10,0,stand,nil,walk,nil,1,
r=798,495.347,101.632,428.416,-10,0,stand,nil,walk,nil,1,
r=799,496.08,101.632,447.362,-10,0,stand,nil,walk,nil,1,

[AI_jzt_18]
r=801,492.559,101.632,494.652,-10,0,stand,nil,walk,nil,1,
r=802,491.539,101.632,516.346,-10,0,stand,nil,walk,nil,1,
r=803,535.968,101.632,516.537,-10,0,stand,nil,walk,nil,1,
r=804,575.628,101.632,516.684,-10,0,stand,nil,walk,nil,1,
r=805,575.893,101.632,485.019,-10,0,stand,nil,walk,nil,1,
r=806,575.569,101.632,456.994,-10,0,stand,nil,walk,nil,1,
r=19,574.911,101.632,423.509,-10,0,stand,nil,walk,nil,1,
r=20,574.109,101.632,404.896,-10,0,stand,nil,walk,nil,1,
r=31,553.094,101.632,403.517,-10,0,stand,nil,walk,nil,1,
r=808,525.071,101.632,403.783,-10,0,stand,nil,walk,nil,1,
r=32,495.409,101.632,404.711,-10,0,stand,nil,walk,nil,1,
r=798,495.347,101.632,428.416,-10,0,stand,nil,walk,nil,1,
r=799,496.08,101.632,447.362,-10,0,stand,nil,walk,nil,1,
r=800,494.803,101.632,469.604,-10,0,stand,nil,walk,nil,1,

[AI_jzt_19]
r=802,491.539,101.632,516.346,-10,0,stand,nil,walk,nil,1,
r=803,535.968,101.632,516.537,-10,0,stand,nil,walk,nil,1,
r=804,575.628,101.632,516.684,-10,0,stand,nil,walk,nil,1,
r=805,575.893,101.632,485.019,-10,0,stand,nil,walk,nil,1,
r=806,575.569,101.632,456.994,-10,0,stand,nil,walk,nil,1,
r=19,574.911,101.632,423.509,-10,0,stand,nil,walk,nil,1,
r=20,574.109,101.632,404.896,-10,0,stand,nil,walk,nil,1,
r=31,553.094,101.632,403.517,-10,0,stand,nil,walk,nil,1,
r=808,525.071,101.632,403.783,-10,0,stand,nil,walk,nil,1,
r=32,495.409,101.632,404.711,-10,0,stand,nil,walk,nil,1,
r=798,495.347,101.632,428.416,-10,0,stand,nil,walk,nil,1,
r=799,496.08,101.632,447.362,-10,0,stand,nil,walk,nil,1,
r=800,494.803,101.632,469.604,-10,0,stand,nil,walk,nil,1,
r=801,492.559,101.632,494.652,-10,0,stand,nil,walk,nil,1,

[AI_jzt_20]
r=805,575.893,101.632,485.019,-10,0,stand,nil,walk,nil,1,
r=26,577.326,101.632,497.907,-10,0,stand,nil,walk,nil,1,
r=28,602.848,101.632,498.245,-10,0,stand,nil,walk,nil,1,
r=15,635.162,101.632,496.374,-10,0,stand,nil,walk,nil,1,
r=17,633.034,101.632,461.159,-10,0,stand,nil,walk,nil,1,
r=18,635.038,101.632,443.5,-10,0,stand,nil,walk,nil,1,
r=13,632.257,101.632,422.886,-10,0,stand,nil,walk,nil,1,
r=809,598.772,101.632,423.317,-10,0,stand,nil,walk,nil,1,
r=19,574.911,101.632,423.509,-10,0,stand,nil,walk,nil,1,
r=806,575.569,101.632,456.994,-10,0,stand,nil,walk,nil,1,

[AI_jzt_21]
r=28,602.848,101.632,498.245,-10,0,stand,nil,walk,nil,1,
r=15,635.162,101.632,496.374,-10,0,stand,nil,walk,nil,1,
r=17,633.034,101.632,461.159,-10,0,stand,nil,walk,nil,1,
r=18,635.038,101.632,443.5,-10,0,stand,nil,walk,nil,1,
r=13,632.257,101.632,422.886,-10,0,stand,nil,walk,nil,1,
r=809,598.772,101.632,423.317,-10,0,stand,nil,walk,nil,1,
r=19,574.911,101.632,423.509,-10,0,stand,nil,walk,nil,1,
r=806,575.569,101.632,456.994,-10,0,stand,nil,walk,nil,1,
r=805,575.893,101.632,485.019,-10,0,stand,nil,walk,nil,1,
r=26,577.326,101.632,497.907,-10,0,stand,nil,walk,nil,1,

[AI_jzt_22]
r=17,633.034,101.632,461.159,-10,0,stand,nil,walk,nil,1,
r=18,635.038,101.632,443.5,-10,0,stand,nil,walk,nil,1,
r=13,632.257,101.632,422.886,-10,0,stand,nil,walk,nil,1,
r=809,598.772,101.632,423.317,-10,0,stand,nil,walk,nil,1,
r=19,574.911,101.632,423.509,-10,0,stand,nil,walk,nil,1,
r=806,575.569,101.632,456.994,-10,0,stand,nil,walk,nil,1,
r=805,575.893,101.632,485.019,-10,0,stand,nil,walk,nil,1,
r=26,577.326,101.632,497.907,-10,0,stand,nil,walk,nil,1,
r=28,602.848,101.632,498.245,-10,0,stand,nil,walk,nil,1,
r=15,635.162,101.632,496.374,-10,0,stand,nil,walk,nil,1,

[AI_jzt_23]
r=18,635.038,101.632,443.5,-10,0,stand,nil,walk,nil,1,
r=13,632.257,101.632,422.886,-10,0,stand,nil,walk,nil,1,
r=809,598.772,101.632,423.317,-10,0,stand,nil,walk,nil,1,
r=19,574.911,101.632,423.509,-10,0,stand,nil,walk,nil,1,
r=806,575.569,101.632,456.994,-10,0,stand,nil,walk,nil,1,
r=805,575.893,101.632,485.019,-10,0,stand,nil,walk,nil,1,
r=26,577.326,101.632,497.907,-10,0,stand,nil,walk,nil,1,
r=28,602.848,101.632,498.245,-10,0,stand,nil,walk,nil,1,
r=15,635.162,101.632,496.374,-10,0,stand,nil,walk,nil,1,
r=17,633.034,101.632,461.159,-10,0,stand,nil,walk,nil,1,

[AI_jzt_24]
r=19,574.911,101.632,423.509,-10,0,stand,nil,walk,nil,1,
r=20,574.109,101.632,404.896,-10,0,stand,nil,walk,nil,1,
r=31,553.094,101.632,403.517,-10,0,stand,nil,walk,nil,1,
r=808,525.071,101.632,403.783,-10,0,stand,nil,walk,nil,1,
r=32,495.409,101.632,404.711,-10,0,stand,nil,walk,nil,1,
r=798,495.347,101.632,428.416,-10,0,stand,nil,walk,nil,1,
r=799,496.08,101.632,447.362,-10,0,stand,nil,walk,nil,1,
r=800,494.803,101.632,469.604,-10,0,stand,nil,walk,nil,1,
r=801,492.559,101.632,494.652,-10,0,stand,nil,walk,nil,1,
r=802,491.539,101.632,516.346,-10,0,stand,nil,walk,nil,1,
r=803,535.968,101.632,516.537,-10,0,stand,nil,walk,nil,1,
r=804,575.628,101.632,516.684,-10,0,stand,nil,walk,nil,1,
r=805,575.893,101.632,485.019,-10,0,stand,nil,walk,nil,1,
r=806,575.569,101.632,456.994,-10,0,stand,nil,walk,nil,1,

[AI_jzt_25]
r=805,575.893,101.632,485.019,-10,0,stand,nil,walk,nil,1,
r=806,575.569,101.632,456.994,-10,0,stand,nil,walk,nil,1,
r=19,574.911,101.632,423.509,-10,0,stand,nil,walk,nil,1,
r=20,574.109,101.632,404.896,-10,0,stand,nil,walk,nil,1,
r=31,553.094,101.632,403.517,-10,0,stand,nil,walk,nil,1,
r=808,525.071,101.632,403.783,-10,0,stand,nil,walk,nil,1,
r=32,495.409,101.632,404.711,-10,0,stand,nil,walk,nil,1,
r=798,495.347,101.632,428.416,-10,0,stand,nil,walk,nil,1,
r=799,496.08,101.632,447.362,-10,0,stand,nil,walk,nil,1,
r=800,494.803,101.632,469.604,-10,0,stand,nil,walk,nil,1,
r=801,492.559,101.632,494.652,-10,0,stand,nil,walk,nil,1,
r=802,491.539,101.632,516.346,-10,0,stand,nil,walk,nil,1,
r=803,535.968,101.632,516.537,-10,0,stand,nil,walk,nil,1,
r=804,575.628,101.632,516.684,-10,0,stand,nil,walk,nil,1,

[AI_jzt_26]
r=803,535.968,101.632,516.537,-10,0,stand,nil,walk,nil,1,
r=804,575.628,101.632,516.684,-10,0,stand,nil,walk,nil,1,
r=805,575.893,101.632,485.019,-10,0,stand,nil,walk,nil,1,
r=806,575.569,101.632,456.994,-10,0,stand,nil,walk,nil,1,
r=19,574.911,101.632,423.509,-10,0,stand,nil,walk,nil,1,
r=20,574.109,101.632,404.896,-10,0,stand,nil,walk,nil,1,
r=31,553.094,101.632,403.517,-10,0,stand,nil,walk,nil,1,
r=808,525.071,101.632,403.783,-10,0,stand,nil,walk,nil,1,
r=32,495.409,101.632,404.711,-10,0,stand,nil,walk,nil,1,
r=798,495.347,101.632,428.416,-10,0,stand,nil,walk,nil,1,
r=799,496.08,101.632,447.362,-10,0,stand,nil,walk,nil,1,
r=800,494.803,101.632,469.604,-10,0,stand,nil,walk,nil,1,
r=801,492.559,101.632,494.652,-10,0,stand,nil,walk,nil,1,
r=802,491.539,101.632,516.346,-10,0,stand,nil,walk,nil,1,

[AI_jzt_27]
r=804,575.628,101.632,516.684,-10,0,stand,nil,walk,nil,1,
r=805,575.893,101.632,485.019,-10,0,stand,nil,walk,nil,1,
r=806,575.569,101.632,456.994,-10,0,stand,nil,walk,nil,1,
r=19,574.911,101.632,423.509,-10,0,stand,nil,walk,nil,1,
r=20,574.109,101.632,404.896,-10,0,stand,nil,walk,nil,1,
r=31,553.094,101.632,403.517,-10,0,stand,nil,walk,nil,1,
r=808,525.071,101.632,403.783,-10,0,stand,nil,walk,nil,1,
r=32,495.409,101.632,404.711,-10,0,stand,nil,walk,nil,1,
r=798,495.347,101.632,428.416,-10,0,stand,nil,walk,nil,1,
r=799,496.08,101.632,447.362,-10,0,stand,nil,walk,nil,1,
r=800,494.803,101.632,469.604,-10,0,stand,nil,walk,nil,1,
r=801,492.559,101.632,494.652,-10,0,stand,nil,walk,nil,1,
r=802,491.539,101.632,516.346,-10,0,stand,nil,walk,nil,1,
r=803,535.968,101.632,516.537,-10,0,stand,nil,walk,nil,1,

[AI_jzt_28]
r=11,675.916,101.632,418.543,-10,0,stand,nil,walk,nil,1,
r=5,689.779,101.632,418.762,-10,0,stand,nil,walk,nil,1,
r=4,698.6,101.491,418.791,-10,0,stand,nil,walk,nil,1,
r=3,710.567,106.806,418.812,-10,0,stand,nil,walk,nil,1,
r=1,724.765,101.491,418.931,-10,0,stand,nil,walk,nil,1,
r=2,734.81,101.641,418.837,-10,0,stand,nil,walk,nil,1,
r=52,751.137,101.632,419.374,-10,0,stand,nil,walk,nil,1,
r=215,740.048,101.632,451.524,-10,0,stand,nil,walk,nil,1,
r=214,743.861,101.633,476.594,-10,0,stand,nil,walk,nil,1,
r=213,736.143,101.632,505.734,-10,0,stand,nil,walk,nil,1,
r=8,723.169,101.634,501.889,-10,0,stand,nil,walk,nil,1,
r=7,712.644,101.632,500.626,-10,0,stand,nil,walk,nil,1,
r=6,703.341,106.604,500.005,-10,0,stand,nil,walk,nil,1,
r=9,690.239,101.867,499.397,-10,0,stand,nil,walk,nil,1,
r=10,675.613,101.632,497.756,-10,0,stand,nil,walk,nil,1,
r=14,662.722,101.632,498.723,-10,0,stand,nil,walk,nil,1,
r=15,635.162,101.632,496.374,-10,0,stand,nil,walk,nil,1,
r=17,633.034,101.632,461.159,-10,0,stand,nil,walk,nil,1,
r=18,635.038,101.632,443.5,-10,0,stand,nil,walk,nil,1,
r=13,632.257,101.632,422.886,-10,0,stand,nil,walk,nil,1,
r=12,658.412,101.632,422.412,-10,0,stand,nil,walk,nil,1,

[AI_jzt_29]
r=3,710.567,106.806,418.812,-10,0,stand,nil,walk,nil,1,
r=1,724.765,101.491,418.931,-10,0,stand,nil,walk,nil,1,
r=2,734.81,101.641,418.837,-10,0,stand,nil,walk,nil,1,
r=52,751.137,101.632,419.374,-10,0,stand,nil,walk,nil,1,
r=215,740.048,101.632,451.524,-10,0,stand,nil,walk,nil,1,
r=214,743.861,101.633,476.594,-10,0,stand,nil,walk,nil,1,
r=213,736.143,101.632,505.734,-10,0,stand,nil,walk,nil,1,
r=8,723.169,101.634,501.889,-10,0,stand,nil,walk,nil,1,
r=7,712.644,101.632,500.626,-10,0,stand,nil,walk,nil,1,
r=6,703.341,106.604,500.005,-10,0,stand,nil,walk,nil,1,
r=9,690.239,101.867,499.397,-10,0,stand,nil,walk,nil,1,
r=10,675.613,101.632,497.756,-10,0,stand,nil,walk,nil,1,
r=14,662.722,101.632,498.723,-10,0,stand,nil,walk,nil,1,
r=15,635.162,101.632,496.374,-10,0,stand,nil,walk,nil,1,
r=17,633.034,101.632,461.159,-10,0,stand,nil,walk,nil,1,
r=18,635.038,101.632,443.5,-10,0,stand,nil,walk,nil,1,
r=13,632.257,101.632,422.886,-10,0,stand,nil,walk,nil,1,
r=12,658.412,101.632,422.412,-10,0,stand,nil,walk,nil,1,
r=11,675.916,101.632,418.543,-10,0,stand,nil,walk,nil,1,
r=5,689.779,101.632,418.762,-10,0,stand,nil,walk,nil,1,
r=4,698.6,101.491,418.791,-10,0,stand,nil,walk,nil,1,

[AI_jzt_30]
r=52,751.137,101.632,419.374,-10,0,stand,nil,walk,nil,1,
r=215,740.048,101.632,451.524,-10,0,stand,nil,walk,nil,1,
r=214,743.861,101.633,476.594,-10,0,stand,nil,walk,nil,1,
r=213,736.143,101.632,505.734,-10,0,stand,nil,walk,nil,1,
r=8,723.169,101.634,501.889,-10,0,stand,nil,walk,nil,1,
r=7,712.644,101.632,500.626,-10,0,stand,nil,walk,nil,1,
r=6,703.341,106.604,500.005,-10,0,stand,nil,walk,nil,1,
r=9,690.239,101.867,499.397,-10,0,stand,nil,walk,nil,1,
r=10,675.613,101.632,497.756,-10,0,stand,nil,walk,nil,1,
r=14,662.722,101.632,498.723,-10,0,stand,nil,walk,nil,1,
r=15,635.162,101.632,496.374,-10,0,stand,nil,walk,nil,1,
r=17,633.034,101.632,461.159,-10,0,stand,nil,walk,nil,1,
r=18,635.038,101.632,443.5,-10,0,stand,nil,walk,nil,1,
r=13,632.257,101.632,422.886,-10,0,stand,nil,walk,nil,1,
r=12,658.412,101.632,422.412,-10,0,stand,nil,walk,nil,1,
r=11,675.916,101.632,418.543,-10,0,stand,nil,walk,nil,1,
r=5,689.779,101.632,418.762,-10,0,stand,nil,walk,nil,1,
r=4,698.6,101.491,418.791,-10,0,stand,nil,walk,nil,1,
r=3,710.567,106.806,418.812,-10,0,stand,nil,walk,nil,1,
r=1,724.765,101.491,418.931,-10,0,stand,nil,walk,nil,1,
r=2,734.81,101.641,418.837,-10,0,stand,nil,walk,nil,1,

[AI_jzt_31]
r=8,723.169,101.634,501.889,-10,0,stand,nil,walk,nil,1,
r=7,712.644,101.632,500.626,-10,0,stand,nil,walk,nil,1,
r=6,703.341,106.604,500.005,-10,0,stand,nil,walk,nil,1,
r=9,690.239,101.867,499.397,-10,0,stand,nil,walk,nil,1,
r=10,675.613,101.632,497.756,-10,0,stand,nil,walk,nil,1,
r=14,662.722,101.632,498.723,-10,0,stand,nil,walk,nil,1,
r=15,635.162,101.632,496.374,-10,0,stand,nil,walk,nil,1,
r=17,633.034,101.632,461.159,-10,0,stand,nil,walk,nil,1,
r=18,635.038,101.632,443.5,-10,0,stand,nil,walk,nil,1,
r=13,632.257,101.632,422.886,-10,0,stand,nil,walk,nil,1,
r=12,658.412,101.632,422.412,-10,0,stand,nil,walk,nil,1,
r=11,675.916,101.632,418.543,-10,0,stand,nil,walk,nil,1,
r=5,689.779,101.632,418.762,-10,0,stand,nil,walk,nil,1,
r=4,698.6,101.491,418.791,-10,0,stand,nil,walk,nil,1,
r=3,710.567,106.806,418.812,-10,0,stand,nil,walk,nil,1,
r=1,724.765,101.491,418.931,-10,0,stand,nil,walk,nil,1,
r=2,734.81,101.641,418.837,-10,0,stand,nil,walk,nil,1,
r=52,751.137,101.632,419.374,-10,0,stand,nil,walk,nil,1,
r=215,740.048,101.632,451.524,-10,0,stand,nil,walk,nil,1,
r=214,743.861,101.633,476.594,-10,0,stand,nil,walk,nil,1,
r=213,736.143,101.632,505.734,-10,0,stand,nil,walk,nil,1,

[AI_jzt_32]
r=,657.450562,101.631836,569.647339,-10,0,stand,nil,walk,nil,1,
r=,641.58075,101.631836,569.098145,-10,0,,,,,1,
r=,641.485107,101.631836,553.359192,-10,0,,,,,1,
r=,619.6297,101.631836,556.018127,-10,0,,,,,1,
r=,618.624817,101.631836,570.094238,-10,0,,,,,1,
r=,598.46637,101.631836,569.255127,-10,0,,,,,1,
r=,577.435303,101.631836,567.915771,-10,0,,,,,1,
r=,576.77948,101.631836,541.696533,-10,0,,,,,1,
r=,576.495361,101.631836,530.167297,-10,0,,,,,1,
r=,576.015686,101.631836,498.138,-10,0,,,,,1,

[AI_jzt_33]
r=,530.168579,105.129341,570.006775,-10,0,,,,,1,
r=,528.429749,101.631836,556.32489,-10,0,,,,,1,
r=,518.979919,101.631836,558.09137,-10,0,,,,,1,
r=,514.710083,101.631836,569.197388,-10,0,,,,,1,
r=,491.47171,101.631836,569.022949,-10,0,,,,,1,
r=,490.157715,101.631836,582.731018,-10,0,,,,,1,
r=,489.440765,101.648582,597.357178,-10,0,,,,,1,
r=,489.240417,101.677177,622.600952,-10,0,,,,,1,
r=,489.424194,104.752815,640.052063,-10,0,,,,,1,
r=,489.562744,104.752815,651.171753,-10,0,,,,,1,
r=,489.531708,106.072838,667.777588,-10,0,,,,,1,

[AI_jzt_34]
r=,435.154358,89.837448,539.718445,-10,0,,,,,1,
r=,417.55191,80.158821,540.278198,-10,0,,,,,1,
r=,401.978149,77.02639,540.617126,-10,0,,,,,1,
r=,377.084015,74.446861,540.217468,-10,0,,,,,1,
r=,365.831482,74.446861,539.680664,-10,0,,,,,1,
r=,354.821564,74.409782,531.356445,-10,0,,,,,1,
r=,340.212128,74.364761,511.098602,-10,0,,,,,1,
r=,340.17804,74.368347,497.368774,-10,0,,,,,1,
r=,340.420135,74.364761,486.254395,-10,0,,,,,1,
r=,340.354828,74.403519,461.270691,-10,0,,,,,1,
r=,342.076019,74.403519,443.044891,-10,0,,,,,1,
r=,334.947754,75.508255,440.664673,-10,0,,,,,1,

[AI_jzt_35]
r=,518.658875,103.646782,457.582275,-10,0,,,,,1,
r=,508.30661,101.709496,456.46402,-10,0,,,,,1,
r=,492.038116,101.709496,457.835266,-10,0,,,,,1,
r=,478.855072,101.709496,457.684784,-10,0,,,,,1,
r=,462.16214,101.709496,457.084045,-10,0,,,,,1,
r=,446.95575,101.709496,457.355927,-10,0,,,,,1,
r=,424.013672,93.426727,456.862152,-10,0,,,,,1,
r=,407.420349,87.776192,456.207977,-10,0,,,,,1,
r=,391.091888,78.534004,457.960388,-10,0,,,,,1,
r=,371.751099,74.411285,459.006287,-10,0,,,,,1,
r=,356.059601,74.403511,459.057251,-10,0,,,,,1,
r=,344.508087,74.403519,459.756927,-10,0,,,,,1,
r=,339.553711,74.402695,470.415375,-10,0,,,,,1,
r=,333.579163,74.364761,473.870148,-10,0,,,,,1,
r=,326.266418,74.364761,473.036407,-10,0,,,,,1,
r=,316.259583,74.364761,474.379639,-10,0,,,,,1,
r=,311.765106,75.859779,485.02713,-10,0,,,,,1,

[AI_jzt_36]
r=,316.343262,75.826065,441.148987,-10,0,,,,,1,
r=,303.877014,74.364761,441.485474,-10,0,,,,,1,
r=,293.152832,74.364761,440.937988,-10,0,,,,,1,
r=,295.511749,74.364761,451.580383,-10,0,,,,,1,
r=,284.516357,74.364761,451.726868,-10,0,,,,,1,
r=,273.817352,74.364761,452.296234,-10,0,,,,,1,
r=,271.505981,74.364761,440.627228,-10,0,,,,,1,
r=,258.507751,74.364761,439.444427,-10,0,,,,,1,
r=,254.068573,75.859764,439.753998,-10,0,,,,,1,
r=,248.974365,75.859787,440.414215,-10,0,,,,,1,
r=,243.413727,75.859772,439.745483,-10,0,,,,,1,
r=,237.982529,73.466148,440.375488,-10,0,,,,,1,
r=,230.664642,71.971786,439.531006,-10,0,,,,,1,
r=,220.208664,68.289627,440.493988,-10,0,,,,,1,
r=,208.879333,63.753841,441.551025,-10,0,,,,,1,
r=,200.22168,63.753841,438.044189,-10,0,,,,,1,
r=,200.472366,63.753841,427.731598,-10,0,,,,,1,
r=,199.034348,63.753841,417.338165,-10,0,,,,,1,

[AI_jzt_37]
r=,212.222046,63.751728,455.091431,-10,0,,,,,1,
r=,212.958206,60.186062,466.381256,-10,0,,,,,1,
r=,213.560699,58.035873,473.56073,-10,0,,,,,1,
r=,214.159561,53.581684,484.584534,-10,0,,,,,1,
r=,215.98053,48.630165,497.687805,-10,0,,,,,1,
r=,216.885803,42.193439,516.894043,-10,0,,,,,1,
r=,217.96669,39.381081,525.670166,-10,0,,,,,1,
r=,219.122574,34.219879,543.79303,-10,0,,,,,1,
r=,219.977661,32.385025,549.520752,-10,0,,,,,1,

[AI_jzt_38]
r=,552.027893,101.631836,399.089172,-10,0,,,,,1,
r=,551.412476,101.631836,388.050446,-10,0,,,,,1,
r=,551.125916,101.631836,376.809265,-10,0,,,,,1,
r=,551.446472,101.631836,361.742218,-10,0,,,,,1,
r=,551.838013,101.631836,344.99292,-10,0,,,,,1,
r=,551.408508,101.631836,334.55127,-10,0,,,,,1,
r=,551.728943,101.631836,323.476105,-10,0,,,,,1,
r=,551.234741,101.631836,312.508881,-10,0,,,,,1,
r=,543.189087,101.631836,311.846771,-10,0,,,,,1,
r=,537.19928,101.631836,309.002075,-10,0,,,,,1,
r=,530.404358,103.578514,307.878723,-10,0,,,,,1,

[AI_jzt_39]
r=,530.468628,103.578514,306.730469,-10,0,,,,,1,
r=,538.925171,101.631836,306.781555,-10,0,,,,,1,
r=,543.781921,101.631836,307.2388,-10,0,,,,,1,
r=,556.751953,101.631836,308.012177,-10,0,,,,,1,
r=,566.270935,101.631836,308.133789,-10,0,,,,,1,
r=,581.129211,101.794167,308.021301,-10,0,,,,,1,
r=,592.162048,103.646843,308.403259,-10,0,,,,,1,
r=,598.327515,103.657074,308.184784,-10,0,,,,,1,

[AI_jzt_40]
r=,558.842224,101.631836,350.699066,-10,0,,,,,1,
r=,574.810303,101.631836,351.184265,-10,0,,,,,1,
r=,590.920349,101.631836,351.297882,-10,0,,,,,1,
r=,603.372009,101.631836,351.77655,-10,0,,,,,1,
r=,614.334534,101.870239,352.257538,-10,0,,,,,1,
r=,632.790344,101.870239,352.829468,-10,0,,,,,1,
r=,640.362854,101.870239,349.827118,-10,0,,,,,1,
r=,649.67395,101.870239,347.137482,-10,0,,,,,1,
r=,655.790283,101.870239,350.632629,-10,0,,,,,1,
r=,660.735168,101.870239,354.238098,-10,0,,,,,1,
r=,672.179382,101.870239,346.044098,-10,0,,,,,1,
r=,672.256287,101.898705,333.307068,-10,0,,,,,1,
r=,671.601013,101.898705,322.213226,-10,0,,,,,1,
r=,672.399841,103.646111,304.416229,-10,0,,,,,1,
r=,672.501831,103.646111,293.218994,-10,0,,,,,1,
r=,672.134888,103.646118,287.860474,-10,0,,,,,1,
r=,671.91925,101.823708,279.933563,-10,0,,,,,1,
r=,671.59491,101.823708,273.900635,-10,0,,,,,1,
r=,671.766174,101.823708,266.050964,-10,0,,,,,1,
r=,671.67572,103.377213,257.44101,-10,0,,,,,1,

[AI_jzt_41]
r=,496.140442,138.497482,281.475342,-10,0,,,,,1,
r=,492.774963,137.443817,281.498352,-10,0,,,,,1,
r=,488.768982,137.265167,282.109131,-10,0,,,,,1,
r=,483.233185,137.265106,282.550446,-10,0,,,,,1,
r=,469.632202,137.265106,272.881989,-10,0,,,,,1,
r=,456.177551,137.265106,273.372498,-10,0,,,,,1,
r=,434.093872,137.265106,269.937042,-10,0,,,,,1,
r=,419.671936,137.265106,269.420471,-10,0,,,,,1,
r=,399.411255,135.373627,263.089142,-10,0,,,,,1,
r=,395.955109,135.112305,264.010986,-10,0,,,,,1,
r=,381.66098,132.263351,253.346176,-10,0,,,,,1,
r=,362.772919,124.962639,214.789139,-10,0,,,,,1,
r=,361.625397,123.198685,204.493927,-10,0,,,,,1,
r=,369.229523,118.127151,177.87764,-10,0,,,,,1,
r=,391.226166,109.92955,152.922699,-10,0,,,,,1,
r=,408.290436,103.550133,140.773224,-10,0,,,,,1,

[AI_jzt_42]
r=,485.388062,137.265106,266.240021,-10,0,,,,,1,
r=,475.385468,137.265106,268.316437,-10,0,,,,,1,
r=,467.190399,137.265106,268.343567,-10,0,,,,,1,
r=,453.726837,137.265106,272.733429,-10,0,,,,,1,
r=,443.440765,137.265106,276.036499,-10,0,,,,,1,
r=,438.171112,136.547089,293.854523,-10,0,,,,,1,
r=,440.921753,136.131287,297.839905,-10,0,,,,,1,
r=,447.412354,130.348938,312.742798,-10,0,,,,,1,
r=,460.658905,119.872078,330.190643,-10,0,,,,,1,
r=,468.036163,114.621605,338.354034,-10,0,,,,,1,
r=,477.901672,108.265945,346.659546,-10,0,,,,,1,
r=,487.384674,101.8946,356.211792,-10,0,,,,,1,
r=,492.921387,101.631836,362.628967,-10,0,,,,,1,

[AI_jzt_43]
r=,771.21344,103.677177,419.449677,-10,0,,,,,1,
r=,762.282288,101.631836,419.713135,-10,0,,,,,1,
r=,754.575989,101.631836,417.566284,-10,0,,,,,1,
r=,751.295105,101.648857,405.370148,-10,0,,,,,1,
r=,749.578918,101.647995,384.505524,-10,0,,,,,1,
r=,748.460693,101.631836,374.046478,-10,0,,,,,1,
r=,752.875977,101.661385,364.432678,-10,0,,,,,1,
r=,760.621277,101.63562,347.937531,-10,0,,,,,1,

[AI_jzt_44]
r=,756.220764,106.37175,212.401184,-10,0,,,,,1,
r=,761.768127,104.744324,212.679581,-10,0,,,,,1,
r=,766.782776,104.260277,213.746658,-10,0,,,,,1,
r=,770.274048,103.736008,213.073608,-10,0,,,,,1,
r=,773.703613,103.202324,214.746735,-10,0,,,,,1,
r=,779.571167,102.316704,216.649063,-10,0,,,,,1,
r=,780.844055,102.105499,217.728806,-10,0,,,,,1,
r=,786.261292,101.631836,225.181259,-10,0,,,,,1,

[AI_jzt_45]
r=,732.787903,104.745018,223.765472,-10,0,,,,,1,
r=,740.768982,104.745018,222.638565,-10,0,,,,,1,
r=,748.199219,104.745018,222.634003,-10,0,,,,,1,
r=,759.025391,104.74485,221.282104,-10,0,,,,,1,
r=,764.36499,104.454475,218.038177,-10,0,,,,,1,
r=,765.565674,104.399567,214.820023,-10,0,,,,,1,

[AI_jzt_46]
r=,749.979553,103.400581,580.286804,-10,0,,,,,1,
r=,746.140198,101.631836,581.869995,-10,0,,,,,1,
r=,739.078369,101.631836,580.381714,-10,0,,,,,1,
r=,737.130798,101.631836,595.144043,-10,0,,,,,1,
r=,738.187195,101.631836,589.083618,-10,0,,,,,1,
r=,736.563232,101.631836,599.634888,-10,0,,,,,1,
r=,736.704041,101.631836,609.752258,-10,0,,,,,1,
r=,736.374512,101.631836,617.922852,-10,0,,,,,1,
r=,744.673584,101.631836,629.585632,-10,0,,,,,1,
r=,754.241272,101.631836,641.063354,-10,0,,,,,1,

[AI_jzt_47]
r=,769.18158,101.459427,672.624207,-10,0,,,,,1,
r=,783.398254,91.881752,697.530518,-10,0,,,,,1,
r=,802.032104,81.929001,718.536133,-10,0,,,,,1,
r=,825.128174,72.380005,731.209167,-10,0,,,,,1,
r=,852.095947,62.492004,737.890564,-10,0,,,,,1,
r=,876.016785,53.234001,740.675659,-10,0,,,,,1,
r=,896.100769,43.968937,735.302917,-10,0,,,,,1,
r=,902.969482,40.834118,732.91449,-10,0,,,,,1,
r=,911.671631,36.293259,731.093933,-10,0,,,,,1,
r=,924.067017,30.235876,726.863464,-10,0,,,,,1,
r=,941.260254,20.846514,719.564941,-10,0,,,,,1,

[AI_jzt_48]
r=,968.794434,12.240499,666.508606,-10,0,,,,,1,
r=,973.363037,12.201717,669.755432,-10,0,,,,,1,
r=,976.917908,12.201717,672.543091,-10,0,,,,,1,
r=,979.503906,12.199833,673.897583,-10,0,,,,,1,
r=,984.760193,12.200717,672.231384,-10,0,,,,,1,
r=,985.27832,12.202759,667.573914,-10,0,,,,,1,
r=,985.170837,12.202843,664.399231,-10,0,,,,,1,
r=,984.032593,12.201717,661.491638,-10,0,,,,,1,

[AI_jzt_49]
r=,533.868896,103.722496,679.178528,-10,0,,,,,1,
r=,540.173645,103.215775,679.125183,-10,0,,,,,1,
r=,547.479309,103.461342,679.704956,-10,0,,,,,1,
r=,556.300476,103.456345,679.208435,-10,0,,,,,1,
r=,562.449585,103.456345,679.186157,-10,0,,,,,1,
r=,564.007263,103.456345,680.92627,-10,0,,,,,1,
r=,563.831299,104.411224,687.863525,-10,0,,,,,1,
r=,563.724792,104.595734,693.943726,-10,0,,,,,1,
r=,563.715637,104.595734,698.020569,-10,0,,,,,1,
r=,563.619385,104.595741,705.425903,-10,0,,,,,1,

[AI_jzt_50]
r=,570.55719,104.595741,706.518433,-10,0,,,,,1,
r=,573.909302,104.595741,706.317932,-10,0,,,,,1,
r=,576.442749,104.595741,706.160767,-10,0,,,,,1,
r=,581.197571,104.595741,706.161133,-10,0,,,,,1,
r=,585.802612,104.595741,706.302246,-10,0,,,,,1,
r=,595.78833,103.432961,706.630188,-10,0,,,,,1,
r=,600.236938,103.432961,705.989929,-10,0,,,,,1,
r=,601.146973,103.432961,699.813049,-10,0,,,,,1,
r=,610.932434,103.432961,698.983765,-10,0,,,,,1,

[AI_jzt_51]
r=,149.805023,-0.222,618.063416,-10,0,,,,,1,
r=,150.936096,-4.001,627.880493,-10,0,,,,,1,
r=,151.073746,-2.312,634.014465,-10,0,,,,,1,
r=,141.705124,-2.312,635.061768,-10,0,,,,,1,
r=,133.305511,-4.001,635.618347,-10,0,,,,,1,
r=,132.915176,-4.001,628.513123,-10,0,,,,,1,
r=,125.457184,-2.309698,629.054138,0,0,stand,nil,walk,nil,1,
r=,121.766235,-2.3097,626.372742,0,0,stand,nil,walk,nil,1,
r=,118.615097,-2.309706,621.891113,0,0,stand,nil,walk,nil,1,
r=,125.785011,-3.467801,617.656616,0,0,stand,nil,walk,nil,1,

[AI_jzt_52]
r=,114.08033,-2.731378,559.138306,-10,0,,,,,1,
r=,120.330803,-3.159528,539.992798,-10,0,,,,,1,
r=,123.646248,-2.78306,527.161499,-10,0,,,,,1,
r=,129.96637,-2.085958,513.330566,-10,0,,,,,1,
r=,140.112259,-0.372554,503.31134,-10,0,,,,,1,
r=,147.456665,-0.245125,506.541931,-10,0,,,,,1,
r=,147.738586,0.406609,524.759338,-10,0,,,,,1,
r=,146.007538,-0.830949,536.690979,-10,0,,,,,1,
r=,143.237976,-0.327711,546.188965,-10,0,,,,,1,

[AI_jzt_53]
r=,136.473953,89.721725,325.016998,-10,0,,,,,1,
r=,142.862701,89.721725,326.869629,-10,0,,,,,1,
r=,152.072983,89.721718,324.795502,-10,0,,,,,1,
r=,159.641006,89.721718,319.4711,-10,0,,,,,1,
r=,165.907059,89.721718,309.672516,-10,0,,,,,1,

[AI_jzt_54]
r=,158.045227,91.486855,294.171356,-10,0,,,,,1,
r=,152.74028,90.929565,294.454773,-10,0,,,,,1,
r=,145.833359,89.177811,293.823547,-10,0,,,,,1,
r=,139.864746,89.326866,293.75238,-10,0,,,,,1,
r=,136.557037,89.326866,293.004822,-10,0,,,,,1,
r=,136.592407,89.339394,286.750946,-10,0,,,,,1,
r=,136.497833,87.929764,280.569916,-10,0,,,,,1,
r=,136.284698,87.929764,274.268585,-10,0,,,,,1,
r=,136.245636,89.721725,265.704224,-10,0,,,,,1,
r=,141.331985,89.721725,261.49942,-10,0,,,,,1,
r=,147.934128,89.721725,262.278564,-10,0,,,,,1,
r=,153.233795,89.721725,264.614868,-10,0,,,,,1,

[AI_jzt_56]
r=,420.618225,68.493629,76.26976,-10,0,,,,,1,
r=,420.100342,68.493629,69.948723,-10,0,,,,,1,
r=,412.499146,68.316055,63.995796,-10,0,,,,,1,
r=,411.082306,67.396828,54.330502,-10,0,,,,,1,
r=,406.637421,65.078415,41.849297,-10,0,,,,,1,
r=,389.27063,62.246063,35.252022,-10,0,,,,,1,
r=,378.483246,60.473427,33.640053,-10,0,,,,,1,
r=,371.81781,59.216755,34.156258,-10,0,,,,,1,
r=,346.800659,54.268776,40.028931,-10,0,,,,,1,
r=,327.157898,51.950039,46.132801,-10,0,,,,,1,

[AI_jzt_57]
r=,840.786072,106.838013,50.332954,-10,0,,,,,1,
r=,840.573792,105.280235,46.9688,-10,0,,,,,1,
r=,841.312622,105.280235,41.263657,-10,0,,,,,1,
r=,842.107483,105.245811,28.749197,-10,0,,,,,1,
r=,843.424744,105.245811,19.48601,-10,0,,,,,1,
r=,837.885925,105.245811,18.368578,-10,0,,,,,1,
r=,836.633789,105.245811,13.530324,-10,0,,,,,1,
r=,836.544128,106.345818,6.579877,-10,0,,,,,1,

[AI_jzt_58]
r=,808.10907,105.245811,19.618271,-10,0,,,,,1,
r=,798.896667,105.245811,21.076715,-10,0,,,,,1,
r=,794.055908,105.245811,28.063835,-10,0,,,,,1,
r=,788.354248,105.245811,32.801643,-10,0,,,,,1,
r=,781.18927,105.245811,32.615513,-10,0,,,,,1,
r=,767.79718,105.256279,30.201675,-10,0,,,,,1,
r=,763.954773,105.245827,27.559206,-10,0,,,,,1,
r=,758.28949,105.245827,24.959412,-10,0,,,,,1,
r=,758.862427,105.245811,16.911028,-10,0,,,,,1,
r=,764.681519,105.245842,13.802501,-10,0,,,,,1,

[AI_jzt_59]
r=,740.443726,106.312561,22.843695,-10,0,,,,,1,
r=,742.844055,105.245811,22.91334,-10,0,,,,,1,
r=,748.204224,105.245811,23.697378,-10,0,,,,,1,
r=,754.823792,105.245811,22.293547,-10,0,,,,,1,
r=,770.224365,105.245811,30.33342,-10,0,,,,,1,
r=,775.079346,105.245811,32.082592,-10,0,,,,,1,
r=,785.97876,105.245811,32.173347,-10,0,,,,,1,
r=,793.965454,105.245811,33.945015,-10,0,,,,,1,
r=,795.762024,105.261124,38.092247,-10,0,,,,,1,
r=,798.423706,105.266594,41.300587,-10,0,,,,,1,
r=,801.861145,105.249252,44.208881,-10,0,,,,,1,
r=,808.450806,106.389496,45.509201,-10,0,,,,,1,

[AI_jzt_60]
r=,1123.094116,61.503914,95.481171,-10,0,,,,,1,
r=,1121.703247,60.550732,103.513069,-10,0,,,,,1,
r=,1120.482422,60.550732,110.011292,-10,0,,,,,1,
r=,1108.105347,60.550732,107.718597,-10,0,,,,,1,
r=,1099.209839,60.550732,106.589912,-10,0,,,,,1,
r=,1098.707031,60.550732,107.336189,-10,0,,,,,1,
r=,1092.611816,60.550732,107.107155,-10,0,,,,,1,
r=,1087.436279,60.550732,108.443283,-10,0,,,,,1,
r=,1083.152832,60.550732,98.186996,-10,0,,,,,1,
r=,1073.86792,60.550732,90.175583,-10,0,,,,,1,

[AI_jzt_61]
r=,1059.822632,57.310452,163.8909,-10,0,,,,,1,
r=,1054.211548,55.753212,164.102829,-10,0,,,,,1,
r=,1043.263672,55.753212,164.221695,-10,0,,,,,1,
r=,1036.789673,55.892776,162.506744,-10,0,,,,,1,
r=,1031.581299,55.892776,161.150787,-10,0,,,,,1,
r=,1030.987671,57.324753,153.493744,-10,0,,,,,1,
r=,1032.945679,55.892776,164.944855,-10,0,,,,,1,
r=,1035.346558,55.753212,177.905502,-10,0,,,,,1,
r=,1041.471802,55.753212,189.127014,-10,0,,,,,1,
r=,1042.308838,57.345016,197.263489,-10,0,,,,,1,

[AI_jzt_62]
r=,1355.254761,27.184296,352.103516,-10,0,,,,,1,
r=,1343.118774,27.184296,351.140289,-10,0,,,,,1,
r=,1335.57605,26.401627,349.566864,-10,0,,,,,1,
r=,1342.364136,32.435249,319.172516,-10,0,,,,,1,
r=,1343.19104,37.002731,307.076447,-10,0,,,,,1,
r=,1344.528442,36.942722,296.102966,-10,0,,,,,1,
r=,1353.047974,37.880909,295.345825,-10,0,,,,,1,
r=,1356.994263,37.880913,295.225677,-10,0,,,,,1,

[AI_jzt_63]
r=,1325.651123,37.74091,283.655884,-10,0,,,,,1,
r=,1333.095093,36.942722,284.864288,-10,0,,,,,1,
r=,1341.98938,36.942722,285.238403,-10,0,,,,,1,
r=,1348.138184,36.942722,282.493042,-10,0,,,,,1,
r=,1355.904785,36.942722,273.664429,-10,0,,,,,1,
r=,1359.253174,36.942722,267.854065,-10,0,,,,,1,

[AI_jzt_64]
r=,1343.243286,37.010754,226.373657,-10,0,,,,,1,
r=,1342.96814,36.942722,231.909988,-10,0,,,,,1,
r=,1342.126465,36.942722,235.772339,-10,0,,,,,1,
r=,1342.265747,36.942722,238.47261,-10,0,,,,,1,
r=,1345.781006,36.942722,245.470932,-10,0,,,,,1,
