//r=,x轴,y轴,z轴,在该坐标点朝向,停留时间（毫秒）,动作,nil,运动逻辑,nil,1,

[school14_fly01]
r=,-192.541,356.378,-280.929,-2.615,10000,stand,nil,walk,nil,1,
r=,-192.541,366.378,-280.929,-2.615,0,stand,nil,walk,nil,1,
r=,-192.541,376.378,-280.929,-2.615,0,stand,nil,walk,nil,1,
r=,-192.541,386.105,-280.929,-2.615,10000,stand,nil,walk,nil,1,

[school14_fly02]
r=,-298.594,356.394,-281.206,2.615,10000,stand,nil,walk,nil,1,
r=,-298.594,366.394,-281.206,2.615,0,stand,nil,walk,nil,1,
r=,-298.594,376.394,-281.206,2.615,0,stand,nil,walk,nil,1,
r=,-298.594,386.105,-281.206,2.615,10000,stand,nil,walk,nil,1,

[AI_GM_001]
r=,-272.169250,351.866699,-360.729462,0,0,stand,nil,walk,nil,1,
r=,-264.713867,351.866699,-350.354431,0,0,stand,nil,walk,nil,1,
r=,-251.179871,351.866425,-346.087280,0,0,stand,nil,walk,nil,1,
r=,-239.419525,351.866425,-346.349823,0,0,stand,nil,walk,nil,1,
r=,-226.437988,351.866425,-347.847839,0,0,stand,nil,walk,nil,1,
r=,-216.567490,351.866425,-358.060425,0,0,stand,nil,walk,nil,1,
r=,-210.360977,351.866699,-369.068695,0,0,stand,nil,walk,nil,1,
r=,-207.579575,351.866699,-382.145844,0,0,stand,nil,walk,nil,1,
r=,-210.846848,351.866699,-394.848328,0,0,stand,nil,walk,nil,1,
r=,-215.940308,351.866699,-403.896179,0,0,stand,nil,walk,nil,1,
r=,-226.364853,351.866699,-413.616608,0,0,stand,nil,walk,nil,1,
r=,-239.523285,351.866699,-416.719971,0,0,stand,nil,walk,nil,1,
r=,-250.206528,351.866699,-416.388214,0,0,stand,nil,walk,nil,1,
r=,-263.661530,351.866699,-413.813965,0,0,stand,nil,walk,nil,1,
r=,-273.703033,351.866699,-404.262909,0,0,stand,nil,walk,nil,1,
r=,-279.452881,351.866699,-393.950500,0,0,stand,nil,walk,nil,1,
r=,-282.014648,351.866699,-382.697357,0,0,stand,nil,walk,nil,1,
r=,-278.074371,351.866699,-368.519043,0,0,stand,nil,walk,nil,1,
r=,-272.000763,351.966644,-360.277252,0,0,stand,nil,walk,nil,1,

[AI_GM_002]
r=,-230.024628,356.393585,-277.924652,0,0,stand,nil,walk,nil,1,
r=,-225.173874,356.393585,-275.679260,0,0,stand,nil,walk,nil,1,
r=,-219.656982,356.393585,-279.461334,0,0,stand,nil,walk,nil,1,
r=,-212.425034,356.393585,-283.330658,0,0,stand,nil,walk,nil,1,
r=,-201.843567,356.393585,-287.877747,0,0,stand,nil,walk,nil,1,
r=,-186.024292,356.393585,-297.799774,0,0,stand,nil,walk,nil,1,
r=,-166.515244,356.393555,-311.600220,0,0,stand,nil,walk,nil,1,
r=,-152.514969,356.402618,-320.236359,0,0,stand,nil,walk,nil,1,
r=,-146.325333,356.393585,-333.052490,0,0,stand,nil,walk,nil,1,
r=,-145.682434,356.393890,-362.625885,0,0,stand,nil,walk,nil,1,
r=,-145.258194,356.393890,-381.414764,0,0,stand,nil,walk,nil,1,
r=,-145.638000,356.393890,-397.363708,0,0,stand,nil,walk,nil,1,
r=,-145.436600,356.393890,-412.649475,0,0,stand,nil,walk,nil,1,
r=,-145.855087,356.393890,-422.994293,0,0,stand,nil,walk,nil,1,
r=,-145.978073,356.480865,-431.536407,0,0,stand,nil,walk,nil,1,
r=,-159.671280,356.393890,-448.114441,0,0,stand,nil,walk,nil,1,
r=,-168.043808,356.393890,-452.529694,0,0,stand,nil,walk,nil,1,
r=,-183.901535,356.394165,-463.123901,0,0,stand,nil,walk,nil,1,
r=,-204.879547,356.394165,-475.064575,0,0,stand,nil,walk,nil,1,
r=,-226.022141,356.394165,-486.139923,0,0,stand,nil,walk,nil,1,
r=,-238.753342,356.394165,-490.463287,0,0,stand,nil,walk,nil,1,
r=,-255.794312,356.413147,-489.097748,0,0,stand,nil,walk,nil,1,
r=,-280.495392,356.393494,-475.520264,0,0,stand,nil,walk,nil,1,
r=,-309.650055,356.394226,-459.099487,0,0,stand,nil,walk,nil,1,
r=,-337.185608,356.440460,-443.333191,0,0,stand,nil,walk,nil,1,
r=,-344.885132,356.394226,-428.061584,0,0,stand,nil,walk,nil,1,
r=,-343.924103,356.394226,-395.437164,0,0,stand,nil,walk,nil,1,
r=,-344.721069,356.394226,-360.613403,0,0,stand,nil,walk,nil,1,
r=,-343.280701,356.496063,-330.485229,0,0,stand,nil,walk,nil,1,
r=,-337.420319,356.393677,-318.193604,0,0,stand,nil,walk,nil,1,
r=,-312.476868,356.393677,-303.667603,0,0,stand,nil,walk,nil,1,
r=,-290.530151,356.393677,-289.882355,0,0,stand,nil,walk,nil,1,
r=,-256.748474,356.393585,-271.525787,0,0,stand,nil,walk,nil,1,

[AI_GM_003]
r=,-16.940302,356.509338,-306.343109,0,0,stand,nil,walk,nil,1,
r=,-36.460163,356.439514,-306.980072,0,0,stand,nil,walk,nil,1,
r=,-55.929108,356.411499,-306.560974,0,0,stand,nil,walk,nil,1,
r=,-83.247910,356.439087,-307.663330,0,0,stand,nil,walk,nil,1,
r=,-116.821526,356.450653,-307.557709,0,0,stand,nil,walk,nil,1,
r=,-140.345215,356.439087,-320.570404,0,0,stand,nil,walk,nil,1,
r=,-148.768509,356.588074,-325.663391,0,0,stand,nil,walk,nil,1,
r=,-172.795776,356.393433,-339.025940,0,0,stand,nil,walk,nil,1,
r=,-184.066238,356.393616,-345.757782,0,0,stand,nil,walk,nil,1,
r=,-191.513565,353.968170,-350.435425,0,0,stand,nil,walk,nil,1,
r=,-195.858444,354.330048,-352.997803,0,0,stand,nil,walk,nil,1,
r=,-199.908463,354.001862,-355.739746,0,0,stand,nil,walk,nil,1,
r=,-197.959122,353.968750,-365.898895,0,0,stand,nil,walk,nil,1,
r=,-196.922348,353.968750,-375.781555,0,0,stand,nil,walk,nil,1,
r=,-197.387955,353.968781,-389.093628,0,0,stand,nil,walk,nil,1,
r=,-197.467209,353.968750,-393.814606,0,0,stand,nil,walk,nil,1,
r=,-202.134262,353.968719,-402.579651,0,0,stand,nil,walk,nil,1,
r=,-203.299210,353.968689,-407.048798,0,0,stand,nil,walk,nil,1,
r=,-201.663910,354.084259,-411.508270,0,0,stand,nil,walk,nil,1,
r=,-198.380264,353.968567,-415.733154,0,0,stand,nil,walk,nil,1,

[AI_GM_004]
r=,-304.296356,386.153015,-454.952454,0,0,stand,nil,walk,nil,1,
r=,-330.507690,386.153320,-408.818634,0,0,stand,nil,walk,nil,1,
r=,-342.638580,386.153290,-386.804626,0,0,stand,nil,walk,nil,1,
r=,-344.658813,386.153259,-375.197449,0,0,stand,nil,walk,nil,1,
r=,-330.988953,386.153259,-352.480957,0,0,stand,nil,walk,nil,1,
r=,-318.522705,386.153595,-331.086700,0,0,stand,nil,walk,nil,1,
r=,-299.770538,386.153625,-303.346649,0,0,stand,nil,walk,nil,1,
r=,-288.215912,386.323425,-293.696503,0,0,stand,nil,walk,nil,1,
r=,-274.943970,386.153137,-292.778839,0,0,stand,nil,walk,nil,1,
r=,-225.273453,386.152832,-291.899750,0,0,stand,nil,walk,nil,1,
r=,-202.881927,386.152710,-293.149750,0,0,stand,nil,walk,nil,1,
r=,-190.815903,386.152191,-302.926270,0,0,stand,nil,walk,nil,1,
r=,-175.438583,386.151703,-328.383972,0,0,stand,nil,walk,nil,1,
r=,-148.770828,386.150909,-375.435272,0,0,stand,nil,walk,nil,1,
r=,-148.139740,386.151154,-387.987427,0,0,stand,nil,walk,nil,1,
r=,-163.316528,386.151459,-412.421173,0,0,stand,nil,walk,nil,1,
r=,-192.179398,386.152893,-460.769684,0,0,stand,nil,walk,nil,1,
r=,-202.017044,386.152435,-465.518585,0,0,stand,nil,walk,nil,1,
r=,-242.552231,386.152649,-464.696259,0,0,stand,nil,walk,nil,1,
r=,-278.768951,386.152802,-464.342926,0,0,stand,nil,walk,nil,1,
r=,-292.522339,386.153046,-463.304169,0,0,stand,nil,walk,nil,1,
r=,-304.037476,386.252960,-454.887238,0,0,stand,nil,walk,nil,1,

[AI_GM_005]
r=,-321.707153,386.152832,-451.211823,0,0,stand,nil,walk,nil,1,
r=,-321.478729,386.152191,-499.602509,0,0,stand,nil,walk,nil,1,
r=,-321.187256,386.272308,-522.483948,0,0,stand,nil,walk,nil,1,
r=,-320.961365,378.185974,-539.295593,0,0,stand,nil,walk,nil,1,
r=,-320.613220,378.196136,-560.835449,0,0,stand,nil,walk,nil,1,
r=,-320.571960,370.333130,-580.190063,0,0,stand,nil,walk,nil,1,
r=,-320.783051,370.403229,-602.433105,0,0,stand,nil,walk,nil,1,
r=,-320.757996,370.333099,-615.672791,0,0,stand,nil,walk,nil,1,
r=,-279.891144,370.333130,-614.648499,0,0,stand,nil,walk,nil,1,
r=,-251.325882,370.333282,-614.300293,0,0,stand,nil,walk,nil,1,
r=,-248.811783,370.333282,-614.142944,0,0,stand,nil,walk,nil,1,
r=,-248.444107,370.333282,-586.549377,0,0,stand,nil,walk,nil,1,
r=,-248.358383,370.333710,-548.836060,0,0,stand,nil,walk,nil,1,
r=,-247.809967,363.581940,-533.133667,0,0,stand,nil,walk,nil,1,
r=,-248.187149,363.771515,-520.266235,0,0,stand,nil,walk,nil,1,
r=,-248.518341,356.453705,-495.746918,0,0,stand,nil,walk,nil,1,
r=,-248.819534,356.393921,-452.258972,0,0,stand,nil,walk,nil,1,
r=,-241.290665,356.393921,-452.237091,0,0,stand,nil,walk,nil,1,
r=,-239.993881,356.394165,-496.774750,0,0,stand,nil,walk,nil,1,
r=,-238.737366,363.221497,-519.120789,0,0,stand,nil,walk,nil,1,
r=,-239.458771,369.558014,-544.869934,0,0,stand,nil,walk,nil,1,
r=,-239.696106,370.333282,-601.366516,0,0,stand,nil,walk,nil,1,
r=,-239.861176,370.333282,-613.100647,0,0,stand,nil,walk,nil,1,
r=,-182.663254,370.333282,-613.057495,0,0,stand,nil,walk,nil,1,
r=,-168.719666,370.333282,-612.831543,0,0,stand,nil,walk,nil,1,
r=,-168.922211,370.499084,-573.274231,0,0,stand,nil,walk,nil,1,
r=,-169.421402,378.433624,-561.529663,0,0,stand,nil,walk,nil,1,
r=,-168.946213,378.389282,-536.699707,0,0,stand,nil,walk,nil,1,
r=,-169.302032,386.330963,-524.479797,0,0,stand,nil,walk,nil,1,
r=,-168.870117,386.271667,-509.415741,0,0,stand,nil,walk,nil,1,
r=,-168.741928,386.152435,-477.543488,0,0,stand,nil,walk,nil,1,
r=,-168.743881,386.152466,-457.962280,0,0,stand,nil,walk,nil,1,

[AI_GM_006]
r=,-272.000763,351.966644,-360.277252,0,0,stand,nil,walk,nil,1,
r=,-278.074371,351.866699,-368.519043,0,0,stand,nil,walk,nil,1,
r=,-282.014648,351.866699,-382.697357,0,0,stand,nil,walk,nil,1,
r=,-279.452881,351.866699,-393.950500,0,0,stand,nil,walk,nil,1,
r=,-273.703033,351.866699,-404.262909,0,0,stand,nil,walk,nil,1,
r=,-263.661530,351.866699,-413.813965,0,0,stand,nil,walk,nil,1,
r=,-250.206528,351.866699,-416.388214,0,0,stand,nil,walk,nil,1,
r=,-239.523285,351.866699,-416.719971,0,0,stand,nil,walk,nil,1,
r=,-226.364853,351.866699,-413.616608,0,0,stand,nil,walk,nil,1,
r=,-215.940308,351.866699,-403.896179,0,0,stand,nil,walk,nil,1,
r=,-210.846848,351.866699,-394.848328,0,0,stand,nil,walk,nil,1,
r=,-207.579575,351.866699,-382.145844,0,0,stand,nil,walk,nil,1,
r=,-210.360977,351.866699,-369.068695,0,0,stand,nil,walk,nil,1,
r=,-216.567490,351.866425,-358.060425,0,0,stand,nil,walk,nil,1,
r=,-226.437988,351.866425,-347.847839,0,0,stand,nil,walk,nil,1,
r=,-239.419525,351.866425,-346.349823,0,0,stand,nil,walk,nil,1,
r=,-251.179871,351.866425,-346.087280,0,0,stand,nil,walk,nil,1,
r=,-264.713867,351.866699,-350.354431,0,0,stand,nil,walk,nil,1,
r=,-272.169250,351.866699,-360.729462,0,0,stand,nil,walk,nil,1,

[AI_GM_007]
r=,-256.748474,356.393585,-271.525787,0,0,stand,nil,walk,nil,1,
r=,-290.530151,356.393677,-289.882355,0,0,stand,nil,walk,nil,1,
r=,-312.476868,356.393677,-303.667603,0,0,stand,nil,walk,nil,1,
r=,-337.420319,356.393677,-318.193604,0,0,stand,nil,walk,nil,1,
r=,-343.280701,356.496063,-330.485229,0,0,stand,nil,walk,nil,1,
r=,-344.721069,356.394226,-360.613403,0,0,stand,nil,walk,nil,1,
r=,-343.924103,356.394226,-395.437164,0,0,stand,nil,walk,nil,1,
r=,-344.885132,356.394226,-428.061584,0,0,stand,nil,walk,nil,1,
r=,-337.185608,356.440460,-443.333191,0,0,stand,nil,walk,nil,1,
r=,-309.650055,356.394226,-459.099487,0,0,stand,nil,walk,nil,1,
r=,-280.495392,356.393494,-475.520264,0,0,stand,nil,walk,nil,1,
r=,-255.794312,356.413147,-489.097748,0,0,stand,nil,walk,nil,1,
r=,-238.753342,356.394165,-490.463287,0,0,stand,nil,walk,nil,1,
r=,-226.022141,356.394165,-486.139923,0,0,stand,nil,walk,nil,1,
r=,-204.879547,356.394165,-475.064575,0,0,stand,nil,walk,nil,1,
r=,-183.901535,356.394165,-463.123901,0,0,stand,nil,walk,nil,1,
r=,-168.043808,356.393890,-452.529694,0,0,stand,nil,walk,nil,1,
r=,-159.671280,356.393890,-448.114441,0,0,stand,nil,walk,nil,1,
r=,-145.978073,356.480865,-431.536407,0,0,stand,nil,walk,nil,1,
r=,-145.855087,356.393890,-422.994293,0,0,stand,nil,walk,nil,1,
r=,-145.436600,356.393890,-412.649475,0,0,stand,nil,walk,nil,1,
r=,-145.638000,356.393890,-397.363708,0,0,stand,nil,walk,nil,1,
r=,-145.258194,356.393890,-381.414764,0,0,stand,nil,walk,nil,1,
r=,-145.682434,356.393890,-362.625885,0,0,stand,nil,walk,nil,1,
r=,-146.325333,356.393585,-333.052490,0,0,stand,nil,walk,nil,1,
r=,-152.514969,356.402618,-320.236359,0,0,stand,nil,walk,nil,1,
r=,-166.515244,356.393555,-311.600220,0,0,stand,nil,walk,nil,1,
r=,-186.024292,356.393585,-297.799774,0,0,stand,nil,walk,nil,1,
r=,-201.843567,356.393585,-287.877747,0,0,stand,nil,walk,nil,1,
r=,-212.425034,356.393585,-283.330658,0,0,stand,nil,walk,nil,1,
r=,-219.656982,356.393585,-279.461334,0,0,stand,nil,walk,nil,1,
r=,-225.173874,356.393585,-275.679260,0,0,stand,nil,walk,nil,1,
r=,-230.024628,356.393585,-277.924652,0,0,stand,nil,walk,nil,1,


[AI_GM_008]
r=,-198.380264,353.968567,-415.733154,0,0,stand,nil,walk,nil,1,
r=,-201.663910,354.084259,-411.508270,0,0,stand,nil,walk,nil,1,
r=,-203.299210,353.968689,-407.048798,0,0,stand,nil,walk,nil,1,
r=,-202.134262,353.968719,-402.579651,0,0,stand,nil,walk,nil,1,
r=,-197.467209,353.968750,-393.814606,0,0,stand,nil,walk,nil,1,
r=,-197.387955,353.968781,-389.093628,0,0,stand,nil,walk,nil,1,
r=,-196.922348,353.968750,-375.781555,0,0,stand,nil,walk,nil,1,
r=,-197.959122,353.968750,-365.898895,0,0,stand,nil,walk,nil,1,
r=,-199.908463,354.001862,-355.739746,0,0,stand,nil,walk,nil,1,
r=,-195.858444,354.330048,-352.997803,0,0,stand,nil,walk,nil,1,
r=,-191.513565,353.968170,-350.435425,0,0,stand,nil,walk,nil,1,
r=,-184.066238,356.393616,-345.757782,0,0,stand,nil,walk,nil,1,
r=,-172.795776,356.393433,-339.025940,0,0,stand,nil,walk,nil,1,
r=,-148.768509,356.588074,-325.663391,0,0,stand,nil,walk,nil,1,
r=,-140.345215,356.439087,-320.570404,0,0,stand,nil,walk,nil,1,
r=,-116.821526,356.450653,-307.557709,0,0,stand,nil,walk,nil,1,
r=,-83.247910,356.439087,-307.663330,0,0,stand,nil,walk,nil,1,
r=,-55.929108,356.411499,-306.560974,0,0,stand,nil,walk,nil,1,
r=,-36.460163,356.439514,-306.980072,0,0,stand,nil,walk,nil,1,
r=,-16.940302,356.509338,-306.343109,0,0,stand,nil,walk,nil,1,

[AI_GM_009]
r=,-304.037476,386.252960,-454.887238,0,0,stand,nil,walk,nil,1,
r=,-292.522339,386.153046,-463.304169,0,0,stand,nil,walk,nil,1,
r=,-278.768951,386.152802,-464.342926,0,0,stand,nil,walk,nil,1,
r=,-242.552231,386.152649,-464.696259,0,0,stand,nil,walk,nil,1,
r=,-202.017044,386.152435,-465.518585,0,0,stand,nil,walk,nil,1,
r=,-192.179398,386.152893,-460.769684,0,0,stand,nil,walk,nil,1,
r=,-163.316528,386.151459,-412.421173,0,0,stand,nil,walk,nil,1,
r=,-148.139740,386.151154,-387.987427,0,0,stand,nil,walk,nil,1,
r=,-148.770828,386.150909,-375.435272,0,0,stand,nil,walk,nil,1,
r=,-175.438583,386.151703,-328.383972,0,0,stand,nil,walk,nil,1,
r=,-190.815903,386.152191,-302.926270,0,0,stand,nil,walk,nil,1,
r=,-202.881927,386.152710,-293.149750,0,0,stand,nil,walk,nil,1,
r=,-225.273453,386.152832,-291.899750,0,0,stand,nil,walk,nil,1,
r=,-274.943970,386.153137,-292.778839,0,0,stand,nil,walk,nil,1,
r=,-288.215912,386.323425,-293.696503,0,0,stand,nil,walk,nil,1,
r=,-299.770538,386.153625,-303.346649,0,0,stand,nil,walk,nil,1,
r=,-318.522705,386.153595,-331.086700,0,0,stand,nil,walk,nil,1,
r=,-330.988953,386.153259,-352.480957,0,0,stand,nil,walk,nil,1,
r=,-344.658813,386.153259,-375.197449,0,0,stand,nil,walk,nil,1,
r=,-342.638580,386.153290,-386.804626,0,0,stand,nil,walk,nil,1,
r=,-330.507690,386.153320,-408.818634,0,0,stand,nil,walk,nil,1,
r=,-304.296356,386.153015,-454.952454,0,0,stand,nil,walk,nil,1,

[AI_GM_010]
r=,-168.743881,386.152466,-457.962280,0,0,stand,nil,walk,nil,1,
r=,-168.741928,386.152435,-477.543488,0,0,stand,nil,walk,nil,1,
r=,-168.870117,386.271667,-509.415741,0,0,stand,nil,walk,nil,1,
r=,-169.302032,386.330963,-524.479797,0,0,stand,nil,walk,nil,1,
r=,-168.946213,378.389282,-536.699707,0,0,stand,nil,walk,nil,1,
r=,-169.421402,378.433624,-561.529663,0,0,stand,nil,walk,nil,1,
r=,-168.922211,370.499084,-573.274231,0,0,stand,nil,walk,nil,1,
r=,-168.719666,370.333282,-612.831543,0,0,stand,nil,walk,nil,1,
r=,-182.663254,370.333282,-613.057495,0,0,stand,nil,walk,nil,1,
r=,-239.861176,370.333282,-613.100647,0,0,stand,nil,walk,nil,1,
r=,-239.696106,370.333282,-601.366516,0,0,stand,nil,walk,nil,1,
r=,-239.458771,369.558014,-544.869934,0,0,stand,nil,walk,nil,1,
r=,-238.737366,363.221497,-519.120789,0,0,stand,nil,walk,nil,1,
r=,-239.993881,356.394165,-496.774750,0,0,stand,nil,walk,nil,1,
r=,-241.290665,356.393921,-452.237091,0,0,stand,nil,walk,nil,1,
r=,-248.819534,356.393921,-452.258972,0,0,stand,nil,walk,nil,1,
r=,-248.518341,356.453705,-495.746918,0,0,stand,nil,walk,nil,1,
r=,-248.187149,363.771515,-520.266235,0,0,stand,nil,walk,nil,1,
r=,-247.809967,363.581940,-533.133667,0,0,stand,nil,walk,nil,1,
r=,-248.358383,370.333710,-548.836060,0,0,stand,nil,walk,nil,1,
r=,-248.444107,370.333282,-586.549377,0,0,stand,nil,walk,nil,1,
r=,-248.811783,370.333282,-614.142944,0,0,stand,nil,walk,nil,1,
r=,-251.325882,370.333282,-614.300293,0,0,stand,nil,walk,nil,1,
r=,-279.891144,370.333130,-614.648499,0,0,stand,nil,walk,nil,1,
r=,-320.757996,370.333099,-615.672791,0,0,stand,nil,walk,nil,1,
r=,-320.783051,370.403229,-602.433105,0,0,stand,nil,walk,nil,1,
r=,-320.571960,370.333130,-580.190063,0,0,stand,nil,walk,nil,1,
r=,-320.613220,378.196136,-560.835449,0,0,stand,nil,walk,nil,1,
r=,-320.961365,378.185974,-539.295593,0,0,stand,nil,walk,nil,1,
r=,-321.187256,386.272308,-522.483948,0,0,stand,nil,walk,nil,1,
r=,-321.478729,386.152191,-499.602509,0,0,stand,nil,walk,nil,1,
r=,-321.707153,386.152832,-451.211823,0,0,stand,nil,walk,nil,1,
